EFAC 1.5681 
 GUPPI_GBNCC108247_56774_ 349.6629  56774.6889985804382    0.00   85.28        1
 GUPPI_GBNCC108247_56774_ 349.6629  56774.6894654212135    0.00   66.72        1
 GUPPI_GBNCC108247_56774_ 349.6629  56774.6899322674205    0.00   59.09        1
 GUPPI_GBNCC108624_56776_ 349.2739  56776.7223122916162    0.00  150.70        1
 GUPPI_GBNCC108624_56776_ 349.2739  56776.7227821076746    0.00  165.13        1
 GUPPI_GBNCC108624_56776_ 349.2739  56776.7231894849248    0.00  135.95        1 
 GUPPI_0038-25_57447_6222 377.7200  57447.7204540525936    0.00   56.35        1
 GUPPI_0038-25_57447_6222 324.6600  57447.7204517601475    0.00   35.24        1
 GUPPI_0038-25_57447_6222 377.7200  57447.7210369135673    0.00   46.15        1
 GUPPI_0038-25_57447_6222 324.6600  57447.7210346205501    0.00   33.70        1
 GUPPI_0038-25_57447_6222 377.7200  57447.7216197728967    0.00   49.85        1
 GUPPI_0038-25_57447_6222 324.6600  57447.7216174788447    0.00   35.84        1
 GUPPI_0038-25_57447_6222 377.7200  57447.7220866546621    0.00   65.12        1
 GUPPI_0038-25_57447_6222 324.6600  57447.7220843615569    0.00   35.61        1
C GUPPI_0038-25_57472_7641 377.6870  57472.8870809951051    0.00  448.80        1
C GUPPI_0038-25_57472_7641 324.6600  57472.8870816785465    0.00  284.12        1
C GUPPI_0038-25_57472_7641 377.6870  57472.8873129345195    0.00  545.41        1
 GUPPI_0038-25_57472_7641 324.6600  57472.8873136184684    0.00  168.77        1
C GUPPI_0038-25_57472_7641 377.6870  57472.8875478610262    0.00  363.14        1
 GUPPI_0038-25_57472_7641 324.6600  57472.8875485469560    0.00  225.17        1
C GUPPI_0038-25_57472_7641 377.6870  57472.8877798196323    0.00  492.92        1
 GUPPI_0038-25_57472_7641 324.6600  57472.8877804867974    0.00  229.07        1
 GUPPI_0038-25_57507_5315 376.0400  57507.6157180656368    0.00   38.98        1
 GUPPI_0038-25_57507_5315 324.9630  57507.6157187241996    0.00   64.09        1
 GUPPI_0038-25_57507_5315 376.0400  57507.6166517494791    0.00   33.20        1
 GUPPI_0038-25_57507_5315 324.9630  57507.6166524079265    0.00   60.36        1
 GUPPI_0038-25_57507_5315 376.0400  57507.6175854375171    0.00   38.75        1
 GUPPI_0038-25_57507_5315 324.9630  57507.6175860951756    0.00   62.78        1
 GUPPI_0038-25_57507_5315 376.0400  57507.6183377338429    0.00   55.48        1
 GUPPI_0038-25_57507_5315 324.9630  57507.6183383921351    0.00   88.83        1
 GUPPI_0038-25_57536_4740 325.0109  57536.5490936762821    0.00   64.72        1
C GUPPI_0038-25_57536_4740 377.5390  57536.5500266752453    0.00  342.66        1
 GUPPI_0038-25_57536_4740 325.0109  57536.5500273385082    0.00   63.38        1
C GUPPI_0038-25_57536_4740 377.5390  57536.5509573551776    0.00  357.10        1
 GUPPI_0038-25_57536_4740 325.0109  57536.5509580278930    0.00   56.33        1
 GUPPI_0038-25_57536_4740 325.0109  57536.5517162539368    0.00   90.39        1
C GUPPI_0038-25_57541_5051 325.0109  57541.5877827310948    0.00  513.40        1
 GUPPI_0038-25_57542_4208 374.7449  57542.4876268843996    0.00   79.57        1
 GUPPI_0038-25_57542_4208 325.0109  57542.4876275265183    0.00   57.77        1
 GUPPI_0038-25_57542_4208 374.7449  57542.4885664887477    0.00  106.52        1
 GUPPI_0038-25_57542_4208 325.0109  57542.4885671330257    0.00   70.86        1
 GUPPI_0038-25_57542_4208 374.7449  57542.4894912257138    0.00   87.93        1
 GUPPI_0038-25_57542_4208 325.0109  57542.4894918689979    0.00   57.09        1
 GUPPI_0038-25_57542_4208 374.7449  57542.4902494496953    0.00   83.67        1
 GUPPI_0038-25_57542_4208 325.0109  57542.4902500952006    0.00   58.34        1
C GUPPI_0038-25_57543_4234 377.5910  57543.4905929841548    0.00  466.57        1
 GUPPI_0038-25_57543_4234 325.0580  57543.4905936438599    0.00  157.76        1
C GUPPI_0038-25_57543_4234 377.5910  57543.4915236554188    0.00  395.70        1
 GUPPI_0038-25_57543_4234 325.0580  57543.4915243255556    0.00  149.45        1
C GUPPI_0038-25_57543_4234 377.5910  57543.4924573206191    0.00  481.64        1
 GUPPI_0038-25_57543_4234 325.0580  57543.4924579848928    0.00  176.96        1
C GUPPI_0038-25_57543_4234 377.5910  57543.4932125610631    0.00  448.94        1
 GUPPI_0038-25_57543_4234 325.0580  57543.4932132346278    0.00  163.60        1
 GUPPI_0038-25_57544_3793 377.2399  57544.4396058245398    0.00  110.62        1
 GUPPI_0038-25_57544_3793 325.0109  57544.4396064866981    0.00  172.79        1
 GUPPI_0038-25_57544_3793 377.2399  57544.4404800089135    0.00  180.15        1
 GUPPI_0038-25_57544_3793 325.0109  57544.4404806738447    0.00  131.46        1
 GUPPI_0038-25_57544_3793 377.2399  57544.4414077201324    0.00  128.33        1
 GUPPI_0038-25_57544_3793 325.0109  57544.4414083900662    0.00  236.58        1
 GUPPI_0038-25_57544_3793 377.2399  57544.4421689192978    0.00  156.67        1
C GUPPI_0038-25_57544_3793 325.0109  57544.4421695837203    0.00  277.82        1
C GUPPI_0038-25_57571_3292 375.9970  57571.3815795329790    0.00  314.79        1
 GUPPI_0038-25_57571_3292 325.4440  57571.3815801905888    0.00  209.28        1
C GUPPI_0038-25_57571_3292 375.9970  57571.3825161661203    0.00  511.31        1
C GUPPI_0038-25_57571_3292 325.4440  57571.3825168210577    0.00  272.83        1
C GUPPI_0038-25_57571_3292 375.9970  57571.3834468591297    0.00  300.66        1
C GUPPI_0038-25_57571_3292 325.4440  57571.3834475043878    0.00  312.72        1
C GUPPI_0038-25_57571_3292 375.9970  57571.3842050797411    0.00  323.09        1
C GUPPI_0038-25_57571_3292 325.4440  57571.3842057319524    0.00  256.57        1
C GUPPI_0038-25_57638_3170 376.8940  57638.3674573252372    0.00  464.03        1
 GUPPI_0038-25_57638_3170 325.1289  57638.3674550091400    0.00  136.53        1
C GUPPI_0038-25_57638_3170 376.8940  57638.3683880713331    0.00  284.08        1
 GUPPI_0038-25_57638_3170 325.1289  57638.3683857567080    0.00  119.40        1
C GUPPI_0038-25_57638_3170 376.8940  57638.3693218048981    0.00  530.92        1
 GUPPI_0038-25_57638_3170 325.1289  57638.3693194778990    0.00  163.97        1
C GUPPI_0038-25_57638_3170 376.8940  57638.3701365602129    0.00  537.98        1
 GUPPI_0038-25_57638_3170 325.1289  57638.3701342529653    0.00  168.35        1
 GUPPI_0038-25_57657_2440 377.5799  57657.2829890354709    0.00  148.32        1
 GUPPI_0038-25_57657_2440 325.0109  57657.2829897091289    0.00   35.39        1
 GUPPI_0038-25_57657_2440 377.5799  57657.2839198051736    0.00  208.82        1
 GUPPI_0038-25_57657_2440 325.0109  57657.2839204814121    0.00   44.91        1
 GUPPI_0038-25_57657_2440 377.5799  57657.2848535550633    0.00  142.77        1
 GUPPI_0038-25_57657_2440 325.0109  57657.2848542272390    0.00   37.24        1
 GUPPI_0038-25_57657_2440 377.5799  57657.2856118547262    0.00  208.84        1
 GUPPI_0038-25_57657_2440 325.0109  57657.2856125253912    0.00   42.53        1
 GUPPI_0038-25_57687_0784 325.0109  57687.0911692357929    0.00  222.72        1
 GUPPI_0038-25_57687_0784 325.0109  57687.0918680895667    0.00  230.07        1
 GUPPI_0038-25_57687_0784 325.0109  57687.0925669411285    0.00  231.62        1
 GUPPI_0038-25_57687_0784 325.0109  57687.0932063212531    0.00  226.34        1
C GUPPI_0038-25_57729_0946 377.9609  57729.1099994932968    0.00  296.34        1
 GUPPI_0038-25_57729_0946 325.0109  57729.1100001690278    0.00  105.80        1
C GUPPI_0038-25_57729_0946 377.9609  57729.1109303379524    0.00  342.26        1
 GUPPI_0038-25_57729_0946 325.0109  57729.1109310140116    0.00   98.20        1
C GUPPI_0038-25_57729_0946 377.9609  57729.1118641539112    0.00  279.02        1
 GUPPI_0038-25_57729_0946 325.0109  57729.1118648309167    0.00  103.53        1
C GUPPI_0038-25_57729_0946 377.9609  57729.1126195434443    0.00  303.85        1
 GUPPI_0038-25_57729_0946 325.0109  57729.1126202155345    0.00  123.57        1
C GUPPI_0038-25_57755_8348 369.6820  57755.9667117602296    0.00  416.88        1
 GUPPI_0038-25_57755_8348 320.9320  57755.9667124193361    0.00  165.96        1
 GUPPI_0038-25_57755_8348 320.9320  57755.9676402991474    0.00  205.29        1
 GUPPI_0038-25_57755_8348 320.9320  57755.9685770850963    0.00  185.42        1
 GUPPI_0038-25_57755_8348 320.9320  57755.9693354378023    0.00  235.81        1
 GUPPI_0038-25_57820_7091 377.4710  57820.8213090094709    0.00  152.23        1
 GUPPI_0038-25_57820_7091 325.8380  57820.8213066935455    0.00  220.07        1
 GUPPI_0038-25_57820_7091 377.4710  57820.8223557624943    0.00  189.14        1
C GUPPI_0038-25_57820_7091 325.8380  57820.8223534493991    0.00  249.48        1
 GUPPI_0038-25_57820_7091 377.4710  57820.8234084644583    0.00  210.84        1
C GUPPI_0038-25_57820_7091 325.8380  57820.8234061444923    0.00  369.73        1
 GUPPI_0038-25_57820_7091 377.4710  57820.8243987195308    0.00  155.22        1
 GUPPI_0038-25_57820_7091 325.8380  57820.8243964018957    0.00  230.77        1
 GUPPI_0038-25_58171_7818 374.9989  58171.9054977411046    0.00  160.10        1
 GUPPI_0038-25_58171_7818 325.0109  58171.9054983874696    0.00   31.61        1
 GUPPI_0038-25_58171_7818 374.9989  58171.9066694164577    0.00   82.76        1
 GUPPI_0038-25_58171_7818 325.0109  58171.9066700641822    0.00   25.64        1
 GUPPI_0038-25_58171_7818 374.9989  58171.9078321728767    0.00   69.66        1
 GUPPI_0038-25_58171_7818 325.0109  58171.9078328197929    0.00   31.82        1
C GUPPI_0038-25_58173_7530 374.9989  58173.8722250810863    0.00  343.88        1
 GUPPI_0038-25_58173_7530 325.0109  58173.8722257277059    0.00   41.33        1
C GUPPI_0038-25_58173_7530 374.9989  58173.8733908041602    0.00  391.80        1
 GUPPI_0038-25_58173_7530 325.0109  58173.8733914521072    0.00   38.71        1
C GUPPI_0038-25_58173_7530 374.9989  58173.8744970479239    0.00  435.09        1
 GUPPI_0038-25_58173_7530 325.0109  58173.8744977037433    0.00   40.60        1
