MODE 1
C 1                894.679 56365.7740631124166  3136.741                 0.00000
1                845.025 56365.7740609168406  4429.358                 0.00000
1                794.009 56365.7740614781659  1739.761                 0.00000
1                745.056 56365.7740622061534  1349.140                 0.00000
1                894.635 56365.7746368773567  2338.290                 0.00000
1                845.050 56365.7746373876822  1360.811                 0.00000
1                794.009 56365.7746379839558  1498.894                 0.00000
1                745.056 56365.7746386189913  1305.666                 0.00000
1                894.716 56365.7751671355132  1673.900                 0.00000
1                844.992 56365.7751676469648  1073.092                 0.00000
1                794.009 56365.7751682184714  1511.918                 0.00000
1                745.056 56365.7751689289732  1128.949                 0.00000
1                894.655 56365.7758012234139  3336.090                 0.00000
1                844.999 56365.7758017521229  1935.928                 0.00000
1                794.009 56365.7758023483456  2212.545                 0.00000
1                745.056 56365.7758030396620  1749.902                 0.00000
1                894.390 56389.6409378194339  1950.070                 0.00000
1                844.981 56389.6409383483117  1628.750                 0.00000
1                793.689 56389.6409273830596  1843.218                 0.00000
1                745.050 56389.6409281243285  2751.125                 0.00000
1                894.303 56389.6415373289269  4632.859                 0.00000
1                844.963 56389.6415378235276  2602.316                 0.00000
1                793.689 56389.6415268501582  2336.271                 0.00000
1                745.050 56389.6415275596969  5482.844                 0.00000
1                894.384 56389.6421137158532  2320.093                 0.00000
1                844.997 56389.6421142012454  1537.068                 0.00000
1                793.689 56389.6421032926702  1320.168                 0.00000
1                745.050 56389.6421039929775  2644.601                 0.00000
C 1                894.405 56389.6426856407596  6221.841                 0.00000
1                844.981 56389.6426906259755  1844.807                 0.00000
1                793.689 56389.6426797128642  3197.452                 0.00000
1                745.050 56389.6426803849478  2526.798                 0.00000
1                894.852 56406.6142481081102  1300.894                 0.00000
1                844.999 56406.6142485875715  1751.740                 0.00000
1                793.745 56406.6142491448814  1090.010                 0.00000
1                745.050 56406.6142498627722  1121.714                 0.00000
1                894.879 56406.6148360270368  1549.119                 0.00000
1                845.026 56406.6148365158560  1753.591                 0.00000
1                793.745 56406.6148370901466  1878.211                 0.00000
1                745.050 56406.6148378078492  1276.837                 0.00000
1                894.864 56406.6154124725066  1622.141                 0.00000
1                845.026 56406.6154129604374  1858.371                 0.00000
1                793.745 56406.6154135430040  2001.065                 0.00000
1                745.050 56406.6154142218376  1030.575                 0.00000
1                894.910 56406.6160003362150  1733.182                 0.00000
1                845.017 56406.6160008765567  1993.086                 0.00000
1                793.745 56406.6160014377136  1658.436                 0.00000
1                745.050 56406.6160021480218  2152.985                 0.00000
1                890.547 56426.5701004033163  1857.387                 0.00000
1                844.997 56426.5701008785999  1398.827                 0.00000
1                793.588 56426.5700899220877  1822.345                 0.00000
1                745.950 56426.5700906093323  1726.398                 0.00000
1                890.547 56426.5706767351591  1880.394                 0.00000
1                844.997 56426.5706772163598  824.348                 0.00000
1                793.588 56426.5706662974356  1103.522                 0.00000
1                745.950 56426.5706669660502  1031.596                 0.00000
C 1                890.547 56426.5712648388765  3110.246                 0.00000
1                844.935 56426.5712651496716  1181.474                 0.00000
1                793.588 56426.5712542277496  1578.092                 0.00000
1                745.950 56426.5712549315432  1837.070                 0.00000
1                890.547 56426.5718526386890  2161.692                 0.00000
1                844.953 56426.5718530583218  1189.555                 0.00000
1                793.588 56426.5718421430062  1390.292                 0.00000
1                745.950 56426.5718428368867  1721.878                 0.00000
1                895.560 56451.4854294684449  1146.813                 0.00000
1                845.053 56451.4854299589889  733.472                 0.00000
1                793.755 56451.4854305525125  1299.061                 0.00000
1                745.048 56451.4854312391400  682.151                 0.00000
1                895.555 56451.4860173466105  1227.840                 0.00000
1                845.058 56451.4860178245759  839.617                 0.00000
1                793.755 56451.4860184392849  1166.588                 0.00000
1                745.048 56451.4860191200083  823.927                 0.00000
1                895.559 56451.4866052103613  1507.640                 0.00000
1                845.058 56451.4866057484784  879.458                 0.00000
1                793.755 56451.4866063382691  1620.702                 0.00000
1                745.048 56451.4866070512312  1201.304                 0.00000
1                895.574 56451.4871816182993  1765.936                 0.00000
1                845.067 56451.4871821070325  941.184                 0.00000
1                793.755 56451.4871827262004  1514.673                 0.00000
1                745.048 56451.4871834126699  790.502                 0.00000
1                895.268 56472.4102854711660  1725.860                 0.00000
1                845.022 56472.4102859261329  1141.392                 0.00000
1                794.045 56472.4102865394216  1596.592                 0.00000
1                745.048 56472.4102872363651  1260.487                 0.00000
1                895.289 56472.4108732910900  3049.248                 0.00000
1                845.022 56472.4108738602660  1230.337                 0.00000
1                794.045 56472.4108744187839  2257.884                 0.00000
1                745.048 56472.4108751476202  1222.821                 0.00000
1                895.266 56472.4114612035159  1443.667                 0.00000
1                845.022 56472.4114616892370  914.749                 0.00000
1                794.045 56472.4114622969456  1165.428                 0.00000
1                745.048 56472.4114630125782  1038.817                 0.00000
1                895.281 56472.4120375587125  2354.370                 0.00000
1                845.022 56472.4120380723569  1941.649                 0.00000
1                794.045 56472.4120386701820  1265.494                 0.00000
1                745.048 56472.4120393913764  1219.229                 0.00000
1                894.999 56494.4158064978160  2272.911                 0.00000
C 1                845.006 56494.4157990438670  3998.294                 0.00000
C 1                793.462 56494.4157975130612  3529.971                 0.00000
1                745.048 56494.4157967820835  1277.635                 0.00000
1                894.999 56494.4163828233855  2044.665                 0.00000
1                845.015 56494.4163718576708  1627.836                 0.00000
1                793.462 56494.4163724234763  1671.038                 0.00000
1                745.048 56494.4163731120330  1239.321                 0.00000
1                894.999 56494.4169592048445  2884.518                 0.00000
1                845.024 56494.4169596827149  2411.106                 0.00000
1                793.462 56494.4169488707057  3061.244                 0.00000
1                745.048 56494.4169495147591  1292.756                 0.00000
1                894.999 56494.4175470962362  2119.483                 0.00000
1                845.024 56494.4175360640099  1682.924                 0.00000
1                793.462 56494.4175366765920  2024.780                 0.00000
1                745.048 56494.4175373591603  1430.826                 0.00000
1                820.270 56520.2396974657457  848.602                 0.00000      
1                820.284 56520.2402738264944  1114.865                 0.00000     
1                820.279 56520.2408617137219  1025.200                 0.00000     
1                820.269 56520.2414380924673  1221.119                 0.00000     
1                820.869 56537.2646551395249  724.059                 0.00000      
1                820.861 56537.2653468116657  1994.416                 0.00000     
1                820.869 56537.2658078635369  1411.798                 0.00000     
1                820.839 56537.2663381205535  989.995                 0.00000      
1                820.175 56538.2484668810146  962.165                 0.00000      
1                820.185 56538.2490547924045  1019.168                 0.00000     
1                820.194 56538.2496426608554  808.800                 0.00000      
1                820.189 56538.2501383318848  859.886                 0.00000      
1                816.023 56539.2368903464218  948.389                 0.00000      
1                816.040 56539.2374666778440  718.069                 0.00000      
1                816.002 56539.2380545445502  777.947                 0.00000      
1                816.011 56539.2385848106294  824.616                 0.00000      
1                817.552 56539.2957027803050  1059.118                 0.00000     
1                817.512 56539.2962906846529  1035.844                 0.00000     
1                817.385 56539.2968670869358  1594.045                 0.00000     
1                817.237 56539.2972820986405  2200.080                 0.00000     
1                820.149 56543.2319170692572  840.327                 0.00000      
1                820.158 56543.2325049933467  1324.679                 0.00000     
1                820.200 56543.2330813434834  999.348                 0.00000      
1                820.123 56543.2336116153208  1059.548                 0.00000     
1                821.566 56546.2424350633106  1046.430                 0.00000     
1                821.249 56546.2429653489011  979.943                 0.00000      
1                821.422 56546.2435416996548  996.031                 0.00000      
1                821.371 56546.2441296296596  873.641                 0.00000      
1                820.163 56551.1966743611273  1394.981                 0.00000     
1                820.131 56551.1971469589778  831.320                 0.00000      
1                820.139 56551.1977348669386  1119.412                 0.00000     
1                820.153 56551.1983227502603  1090.522                 0.00000     
1                820.332 56555.2088969505407  892.981                 0.00000      
1                820.313 56555.2094848487112  1088.148                 0.00000     
1                820.308 56555.2100727492217  947.197                 0.00000      
1                820.310 56555.2106491107175  1449.179                 0.00000     
1                820.613 56586.1684644545247  763.575                 0.00000      
1                820.743 56586.1690523770566  897.675                 0.00000      
1                820.199 56586.1696403087320  753.323                 0.00000      
1                820.271 56586.1702167287617  1332.960                 0.00000
1                894.513 56608.0720348758967  1741.890                 0.00000
1                844.981 56608.0720238287003  1034.682                 0.00000
1                793.739 56608.0720243920576  1624.266                 0.00000
1                745.048 56608.0720251016309  1281.611                 0.00000
1                894.506 56608.0726112880037  1954.249                 0.00000
1                844.981 56608.0726117081132  1276.329                 0.00000
1                793.739 56608.0726008117578  1737.867                 0.00000
1                745.048 56608.0726014664729  1520.862                 0.00000
1                894.507 56608.0731531211713  1500.880                 0.00000
1                844.981 56608.0731420352116  1175.218                 0.00000
1                793.739 56608.0731426400696  1706.151                 0.00000
1                745.048 56608.0731433433385  1892.739                 0.00000
1                894.507 56608.0737986907604  1533.028                 0.00000
1                844.981 56608.0737991145134  1451.175                 0.00000
1                793.739 56608.0737882301048  1594.427                 0.00000
1                745.048 56608.0737888855171  3876.161                 0.00000
1                894.962 56670.9026596967322  1283.189                 0.00000
1                844.981 56670.9026601684710  1183.392                 0.00000
1                793.270 56670.9026608209890  1431.146                 0.00000
1                745.048 56670.9026614733333  1360.954                 0.00000
1                894.956 56670.9032476431250  1773.528                 0.00000
1                844.981 56670.9032480827217  1645.361                 0.00000
1                793.270 56670.9032487039461  1583.837                 0.00000
1                745.048 56670.9032494135952  1557.729                 0.00000
1                894.951 56670.9038010791188  2502.845                 0.00000
1                844.981 56670.9038015324946  1617.918                 0.00000
1                793.270 56670.9038021453106  1857.780                 0.00000
1                745.048 56670.9038028516758  1708.768                 0.00000
1                894.945 56670.9044120951490  2770.299                 0.00000
1                844.981 56670.9044125808903  1556.964                 0.00000
1                793.270 56670.9044132402498  1591.468                 0.00000
1                745.048 56670.9044138614730  2138.862                 0.00000
JUMP
t                119.328 56358.5100655205387  999.413                 0.00000
t                139.873 56358.5100617068138  1392.285                 0.00000
t                158.780 56358.5100594739544  1415.842                 0.00000
C t                178.574 56358.5100673328157  3240.962                 0.00000
t                119.478 56359.6343576522744  871.853                 0.00000
t                139.349 56359.6343556313074  643.238                 0.00000
t                158.768 56359.6343522100173  938.261                 0.00000
t                178.504 56359.6343601329339  1197.969                 0.00000
JUMP
