1                820.141 56329.8763938322334  581.092                 0.00000
1                820.141 56329.8769819153105  638.684                 0.00000
1                820.141 56329.8773290148704  1430.834                 0.00000
1                896.137 56329.8794485949109  495.065                 0.00000
1                845.048 56329.8794494602558  426.010                 0.00000
1                793.733 56329.8794505005319  511.208                 0.00000
1                745.048 56329.8794517086473  370.615                 0.00000
1                896.137 56329.8800366714874  569.862                 0.00000
1                845.048 56329.8800375366978  455.375                 0.00000
1                793.733 56329.8800385841373  513.474                 0.00000
1                745.048 56329.8800397819522  359.930                 0.00000
1                896.137 56329.8803837264364  856.593                 0.00000
1                845.048 56329.8803845994018  622.555                 0.00000
1                793.733 56329.8803856471083  1071.215                 0.00000
1                745.048 56329.8803868387098  658.459                 0.00000
1                895.005 56329.8809718361790  840.100                 0.00000
1                845.067 56329.8809726815402  556.811                 0.00000
1                793.927 56329.8809737298716  668.539                 0.00000
1                745.048 56329.8809749321771  422.353                 0.00000
1                895.005 56329.8814249454979  1146.413                 0.00000
1                845.067 56329.8814258033249  923.408                 0.00000
1                793.927 56329.8814268526991  934.326                 0.00000
1                745.048 56329.8814280494019  698.696                 0.00000
1                895.005 56329.8818973621446  1153.397                 0.00000
1                845.067 56329.8818981968962  1159.435                 0.00000
1                793.927 56329.8818992217946  1336.003                 0.00000
1                745.048 56329.8819004481447  652.440                 0.00000
1                894.999 56332.7537232138386  440.342                 0.00000
1                845.004 56332.7537240699949  353.092                 0.00000
1                794.982 56332.7537250916112  392.988                 0.00000
1                745.048 56332.7537263163468  320.799                 0.00000
1                894.999 56332.7543016593650  346.008                 0.00000
1                845.004 56332.7543025122962  321.479                 0.00000
1                794.982 56332.7543035319779  456.583                 0.00000
1                745.048 56332.7543047546123  282.532                 0.00000
1                894.999 56332.7548897412112  431.138                 0.00000
1                845.004 56332.7548905973432  370.633                 0.00000
1                794.982 56332.7548916104391  418.064                 0.00000
1                745.048 56332.7548928430589  338.672                 0.00000
1                894.999 56332.7554681913176  415.434                 0.00000
1                845.004 56332.7554690420592  392.387                 0.00000
1                794.982 56332.7554700578913  392.349                 0.00000
1                745.048 56332.7554712871328  353.155                 0.00000
1                894.955 56348.8230136034335  549.055                 0.00000
1                845.050 56348.8230144502739  390.967                 0.00000
1                794.213 56348.8230154776603  604.103                 0.00000
1                745.053 56348.8230166959856  283.162                 0.00000
1                894.955 56348.8236113219596  522.039                 0.00000
1                845.050 56348.8236121660192  421.873                 0.00000
1                794.213 56348.8236132029373  754.211                 0.00000
1                745.053 56348.8236144163946  356.815                 0.00000
1                894.955 56348.8241897628300  637.385                 0.00000
1                845.050 56348.8241906149537  474.049                 0.00000
1                794.213 56348.8241916574368  619.474                 0.00000
1                745.053 56348.8241928562321  340.382                 0.00000
1                894.955 56348.8247585631845  463.026                 0.00000
1                845.050 56348.8247594254274  399.345                 0.00000
1                794.213 56348.8247604478473  479.461                 0.00000
1                745.053 56348.8247616626551  268.044                 0.00000
1                895.004 56365.7898263652510  313.482                 0.00000
1                845.048 56365.7898272136146  254.609                 0.00000
1                795.048 56365.7898282304413  355.763                 0.00000
1                745.049 56365.7898294658567  273.953                 0.00000
1                895.004 56365.7904240874463  264.814                 0.00000
1                845.048 56365.7904249426006  265.955                 0.00000
1                795.048 56365.7904259545156  351.020                 0.00000
1                745.049 56365.7904271870847  259.908                 0.00000
1                895.004 56365.7910025227074  338.952                 0.00000
1                845.048 56365.7910033785217  399.019                 0.00000
1                795.048 56365.7910043909202  330.910                 0.00000
1                745.049 56365.7910056177365  343.925                 0.00000
1                895.004 56365.7915809608034  271.979                 0.00000
1                845.048 56365.7915818121332  249.760                 0.00000
1                795.048 56365.7915828310608  286.498                 0.00000
1                745.049 56365.7915840541042  208.411                 0.00000
1                894.958 56406.6293941909097  520.316                 0.00000
1                845.048 56406.6293950393611  416.388                 0.00000
1                793.383 56406.6293960929727  748.470                 0.00000
1                745.048 56406.6293972874063  440.870                 0.00000
1                894.958 56406.6299726102764  521.301                 0.00000
1                845.048 56406.6299734664428  450.549                 0.00000
1                793.383 56406.6299745151820  689.198                 0.00000
1                745.048 56406.6299757161032  444.886                 0.00000
1                894.958 56406.6305606700371  467.026                 0.00000
1                845.048 56406.6305615218222  391.815                 0.00000
1                793.383 56406.6305625731191  573.726                 0.00000
1                745.048 56406.6305637638151  410.486                 0.00000
1                894.958 56406.6311680272480  522.554                 0.00000
1                845.048 56406.6311688730948  480.444                 0.00000
1                793.383 56406.6311699213623  691.368                 0.00000
1                745.048 56406.6311711168819  424.759                 0.00000
1                895.283 56426.5852223405613  375.998                 0.00000
1                845.024 56426.5852231915120  274.636                 0.00000
1                794.986 56426.5852242101375  461.890                 0.00000
1                745.862 56426.5852254213981  340.060                 0.00000
1                895.283 56426.5858104040324  379.654                 0.00000
1                845.024 56426.5858112529706  306.602                 0.00000
1                794.986 56426.5858122704068  364.417                 0.00000
1                745.862 56426.5858134744325  290.656                 0.00000
1                895.283 56426.5863887923712  450.098                 0.00000
1                845.024 56426.5863896563000  305.859                 0.00000
1                794.986 56426.5863906782282  444.230                 0.00000
1                745.862 56426.5863918866971  403.766                 0.00000
1                895.283 56426.5869768599716  421.335                 0.00000
1                845.024 56426.5869777133644  283.109                 0.00000
1                794.986 56426.5869787288151  581.748                 0.00000
1                745.862 56426.5869799318955  418.058                 0.00000
1                820.291 56451.5005875695322  700.334                 0.00000
1                820.291 56451.5011659650222  311.158                 0.00000
1                820.291 56451.5017540026860  493.792                 0.00000
1                820.291 56451.5023324040494  578.106                 0.00000
1                894.999 56472.4256364166306  567.203                 0.00000
1                845.048 56472.4256372778355  600.727                 0.00000
1                794.697 56472.4256382938105  602.090                 0.00000
1                745.048 56472.4256395251769  419.106                 0.00000
1                894.999 56472.4262148102572  646.372                 0.00000
1                845.048 56472.4262156536060  496.948                 0.00000
1                794.697 56472.4262166865442  603.706                 0.00000
1                745.048 56472.4262179075828  505.812                 0.00000
1                894.999 56472.4267932153168  660.132                 0.00000
1                845.048 56472.4267940537314  676.721                 0.00000
1                794.697 56472.4267950735677  788.947                 0.00000
1                745.048 56472.4267962955853  510.231                 0.00000
1                894.999 56472.4274004947103  828.783                 0.00000
1                845.048 56472.4274013616187  448.455                 0.00000
1                794.697 56472.4274023790745  590.924                 0.00000
1                745.048 56472.4274035969530  459.239                 0.00000
1                817.720 56494.4316571460630  327.536                 0.00000
1                817.720 56494.4322451661974  471.407                 0.00000
1                817.720 56494.4328235514306  526.598                 0.00000
1                817.720 56494.4334115751656  410.912                 0.00000
1                820.208 56520.2548889947574  255.566                 0.00000
1                820.208 56520.2554770138167  297.858                 0.00000
1                820.208 56520.2560553851397  278.042                 0.00000
1                820.208 56520.2566434128420  221.675                 0.00000
1                820.275 56537.2796282336051  400.140                 0.00000
1                820.275 56537.2802066104442  438.070                 0.00000
1                820.275 56537.2807946250756  315.769                 0.00000
1                820.275 56537.2813248115773  346.183                 0.00000
1                820.479 56538.2626432941234  392.689                 0.00000
1                820.479 56538.2632313100411  670.581                 0.00000
1                820.479 56538.2638096985621  553.430                 0.00000
1                820.479 56538.2643302364572  532.949                 0.00000
1                820.393 56539.2509508272048  575.868                 0.00000
1                820.393 56539.2515388411010  486.140                 0.00000
1                820.393 56539.2521172357085  673.719                 0.00000
1                820.393 56539.2526474095512  495.924                 0.00000
1                820.549 56543.2460299069176  386.428                 0.00000
1                820.549 56543.2466179322329  375.691                 0.00000
1                820.549 56543.2471963061485  289.431                 0.00000
1                820.549 56543.2477264851924  390.650                 0.00000
1                820.526 56543.2798555731654  495.817                 0.00000
1                820.526 56543.2804628725230  484.497                 0.00000
1                820.526 56543.2810412503541  709.304                 0.00000
1                820.526 56543.2814557674787  418.048                 0.00000
1                824.072 56546.2574314482837  587.211                 0.00000
1                824.072 56546.2580194677847  340.297                 0.00000
1                824.072 56546.2585978497629  597.315                 0.00000
1                824.072 56546.2591858792811  717.623                 0.00000
1                821.089 56551.2119046953272  589.432                 0.00000
1                821.089 56551.2124830831070  605.855                 0.00000
1                821.089 56551.2130711046621  823.316                 0.00000
1                821.089 56551.2136494866635  500.562                 0.00000
1                821.042 56555.2240276763699  617.529                 0.00000
1                821.042 56555.2246156955909  750.334                 0.00000
1                821.042 56555.2251940797440  1058.067                 0.00000
1                821.042 56555.2257821101008  720.339                 0.00000
1                820.638 56569.0903966264047  597.121                 0.00000
1                820.638 56569.0909846750161  504.890                 0.00000
1                820.638 56569.0915630604430  599.252                 0.00000
1                820.638 56569.0919775939105  767.184                 0.00000
1                819.999 56586.1844400728669  326.613                 0.00000
1                819.999 56586.1850184647265  309.834                 0.00000
1                819.999 56586.1856065003884  351.543                 0.00000
1                819.999 56586.1861849009856  365.318                 0.00000
1                820.892 56598.7800749876874  663.658                 0.00000
1                820.892 56598.7806630322729  638.951                 0.00000
1                820.892 56598.7812607111073  884.797                 0.00000
1                820.892 56598.7818487408905  549.363                 0.00000
1                820.892 56598.7824271492071  732.136                 0.00000
1                820.892 56598.7830151912416  653.263                 0.00000
1                820.892 56598.7835261288264  589.000                 0.00000
1                820.347 56599.2337749913193  439.815                 0.00000
1                820.347 56599.2343630399573  436.982                 0.00000
1                820.347 56599.2349510801204  402.423                 0.00000
1                820.347 56599.2355294933378  662.108                 0.00000
1                820.347 56599.2361078936562  526.120                 0.00000
1                820.347 56599.2366959365479  576.387                 0.00000
1                820.347 56599.2372743365535  579.162                 0.00000
1                820.542 56599.0037147863821  735.534                 0.00000
1                820.542 56599.0042931902224  587.179                 0.00000
1                820.542 56599.0048812340241  532.107                 0.00000
1                820.542 56599.0053343091521  888.444                 0.00000
1                820.542 56599.0060380388041  802.849                 0.00000
1                820.542 56599.0068477676617  1106.797                 0.00000
1                820.542 56599.0072430471072  1216.617                 0.00000
1                819.340 56600.8661774161595  679.233                 0.00000
1                819.340 56600.8667654611736  428.430                 0.00000
1                819.340 56600.8673438647230  419.967                 0.00000
1                819.340 56600.8679319160195  464.324                 0.00000
1                819.340 56600.8685103117049  387.073                 0.00000
1                819.340 56600.8690983569838  373.266                 0.00000
1                819.340 56600.8696767562592  438.369                 0.00000
1                816.429 56602.9635726274002  762.801                 0.00000
1                816.429 56602.9641510158966  512.519                 0.00000
1                816.429 56602.9647390634676  447.196                 0.00000
1                816.429 56602.9653174683565  446.885                 0.00000
1                816.429 56602.9659055151602  432.953                 0.00000
1                816.429 56602.9664839216141  613.433                 0.00000
1                816.429 56602.9670719594702  457.390                 0.00000
1                819.636 56605.8925004431523  1291.486                 0.00000
1                819.636 56605.8930884957110  526.023                 0.00000
1                819.636 56605.8936765282285  460.382                 0.00000
1                819.636 56605.8942549369995  606.181                 0.00000
1                819.636 56605.8948333620609  958.306                 0.00000
1                819.636 56605.8954213934770  898.896                 0.00000
1                819.636 56605.8959805374337  689.666                 0.00000
1                820.188 56607.9114542751693  489.777                 0.00000
1                820.188 56607.9120326902918  530.942                 0.00000
1                820.188 56607.9126207416146  569.742                 0.00000
1                820.188 56607.9131991478671  547.439                 0.00000
1                820.188 56607.9137871990954  643.442                 0.00000
1                820.188 56607.9143656103860  528.183                 0.00000
1                820.188 56607.9149536532353  543.045                 0.00000
1                819.623 56608.0908960052476  404.268                 0.00000
1                819.623 56608.0914840678130  336.331                 0.00000
1                819.623 56608.0920624653363  296.247                 0.00000
1                819.623 56608.0926505262826  406.499                 0.00000
1                819.874 56617.9676450215579  694.594                 0.00000
1                819.874 56617.9682330794110  623.321                 0.00000
1                819.874 56617.9688211353036  501.389                 0.00000
1                819.874 56617.9692838772455  607.950                 0.00000
1                819.484 56626.9407848225017  452.113                 0.00000
1                819.484 56626.9413632394410  434.888                 0.00000
1                819.484 56626.9419512999065  564.601                 0.00000
1                819.484 56626.9425297064540  424.018                 0.00000
1                819.484 56626.9431177761565  388.599                 0.00000
1                819.484 56626.9436962004800  596.016                 0.00000
1                819.484 56626.9442842492522  446.551                 0.00000
1                819.484 56637.9889273498174  462.836                 0.00000
1                819.484 56637.9895154179702  581.184                 0.00000
1                819.484 56637.9901034754409  512.325                 0.00000
1                819.484 56637.9906915335060  356.830                 0.00000
1                820.763 56670.7592997206104  609.251                 0.00000
1                820.197 56670.9214650601795  481.354                 0.00000
1                820.197 56670.9220434998996  386.334                 0.00000
1                820.197 56670.9226315721201  433.394                 0.00000
1                820.197 56670.9232100138200  372.780                 0.00000
1                820.096 56703.7437868139619  669.284                 0.00000
1                820.096 56703.7444038296225  888.205                 0.00000
1                820.096 56703.7449533521582  606.919                 0.00000
1                820.096 56703.7455414389750  581.002                 0.00000
1                820.096 56703.7461198832439  621.986                 0.00000
1                820.096 56703.7467079576896  494.765                 0.00000
1                820.096 56703.7472864143022  679.891                 0.00000
1                819.812 56725.4790938991039  546.367                 0.00000
1                819.812 56725.4797205493617  524.622                 0.00000
1                819.812 56725.4802989844045  386.571                 0.00000
1                819.812 56725.4808870654953  424.018                 0.00000
1                819.812 56725.4814655084830  461.771                 0.00000
1                819.812 56725.4820535846998  413.850                 0.00000
1                819.812 56725.4826320233297  521.215                 0.00000
1                897.867 56760.8481483825550  682.620                 0.00000
1                844.782 56760.8481492842265  577.178                 0.00000
1                793.412 56760.8481503143573  582.759                 0.00000
1                745.048 56760.8481515115534  640.056                 0.00000
1                897.867 56760.8487364595680  913.615                 0.00000
1                844.782 56760.8487373404043  594.718                 0.00000
1                793.412 56760.8487383992577  605.284                 0.00000
1                745.048 56760.8487395844601  445.178                 0.00000
1                897.867 56760.8493148760904  945.944                 0.00000
1                844.782 56760.8493157680031  821.704                 0.00000
1                793.412 56760.8493168130849  1117.085                 0.00000
1                745.048 56760.8493179978984  677.344                 0.00000
1                897.867 56760.8498354558157  796.048                 0.00000
1                844.782 56760.8498363507235  834.781                 0.00000
1                793.412 56760.8498374129901  798.313                 0.00000
1                745.048 56760.8498386021129  511.364                 0.00000
1                897.867 56760.8504813753592  619.681                 0.00000
1                844.782 56760.8504822792629  500.818                 0.00000
1                793.412 56760.8504833188786  821.643                 0.00000
1                745.048 56760.8504845154302  497.519                 0.00000
1                897.867 56760.8510598045944  851.739                 0.00000
1                844.782 56760.8510606898287  627.788                 0.00000
1                793.412 56760.8510617399526  861.955                 0.00000
1                745.048 56760.8510629343121  603.251                 0.00000
1                897.867 56760.8516382200038  682.523                 0.00000
1                844.782 56760.8516391258267  490.408                 0.00000
1                793.412 56760.8516401704798  763.180                 0.00000
1                745.048 56760.8516413710003  559.806                 0.00000
1                819.605 56791.4325711205571  309.082                 0.00000
1                819.605 56791.4331591738940  291.369                 0.00000
1                819.605 56791.4337375855975  434.841                 0.00000
1                819.605 56791.4343256358556  329.059                 0.00000
1                819.605 56791.4349040479442  442.006                 0.00000
1                819.605 56791.4354920970525  301.964                 0.00000
1                819.605 56791.4360705120516  300.538                 0.00000
