1                817.981 56332.7507574817020  1436.841                 0.00000
1                817.981 56332.7513549470397  2545.999                 0.00000
1                817.981 56332.7519525516059  1475.742                 0.00000
1                817.981 56332.7525002396583  1801.351                 0.00000
1                895.412 56348.8202191537213  3281.517                 0.00000
1                844.681 56348.8202199461384  2512.168                 0.00000
1                794.983 56348.8202209047352  2310.898                 0.00000
1                745.066 56348.8202220398454  2054.994                 0.00000
1                895.412 56348.8208166009325  3137.199                 0.00000
1                844.681 56348.8208174660383  2590.145                 0.00000
1                794.983 56348.8208184484808  2491.616                 0.00000
1                745.066 56348.8208195839220  3021.029                 0.00000
1                895.412 56348.8213644132598  3902.871                 0.00000
1                844.681 56348.8213652183628  1972.294                 0.00000
1                794.983 56348.8213660948173  2769.552                 0.00000
1                745.066 56348.8213673661675  2899.328                 0.00000
1                895.412 56348.8219618745330  2189.991                 0.00000
1                844.681 56348.8219626965690  2584.169                 0.00000
1                794.983 56348.8219636537672  2650.046                 0.00000
1                745.066 56348.8219648266051  2279.650                 0.00000
1                815.497 56365.7871242873797  1799.231                 0.00000
1                815.497 56365.7877217832799  2188.639                 0.00000
1                815.497 56365.7883192895509  1497.411                 0.00000
1                815.497 56365.7888670336649  1168.079                 0.00000
1                819.764 56406.6263776045752  2094.837                 0.00000
1                819.764 56406.6269750997580  2003.601                 0.00000
C 1                819.764 56406.6275745539459  10815.510                 0.00000
1                819.764 56406.6281700414815  2504.018                 0.00000
1                816.740 56426.5824526432974  2592.679                 0.00000
1                816.740 56426.5830501385974  1580.488                 0.00000
1                816.740 56426.5834982267326  3130.000                 0.00000
1                816.740 56426.5840956960642  1943.884                 0.00000
1                895.233 56472.4223456634879  2530.604                 0.00000
1                844.843 56472.4223464835082  2235.422                 0.00000
1                792.460 56472.4223475788967  3247.538                 0.00000
C 1                746.163 56472.4223663397658  6796.905                 0.00000
1                895.233 56472.4228933769728  2900.413                 0.00000
1                844.843 56472.4228942107497  1951.218                 0.00000
1                792.460 56472.4228951916137  2618.997                 0.00000
1                746.163 56472.4228962704275  3203.169                 0.00000
1                895.233 56472.4234907308040  2879.372                 0.00000
1                844.843 56472.4234915808499  2487.716                 0.00000
1                792.460 56472.4234926409797  3088.148                 0.00000
1                746.163 56472.4234937134836  4447.939                 0.00000
C 1                895.233 56472.4240656772971  6407.250                 0.00000
1                844.843 56472.4240890944553  2660.072                 0.00000
1                792.460 56472.4240900829277  2662.213                 0.00000
1                746.163 56472.4240911860057  3199.312                 0.00000
1                895.015 56494.4289627569649  2861.590                 0.00000
C 1                843.327 56494.4289615206391  6407.538                 0.00000
1                792.785 56494.4289645996555  3196.807                 0.00000
1                746.390 56494.4289656948297  4641.903                 0.00000
1                895.015 56494.4295103911129  2946.231                 0.00000
1                843.327 56494.4295112802559  2654.233                 0.00000
1                792.785 56494.4295122726565  2008.769                 0.00000
1                746.390 56494.4295134010944  5391.758                 0.00000
1                895.015 56494.4301078439316  3244.203                 0.00000
1                843.327 56494.4301087033236  3023.031                 0.00000
C 1                792.785 56494.4300910513030  11463.035                 0.00000
1                746.390 56494.4301108738930  3251.609                 0.00000
1                895.015 56494.4307053758113  2652.909                 0.00000
1                843.327 56494.4307061474453  3287.209                 0.00000
1                792.785 56494.4307071317403  2851.184                 0.00000
1                746.390 56494.4307082065321  3147.467                 0.00000
1                895.674 56520.2524784763385  3291.129                 0.00000
1                844.808 56520.2524792195680  2957.801                 0.00000
C 1                795.047 56520.2524422108398  5824.931                 0.00000
C 1                746.055 56520.2524760602780  6030.728                 0.00000
1                895.674 56520.2530758147206  2875.041                 0.00000
1                844.808 56520.2530766797039  2233.319                 0.00000
1                795.047 56520.2530776342998  2116.220                 0.00000
1                746.055 56520.2530787789282  2957.722                 0.00000
1                895.674 56520.2536235027239  2287.597                 0.00000
1                844.808 56520.2536242662727  2821.910                 0.00000
1                795.047 56520.2536252902923  2395.617                 0.00000
1                746.055 56520.2536264835216  3269.428                 0.00000
1                821.985 56537.2768856850801  1189.845                 0.00000
1                821.985 56537.2774831852922  2787.042                 0.00000
1                821.985 56537.2780805898298  4794.002                 0.00000
1                821.985 56537.2785785390780  4306.012                 0.00000
1                821.443 56538.2598874464690  1360.309                 0.00000
1                821.443 56538.2605844468218  1541.800                 0.00000
1                821.443 56538.2611321526213  1423.531                 0.00000
1                821.443 56538.2616797533740  1184.594                 0.00000
1                817.028 56539.2489139067195  1783.958                 0.00000
1                823.848 56543.2442055827424  1518.165                 0.00000
1                813.058 56546.2546071579107  1785.037                 0.00000
1                813.058 56546.2552046348591  2512.532                 0.00000
1                813.058 56546.2557523098484  1728.159                 0.00000
1                813.058 56546.2563497882162  3129.276                 0.00000
1                822.088 56551.2086224494836  2104.689                 0.00000
1                822.088 56551.2092198833944  1810.109                 0.00000
1                822.088 56551.2097675776831  1376.372                 0.00000
1                822.088 56551.2103651094199  3189.694                 0.00000
1                819.727 56555.2211642974580  3492.900                 0.00000
1                819.727 56555.2223591619310  1858.370                 0.00000
1                819.727 56555.2229068181089  1409.254                 0.00000
1                895.208 56586.1816996308330  2072.469                 0.00000
1                845.047 56586.1817004319647  2026.559                 0.00000
1                794.990 56586.1817014015189  1781.475                 0.00000
1                746.262 56586.1817025779456  1692.606                 0.00000
1                895.208 56586.1822970884023  3303.473                 0.00000
1                845.047 56586.1822978910808  2924.381                 0.00000
1                794.990 56586.1822988457391  2894.731                 0.00000
1                746.262 56586.1823000418014  3003.448                 0.00000
1                895.208 56586.1828945669684  2636.390                 0.00000
1                845.047 56586.1828953637349  2832.035                 0.00000
1                794.990 56586.1828963193805  2756.347                 0.00000
1                746.262 56586.1828974965976  2651.399                 0.00000
1                895.208 56586.1834421763851  1637.993                 0.00000
1                845.047 56586.1834430017481  2634.462                 0.00000
1                794.990 56586.1834440178743  2096.109                 0.00000
1                746.262 56586.1834451780338  2319.057                 0.00000
1                894.453 56608.0880629980603  2441.517                 0.00000
1                844.058 56608.0880637951881  3226.713                 0.00000
1                793.350 56608.0880648062852  2790.859                 0.00000
1                745.047 56608.0880659532750  2831.137                 0.00000
1                894.453 56608.0886605258729  2808.241                 0.00000
1                844.058 56608.0886612342421  2135.904                 0.00000
1                793.350 56608.0886621930819  3223.106                 0.00000
1                745.047 56608.0886635106929  3159.369                 0.00000
1                894.453 56608.0892082032163  3437.119                 0.00000
1                844.058 56608.0892089988553  2266.683                 0.00000
1                793.350 56608.0892099371424  2371.806                 0.00000
1                745.047 56608.0892111129940  1850.933                 0.00000
1                894.453 56608.0898056221913  3148.833                 0.00000
1                844.058 56608.0898064810839  2543.662                 0.00000
C 1                793.350 56608.0898016866449  4513.284                 0.00000
C 1                745.047 56608.0898085510298  4166.546                 0.00000
1                817.636 56637.9860658317780  1150.018                 0.00000
1                817.636 56637.9866632845269  2064.080                 0.00000
1                817.636 56637.9872608504236  2158.100                 0.00000
1                817.636 56637.9878085484786  1414.073                 0.00000
1                818.957 56670.9186712624427  1926.766                 0.00000
1                818.957 56670.9192190115717  1462.096                 0.00000
1                818.957 56670.9198165708478  1956.557                 0.00000
1                818.957 56670.9204140463923  1768.355                 0.00000
JUMP
t                118.786 56437.3517655736655  4401.228                 0.00000
t                140.978 56437.3517553631674  4723.796                 0.00000
t                158.693 56437.3517983132088  4435.857                 0.00000
C t                178.554 56437.3517781826280  13020.475                 0.00000
JUMP
