EMAX 1800.0
1                894.999 56329.7893502145999  2357.505                 0.00000
1                845.048 56329.7893439960997  1268.268                 0.00000
1                795.048 56329.7893464869719  1423.473                 0.00000
1                745.048 56329.7893495221240  1304.312                 0.00000
1                894.999 56329.7899319071710  1430.823                 0.00000
1                845.048 56329.7899257033728  1072.393                 0.00000
1                795.048 56329.7899282061595  1254.943                 0.00000
1                745.048 56329.7899311928706  1218.264                 0.00000
1                894.999 56329.7904555427272  1836.229                 0.00000
1                845.048 56329.7904492672572  1158.330                 0.00000
1                795.048 56329.7904517647082  1223.951                 0.00000
1                745.048 56329.7904547596622  1157.970                 0.00000
1                894.999 56329.7912366137539  3160.471                 0.00000
1                845.048 56329.7912304390203  2714.292                 0.00000
1                795.048 56329.7912328987730  1625.255                 0.00000
1                745.048 56329.7912359410926  2019.584                 0.00000
1                894.999 56329.7918017649304  3045.042                 0.00000
1                845.048 56329.7917955252566  2055.300                 0.00000
1                795.048 56329.7917979838248  3003.631                 0.00000
1                745.048 56329.7918010029999  2452.466                 0.00000
1                894.999 56329.7923253246995  2800.898                 0.00000
1                845.048 56329.7923191337445  2435.284                 0.00000
1                795.048 56329.7923215711540  3109.390                 0.00000
1                745.048 56329.7923245782055  3155.541                 0.00000
1                894.999 56329.7930815401272  759.708                 0.00000
1                845.048 56329.7930753159044  644.028                 0.00000
1                795.048 56329.7930778239423  682.373                 0.00000
1                745.048 56329.7930808220475  784.207                 0.00000
1                894.999 56329.7936632642094  608.745                 0.00000
1                845.048 56329.7936570438814  525.384                 0.00000
1                795.048 56329.7936595359890  561.276                 0.00000
1                745.048 56329.7936625518049  601.189                 0.00000
1                894.999 56329.7941868141665  790.148                 0.00000
1                845.048 56329.7941805844827  551.612                 0.00000
1                795.048 56329.7941830847219  688.150                 0.00000
1                745.048 56329.7941860991302  624.857                 0.00000
1                894.999 56329.7949679555998  1675.691                 0.00000
1                845.048 56329.7949617491614  1402.904                 0.00000
1                795.048 56329.7949642427464  893.135                 0.00000
1                745.048 56329.7949672593903  951.262                 0.00000
1                894.999 56329.7955497209094  1492.890                 0.00000
1                845.048 56329.7955435045511  1323.941                 0.00000
1                795.048 56329.7955459955254  1260.739                 0.00000
1                745.048 56329.7955489814049  1273.067                 0.00000
1                894.999 56329.7960732279116  1235.653                 0.00000
1                845.048 56329.7960670059733  1327.862                 0.00000
1                795.048 56329.7960695389881  1876.676                 0.00000
1                745.048 56329.7960725128240  1227.900                 0.00000
1                894.999 56332.7478271273293  666.721                 0.00000
1                845.048 56332.7478208981875  533.986                 0.00000
1                795.048 56332.7478233804965  537.682                 0.00000
1                745.048 56332.7478264035841  502.175                 0.00000
1                894.999 56332.7486415397677  663.881                 0.00000
1                845.048 56332.7486353138291  452.228                 0.00000
1                795.048 56332.7486378101155  514.481                 0.00000
1                745.048 56332.7486408042713  544.040                 0.00000
1                894.999 56332.7493977748061  505.847                 0.00000
1                845.048 56332.7493915545197  437.744                 0.00000
1                795.048 56332.7493940441895  462.993                 0.00000
1                745.048 56332.7493970471738  442.558                 0.00000
1                894.999 56348.8174627345891  2166.869                 0.00000
1                845.048 56348.8174565835288  590.473                 0.00000
1                795.048 56348.8174590667090  534.034                 0.00000
1                745.048 56348.8174620577709  859.310                 0.00000
1                894.999 56348.8182760967902  2427.347                 0.00000
1                845.048 56348.8182709929441  482.355                 0.00000
1                795.048 56348.8182734747925  644.361                 0.00000
1                745.048 56348.8182764885873  653.876                 0.00000
1                894.999 56348.8190334360816  987.608                 0.00000
1                845.048 56348.8190355239589  639.136                 0.00000
1                795.048 56348.8190297101178  660.122                 0.00000
1                745.048 56348.8190327056127  650.951                 0.00000
1                894.999 56365.7843040368650  785.741                 0.00000
1                845.048 56365.7842978289398  460.932                 0.00000
1                795.048 56365.7843003205414  561.670                 0.00000
1                745.048 56365.7843033259150  496.914                 0.00000
1                894.999 56365.7851139883970  2781.195                 0.00000
1                845.048 56365.7851122342453  542.524                 0.00000
1                795.048 56365.7851147426149  572.224                 0.00000
1                745.048 56365.7851177334820  578.332                 0.00000
1                894.999 56365.7858747053591  881.452                 0.00000
1                845.048 56365.7858684804391  602.340                 0.00000
1                795.048 56365.7858709595575  570.408                 0.00000
1                745.048 56365.7858739760710  603.132                 0.00000
1                894.999 56406.6236735456617  3901.683                 0.00000
1                845.048 56406.6236738890349  7461.934                 0.00000
1                795.048 56406.6236730539945  1704.254                 0.00000
1                745.048 56406.6236736938564  4387.530                 0.00000
1                894.999 56406.6244911569896  974.264                 0.00000
1                845.048 56406.6244849142188  497.490                 0.00000
1                795.048 56406.6244874155374  506.004                 0.00000
1                745.048 56406.6244904214197  933.127                 0.00000
1                894.999 56406.6252307099526  846.224                 0.00000
1                845.048 56406.6252245074305  536.500                 0.00000
1                795.048 56406.6252269923322  593.404                 0.00000
1                745.048 56406.6252299907259  727.530                 0.00000
1                894.999 56426.5796491116967  1281.887                 0.00000
1                845.048 56426.5796429020561  577.139                 0.00000
1                795.048 56426.5796453685972  852.308                 0.00000
1                745.048 56426.5796483686701  1126.618                 0.00000
1                894.999 56426.5804717744011  561.274                 0.00000
1                845.048 56426.5804655428748  485.017                 0.00000
1                795.048 56426.5804680511392  476.560                 0.00000
1                745.048 56426.5804710481010  483.684                 0.00000
1                894.999 56426.5812279604746  670.620                 0.00000
1                845.048 56426.5812217389825  543.952                 0.00000
1                795.048 56426.5812242202394  610.256                 0.00000
1                745.048 56426.5812272415062  767.028                 0.00000
1                894.999 56451.4948150975886  677.164                 0.00000
1                845.048 56451.4948088569038  716.939                 0.00000
1                795.048 56451.4948113472583  723.383                 0.00000
1                745.048 56451.4948143585830  568.150                 0.00000
1                894.999 56451.4956294246933  505.918                 0.00000
1                845.048 56451.4956231941528  475.697                 0.00000
1                795.048 56451.4956256884587  515.321                 0.00000
1                745.048 56451.4956286897294  443.350                 0.00000
1                894.999 56451.4963938926062  607.478                 0.00000
1                845.048 56451.4963876655835  560.450                 0.00000
1                795.048 56451.4963901505043  552.609                 0.00000
1                745.048 56451.4963931593134  551.479                 0.00000
1                894.999 56472.4195928022292  635.369                 0.00000
1                845.048 56472.4195865767232  534.081                 0.00000
1                795.048 56472.4195890739607  526.214                 0.00000
1                745.048 56472.4195920855168  631.094                 0.00000
1                894.999 56472.4204071175898  667.818                 0.00000
1                845.048 56472.4204008991513  545.115                 0.00000
1                795.048 56472.4204033889862  629.509                 0.00000
1                745.048 56472.4204063893788  614.446                 0.00000
1                894.999 56472.4211716034413  730.777                 0.00000
1                845.048 56472.4211653607364  594.754                 0.00000
1                795.048 56472.4211678620270  634.237                 0.00000
1                745.048 56472.4211708679209  663.704                 0.00000
1                894.999 56494.4261023390774  591.052                 0.00000
1                845.048 56494.4260961108820  532.479                 0.00000
1                795.048 56494.4260985988785  602.025                 0.00000
1                745.048 56494.4261016134112  631.682                 0.00000
1                894.999 56494.4269249479808  623.555                 0.00000
1                845.048 56494.4269187309808  527.878                 0.00000
1                795.048 56494.4269212284532  577.167                 0.00000
1                745.048 56494.4269242326732  557.915                 0.00000
1                894.999 56494.4276977121201  763.279                 0.00000
1                845.048 56494.4276914916103  524.587                 0.00000
1                795.048 56494.4276939791127  559.426                 0.00000
1                745.048 56494.4276969910684  650.486                 0.00000
1                894.999 56520.2491557683155  609.959                 0.00000
1                845.048 56520.2491495479113  545.691                 0.00000
1                795.048 56520.2491520362006  565.806                 0.00000
1                745.048 56520.2491550482444  628.524                 0.00000
1                894.999 56520.2499700704682  482.512                 0.00000
1                845.048 56520.2499638485232  477.916                 0.00000
1                795.048 56520.2499663351364  567.187                 0.00000
1                745.048 56520.2499693459795  554.506                 0.00000
1                894.999 56520.2507262143220  619.812                 0.00000
1                845.048 56520.2507199969879  574.677                 0.00000
1                795.048 56520.2507224847028  499.262                 0.00000
1                745.048 56520.2507254827514  626.021                 0.00000
1                894.999 56537.2742497179020  589.010                 0.00000
1                845.048 56537.2742434848462  523.349                 0.00000
1                795.048 56537.2742459834414  518.365                 0.00000
1                745.048 56537.2742489838684  627.149                 0.00000
1                894.999 56537.2750640127934  569.098                 0.00000
1                845.048 56537.2750578050024  534.111                 0.00000
1                795.048 56537.2750602884432  607.998                 0.00000
1                745.048 56537.2750632954378  564.735                 0.00000
1                894.999 56537.2757703175920  568.472                 0.00000
1                845.048 56537.2757640880806  580.142                 0.00000
1                795.048 56537.2757665794491  516.327                 0.00000
1                745.048 56537.2757695880621  520.038                 0.00000
1                894.999 56538.2577066063707  621.712                 0.00000
1                845.048 56538.2577003795480  632.291                 0.00000
1                795.048 56538.2577028721230  635.568                 0.00000
1                745.048 56538.2577058679800  682.133                 0.00000
1                894.999 56538.2582882692690  690.493                 0.00000
1                845.048 56538.2582820377444  585.037                 0.00000
1                795.048 56538.2582845157419  719.828                 0.00000
1                745.048 56538.2582875392667  648.707                 0.00000
1                894.999 56538.2588117371708  711.336                 0.00000
1                845.048 56538.2588055021262  907.575                 0.00000
1                795.048 56538.2588100768896  2108.533                 0.00000
1                745.048 56538.2588110154951  732.628                 0.00000
1                894.999 56539.2459084307720  724.292                 0.00000
1                845.048 56539.2459022113119  656.968                 0.00000
1                795.048 56539.2459046932160  642.096                 0.00000
1                745.048 56539.2459076954535  695.975                 0.00000
1                894.999 56539.2464900861263  569.089                 0.00000
1                845.048 56539.2464838593201  735.181                 0.00000
1                795.048 56539.2464863455098  494.625                 0.00000
1                745.048 56539.2464893634327  535.392                 0.00000
1                894.999 56539.2470135529270  1103.209                 0.00000
1                845.048 56539.2470073337258  1019.737                 0.00000
1                795.048 56539.2470098295102  849.742                 0.00000
1                745.048 56539.2470128236674  820.843                 0.00000
1                894.999 56543.2411049577772  473.970                 0.00000
1                845.048 56543.2410987320455  462.509                 0.00000
1                795.048 56543.2411012170923  590.049                 0.00000
1                745.048 56543.2411042293473  549.896                 0.00000
1                894.999 56543.2416866032572  605.459                 0.00000
1                845.048 56543.2416803845837  474.345                 0.00000
1                795.048 56543.2416828661417  616.709                 0.00000
1                745.048 56543.2416858763142  595.355                 0.00000
1                894.999 56543.2422100592201  660.098                 0.00000
1                845.048 56543.2422038411875  525.556                 0.00000
1                795.048 56543.2422063356922  582.977                 0.00000
1                745.048 56543.2422093485878  637.676                 0.00000
1                894.999 56546.2518258464988  623.364                 0.00000
1                845.048 56546.2518196286137  444.843                 0.00000
1                795.048 56546.2518221103155  585.370                 0.00000
1                745.048 56546.2518251269998  564.966                 0.00000
1                894.999 56546.2526401671181  599.867                 0.00000
1                845.048 56546.2526339386390  567.995                 0.00000
1                795.048 56546.2526364309328  619.843                 0.00000
1                745.048 56546.2526394392670  519.768                 0.00000
1                894.999 56546.2533962875366  635.689                 0.00000
1                845.048 56546.2533900640937  562.355                 0.00000
1                795.048 56546.2533925763784  623.436                 0.00000
1                745.048 56546.2533955746036  563.916                 0.00000
1                894.999 56551.2058694505748  585.367                 0.00000
1                845.048 56551.2058632237268  482.108                 0.00000
1                795.048 56551.2058657074636  593.614                 0.00000
1                745.048 56551.2058687230024  538.077                 0.00000
1                894.999 56551.2066837638686  569.872                 0.00000
1                845.048 56551.2066775361880  500.506                 0.00000
1                795.048 56551.2066800273659  513.789                 0.00000
1                745.048 56551.2066830378098  559.014                 0.00000
1                894.999 56551.2074399142800  459.248                 0.00000
1                845.048 56551.2074336788673  413.731                 0.00000
1                795.048 56551.2074361697512  501.315                 0.00000
1                745.048 56551.2074391806105  460.280                 0.00000
1                894.999 56555.2183653013663  754.806                 0.00000
1                845.048 56555.2183590695270  600.598                 0.00000
1                795.048 56555.2183615671093  746.838                 0.00000
1                745.048 56555.2183645614221  746.732                 0.00000
1                894.999 56555.2191962327008  567.504                 0.00000
1                845.048 56555.2191899993393  463.610                 0.00000
1                795.048 56555.2191924952139  606.479                 0.00000
1                745.048 56555.2191954992814  564.835                 0.00000
1                894.999 56555.2199523779342  568.935                 0.00000
1                845.048 56555.2199461528404  607.819                 0.00000
1                795.048 56555.2199486490264  540.239                 0.00000
1                745.048 56555.2199516599162  509.815                 0.00000
1                894.999 56586.1789020213202  567.301                 0.00000
1                845.048 56586.1788957811414  494.016                 0.00000
1                795.048 56586.1788982858258  586.319                 0.00000
1                745.048 56586.1789012865772  580.620                 0.00000
1                894.999 56586.1797163543641  500.449                 0.00000
1                845.048 56586.1797101325022  537.682                 0.00000
1                795.048 56586.1797126183841  470.703                 0.00000
1                745.048 56586.1797156280593  512.659                 0.00000
1                894.999 56586.1804808506668  491.474                 0.00000
1                845.048 56586.1804746242212  468.747                 0.00000
1                795.048 56586.1804771050438  567.542                 0.00000
1                745.048 56586.1804801222953  609.495                 0.00000
1                894.999 56608.0850932399375  496.903                 0.00000
1                845.048 56608.0850870006352  442.659                 0.00000
1                795.048 56608.0850894918747  495.230                 0.00000
1                745.048 56608.0850924892819  615.472                 0.00000
1                894.999 56608.0859158849923  537.360                 0.00000
1                845.048 56608.0859096538751  523.091                 0.00000
1                795.048 56608.0859121474450  502.100                 0.00000
1                745.048 56608.0859151617555  605.248                 0.00000
1                894.999 56608.0866720639645  508.544                 0.00000
1                845.048 56608.0866658394209  471.501                 0.00000
1                795.048 56608.0866683315530  478.514                 0.00000
1                745.048 56608.0866713386373  464.445                 0.00000
1                894.999 56637.9828943416222  601.970                 0.00000
1                845.048 56637.9828881111739  857.602                 0.00000
1                795.048 56637.9828906118461  625.769                 0.00000
1                745.048 56637.9828936172051  510.496                 0.00000
1                894.999 56637.9837087224731  568.204                 0.00000
1                845.048 56637.9837024835546  988.169                 0.00000
1                795.048 56637.9837049791498  507.169                 0.00000
1                745.048 56637.9837080002939  555.250                 0.00000
1                894.999 56637.9844649239965  562.566                 0.00000
1                845.048 56637.9844587094287  633.579                 0.00000
1                795.048 56637.9844611974953  569.465                 0.00000
1                745.048 56637.9844642026134  628.945                 0.00000
1                894.999 56670.9157246204142  3798.846                 0.00000
1                845.048 56670.9157215708589  544.430                 0.00000
1                795.048 56670.9157240683310  611.263                 0.00000
1                745.048 56670.9157270572966  678.096                 0.00000
1                894.999 56670.9165411745530  1977.492                 0.00000
1                845.048 56670.9165359763221  485.284                 0.00000
1                795.048 56670.9165384674374  477.020                 0.00000
1                745.048 56670.9165414741498  555.799                 0.00000
1                894.999 56670.9172924096406  5178.536                 0.00000
1                845.048 56670.9172922019298  660.197                 0.00000
1                795.048 56670.9172946964325  726.273                 0.00000
1                745.048 56670.9172976995287  730.469                 0.00000
1                894.999 56543.2748904014026  478.774                 0.00000
1                845.048 56543.2748841692800  467.169                 0.00000
1                795.048 56543.2748866602778  486.342                 0.00000
1                745.048 56543.2748896717684  520.455                 0.00000
1                894.999 56543.2755883711587  605.806                 0.00000
1                845.048 56543.2755821389497  489.283                 0.00000
1                795.048 56543.2755846413569  593.674                 0.00000
1                745.048 56543.2755876295626  705.500                 0.00000
1                894.999 56543.2762364943384  604.155                 0.00000
1                845.048 56543.2762302600493  600.444                 0.00000
1                795.048 56543.2762327548755  622.355                 0.00000
1                745.048 56543.2762357795502  663.789                 0.00000
