 guppi_57508_0141+62_00    376.923  57508.9603182300305    0.00  100.28        1
 guppi_57508_0141+62_00    325.390  57508.9603178686581    0.00  120.75        1
 guppi_57508_0141+62_00    376.550  57508.9630263404613    0.00  202.16        1
 guppi_57508_0141+62_00    325.381  57508.9630263480745    0.00  109.53        1
 guppi_57536_0141+62_00    375.233  57536.9011426944284    0.00  124.81        1
 guppi_57536_0141+62_00    325.390  57536.9011425852626    0.00  103.95        1
 guppi_57536_0141+62_00    375.937  57536.9038404647230    0.00  128.80        1
 guppi_57536_0141+62_00    325.390  57536.9038401633983    0.00   93.79        1
 guppi_57570_0141+62_00    375.245  57570.8146157162266    0.00  105.39        1
 guppi_57570_0141+62_00    325.399  57570.8146156073788    0.00   91.17        1
C guppi_57607_0141+62_00    375.708  57607.7302360087360    0.00  390.66        1
 guppi_57607_0141+62_00    325.390  57607.7302356011327    0.00  119.15        1
 guppi_57607_0141+62_00    376.136  57607.7329429769076    0.00  205.70        1
 guppi_57607_0141+62_00    325.140  57607.7329429647854    0.00  181.79        1
 guppi_57637_0141+62_00    375.306  57637.6281532647185    0.00  124.59        1
 guppi_57637_0141+62_00    325.296  57637.6281532617144    0.00  123.17        1
 guppi_57700_0141+62_00    376.116  57700.4813257662760    0.00  182.85        1
 guppi_57700_0141+62_00    325.251  57700.4813256589933    0.00  152.06        1
 guppi_57754_0141+62_00    374.835  57754.3187955981431    0.00  147.91        1
 guppi_57754_0141+62_00    325.251  57754.3187953948445    0.00  137.05        1
 guppi_57789_0141+62_00    375.079  57789.2193248173682    0.00  133.90        1
 guppi_57789_0141+62_00    325.255  57789.2193247300470    0.00  129.54        1
 guppi_57508_0141+62_00    376.923  57508.9603182308897    0.00  100.28        1
 guppi_57508_0141+62_00    325.390  57508.9603178695173    0.00  120.75        1
 guppi_57508_0141+62_00    376.550  57508.9630263413205    0.00  202.16        1
 guppi_57508_0141+62_00    325.381  57508.9630263489337    0.00  109.53        1
 guppi_57536_0141+62_00    375.233  57536.9011426952876    0.00  124.81        1
 guppi_57536_0141+62_00    325.390  57536.9011425861218    0.00  103.95        1
 guppi_57536_0141+62_00    375.937  57536.9038404655822    0.00  128.80        1
 guppi_57536_0141+62_00    325.390  57536.9038401642575    0.00   93.79        1
 guppi_57570_0141+62_00    375.245  57570.8146157170858    0.00  105.39        1
 guppi_57570_0141+62_00    325.399  57570.8146156082380    0.00   91.17        1
C guppi_57607_0141+62_00    375.708  57607.7302360095952    0.00  390.66        1
 guppi_57607_0141+62_00    325.390  57607.7302356019919    0.00  119.15        1
 guppi_57607_0141+62_00    376.136  57607.7329429777668    0.00  205.70        1
 guppi_57607_0141+62_00    325.140  57607.7329429656447    0.00  181.79        1
 guppi_57637_0141+62_00    375.306  57637.6281532655777    0.00  124.59        1
 guppi_57637_0141+62_00    325.296  57637.6281532625736    0.00  123.17        1
 guppi_57700_0141+62_00    376.116  57700.4813257671352    0.00  182.85        1
 guppi_57700_0141+62_00    325.251  57700.4813256598525    0.00  152.06        1
 guppi_57754_0141+62_00    374.835  57754.3187955990023    0.00  147.91        1
 guppi_57754_0141+62_00    325.251  57754.3187953957037    0.00  137.05        1
 guppi_57789_0141+62_00    375.079  57789.2193248182274    0.00  133.90        1
 guppi_57789_0141+62_00    325.255  57789.2193247309062    0.00  129.54        1
 GUPPI_J0141+62_0_57072    867.275  57072.6453205704877    0.00  108.69        1
 GUPPI_J0141+62_0_57072    769.546  57072.6453209576623    0.00  166.12        1
 GUPPI_J0141+62_1_57072    866.966  57072.6475434508848    0.00  163.45        1
 GUPPI_J0141+62_1_57072    769.500  57072.6475438194519    0.00  130.02        1
 GUPPI_J0141+62_2_57072    866.748  57072.6497430889250    0.00  152.42        1
 GUPPI_J0141+62_2_57072    769.568  57072.6497434453890    0.00  143.13        1
 GUPPI_J0141+62_57101_7    865.866  57101.8552675322674    0.00   86.98        1
 GUPPI_J0141+62_57101_7    769.523  57101.8552678576641    0.00   80.35        1
 GUPPI_J0141+62_57101_7    865.988  57101.8587066013557    0.00  109.12        1
 GUPPI_J0141+62_57101_7    769.559  57101.8587069311593    0.00  103.86        1
 GUPPI_J0141+62_57131_6    865.182  57131.7597729534650    0.00   76.10        1
 GUPPI_J0141+62_57131_6    769.922  57131.7597732284351    0.00   61.27        1
 GUPPI_J0141+62_57131_6    865.201  57131.7631508834741    0.00   76.50        1
 GUPPI_J0141+62_57131_6    769.908  57131.7631511600767    0.00   52.36        1
 GUPPI_J0141+62_57131_6    865.325  57131.7655951777479    0.00   68.95        1
 GUPPI_J0141+62_57131_6    769.871  57131.7655954600977    0.00  101.77        1
 GUPPI_J0141+62_57161_4    865.671  57161.4814953521980    0.00   88.71        1
 GUPPI_J0141+62_57161_4    769.532  57161.4814956700525    0.00   71.74        1
 GUPPI_J0141+62_57161_4    865.494  57161.4848704736882    0.00   59.07        1
 GUPPI_J0141+62_57161_4    769.520  57161.4848707833660    0.00   98.29        1
 GUPPI_J0141+62_57161_4    865.570  57161.4873190090268    0.00  125.70        1
C GUPPI_J0141+62_57161_4    769.537  57161.4873193215330    0.00  280.22        1
 GUPPI_J0141+62_57192_3    864.737  57192.4154715654466    0.00   96.49        1
 GUPPI_J0141+62_57192_3    770.413  57192.4154717959521    0.00   64.37        1
 GUPPI_J0141+62_57192_3    864.395  57192.4189557194568    0.00   91.97        1
 GUPPI_J0141+62_57192_3    770.959  57192.4189559064448    0.00   92.82        1
 GUPPI_J0141+62_57192_3    864.498  57192.4224020393911    0.00   93.56        1
 GUPPI_J0141+62_57192_3    770.795  57192.4224022347569    0.00   90.52        1
 GUPPI_J0141+62_57220_2    866.824  57220.3041771195218    0.00   82.73        1
 GUPPI_J0141+62_57220_2    768.691  57220.3041769920326    0.00   89.25        1
 GUPPI_J0141+62_57220_2    866.615  57220.3075590887943    0.00  115.27        1
 GUPPI_J0141+62_57220_2    768.612  57220.3075589589109    0.00   82.10        1
 GUPPI_J0141+62_57220_2    866.627  57220.3109361893850    0.00  100.66        1
 GUPPI_J0141+62_57220_2    768.627  57220.3109360575189    0.00   78.57        1
C GUPPI_J0141+62_57220_2    866.417  57220.3127435554769    0.00  263.30        1
C GUPPI_J0141+62_57220_2    768.655  57220.3127433940267    0.00  212.08        1
 GUPPI_J0141+62_57249_3    866.202  57249.3845280465767    0.00   89.39        1
 GUPPI_J0141+62_57249_3    769.203  57249.3845284065801    0.00   71.45        1
 GUPPI_J0141+62_57249_3    866.077  57249.3879040441234    0.00  125.56        1
 GUPPI_J0141+62_57249_3    769.217  57249.3879043993980    0.00   86.42        1
 GUPPI_J0141+62_57249_3    866.081  57249.3912870605290    0.00   80.24        1
 GUPPI_J0141+62_57249_3    769.238  57249.3912874111960    0.00   68.76        1
C GUPPI_J0141+62_57249_3    866.061  57249.3930910190036    0.00  191.75        1
 GUPPI_J0141+62_57249_3    769.289  57249.3930912875930    0.00  173.42        1
 GUPPI_J0141+62_57278_1    866.605  57278.1823637329748    0.00   86.79        1
 GUPPI_J0141+62_57278_1    769.649  57278.1823640834391    0.00   72.26        1
 GUPPI_J0141+62_57278_1    866.609  57278.1858580636631    0.00   78.45        1
 GUPPI_J0141+62_57278_1    769.700  57278.1858584109923    0.00   50.22        1
 GUPPI_J0141+62_57278_1    866.625  57278.1892956693811    0.00   84.05        1
 GUPPI_J0141+62_57278_1    769.699  57278.1892960165077    0.00   60.34        1
 GUPPI_J0141+62_57289_2    865.882  57289.2415030317944    0.00   67.87        1
 GUPPI_J0141+62_57289_2    770.290  57289.2415033172103    0.00   57.49        1
 GUPPI_J0141+62_57290_1    866.875  57290.2308925462264    0.00   64.16        1
 GUPPI_J0141+62_57290_1    769.718  57290.2308929019572    0.00   54.86        1
 GUPPI_J0141+62_57292_2    866.681  57292.2384741982997    0.00   59.35        1
 GUPPI_J0141+62_57292_2    769.700  57292.2384745480858    0.00   46.36        1
 GUPPI_J0141+62_57293_2    866.791  57293.2434641537566    0.00   52.43        1
 GUPPI_J0141+62_57293_2    769.932  57293.2434644950272    0.00   49.46        1
 GUPPI_J0141+62_57297_1    867.349  57297.2327209336709    0.00   65.12        1
 GUPPI_J0141+62_57297_1    769.909  57297.2327212977120    0.00   56.20        1
 GUPPI_J0141+62_57307_1    866.670  57307.2044159936040    0.00   72.17        1
 GUPPI_J0141+62_57307_1    770.290  57307.2044163065061    0.00   44.24        1
 GUPPI_J0141+62_57308_0    867.205  57308.0608729148423    0.00   52.25        1
 GUPPI_J0141+62_57308_0    769.706  57308.0608732843386    0.00   39.09        1
 GUPPI_J0141+62_57308_0    866.988  57308.0643619322809    0.00   42.61        1
 GUPPI_J0141+62_57308_0    769.630  57308.0643622968484    0.00   37.24        1
 GUPPI_J0141+62_57308_0    867.083  57308.0678023112661    0.00   47.14        1
 GUPPI_J0141+62_57308_0    769.741  57308.0678026742884    0.00   40.49        1
 GUPPI_J0141+62_57339_1    866.370  57339.1430399566737    0.00   53.12        1
 GUPPI_J0141+62_57339_1    769.662  57339.1430402944286    0.00   47.95        1
 GUPPI_J0141+62_57339_1    866.208  57339.1465258487820    0.00   67.87        1
 GUPPI_J0141+62_57339_1    769.689  57339.1465261794294    0.00   45.52        1
 GUPPI_J0141+62_57339_1    866.270  57339.1499674285835    0.00   60.91        1
 GUPPI_J0141+62_57339_1    769.706  57339.1499677616517    0.00   60.00        1
 GUPPI_J0141+62_57367_0    865.916  57367.0747258973862    0.00   62.38        1
 GUPPI_J0141+62_57367_0    769.563  57367.0747262245387    0.00   49.94        1
 GUPPI_J0141+62_57367_0    866.491  57367.0782210577138    0.00   45.35        1
 GUPPI_J0141+62_57367_0    769.576  57367.0782214063106    0.00   63.07        1
 GUPPI_J0141+62_57367_0    866.597  57367.0816524792260    0.00   53.14        1
 GUPPI_J0141+62_57367_0    769.538  57367.0816528356644    0.00   50.35        1
 GUPPI_J0141+62_57397_0    866.065  57397.0916978388592    0.00   80.94        1
 GUPPI_J0141+62_57397_0    769.340  57397.0916981826310    0.00   60.83        1
 GUPPI_J0141+62_57397_0    865.854  57397.0951380114411    0.00   60.94        1
 GUPPI_J0141+62_57397_0    769.280  57397.0951383509038    0.00   66.77        1
