1                894.404 56332.7406682046011  229.436                 0.00000
1                845.451 56332.7406684721108  268.753                 0.00000
1                795.047 56332.7406688130445  409.709                 0.00000
1                745.047 56332.7406692174257  396.650                 0.00000
1                894.404 56332.7414828945710  201.693                 0.00000
1                845.451 56332.7414831753055  198.497                 0.00000
1                795.047 56332.7414835102775  321.057                 0.00000
1                745.047 56332.7414839127925  282.362                 0.00000
1                894.404 56332.7422409633924  220.549                 0.00000
1                845.451 56332.7422412275497  242.340                 0.00000
1                795.047 56332.7422415699751  316.238                 0.00000
1                745.047 56332.7422419712195  400.203                 0.00000
1                894.979 56348.8110838135847  215.139                 0.00000
1                844.824 56348.8110840993273  151.052                 0.00000
1                795.047 56348.8110844273993  356.925                 0.00000
1                745.047 56348.8110848287247  268.220                 0.00000
1                894.979 56348.8118985138281  174.712                 0.00000
1                844.824 56348.8118987918646  156.282                 0.00000
1                795.047 56348.8118991204371  302.338                 0.00000
1                745.047 56348.8118995276943  209.637                 0.00000
1                894.979 56348.8126522148888  224.956                 0.00000
1                844.824 56348.8126524962640  200.634                 0.00000
1                795.047 56348.8126528218234  334.535                 0.00000
1                745.047 56348.8126532280937  261.876                 0.00000
1                894.944 56365.7775759732840  223.291                 0.00000
1                845.047 56365.7775762529246  171.402                 0.00000
1                795.047 56365.7775765902328  195.420                 0.00000
1                745.047 56365.7775769878149  256.722                 0.00000
1                894.944 56365.7783732370624  261.156                 0.00000
1                845.047 56365.7783735135495  150.531                 0.00000
1                795.047 56365.7783738452282  199.560                 0.00000
1                745.047 56365.7783742465368  281.023                 0.00000
1                894.944 56365.7791312870100  170.771                 0.00000
1                845.047 56365.7791315657640  135.708                 0.00000
1                795.047 56365.7791319004695  158.224                 0.00000
1                745.047 56365.7791323068246  217.370                 0.00000
1                894.938 56406.6174752331264  325.012                 0.00000
1                845.047 56406.6174755198282  234.801                 0.00000
1                795.047 56406.6174758554290  283.814                 0.00000
1                745.072 56406.6174762436993  336.333                 0.00000
1                894.938 56406.6182898847912  679.320                 0.00000
1                845.047 56406.6182901701031  315.809                 0.00000
1                795.047 56406.6182904968440  519.392                 0.00000
1                745.072 56406.6182908963645  458.564                 0.00000
1                894.938 56406.6190478999712  355.976                 0.00000
1                845.047 56406.6190481830177  273.029                 0.00000
1                795.047 56406.6190485153234  342.585                 0.00000
1                745.072 56406.6190489239046  321.817                 0.00000
1                895.027 56426.5734002643737  144.565                 0.00000
1                845.047 56426.5734005487326  196.297                 0.00000
1                795.047 56426.5734008736192  282.246                 0.00000
1                746.494 56426.5734012635991  234.890                 0.00000
1                895.027 56426.5742148938969  110.776                 0.00000
1                845.047 56426.5742151757189  175.080                 0.00000
1                795.047 56426.5742155093895  260.608                 0.00000
1                746.494 56426.5742158958244  207.012                 0.00000
1                895.027 56426.5749728952879  151.668                 0.00000
1                845.047 56426.5749731719588  256.014                 0.00000
1                795.047 56426.5749735088952  333.121                 0.00000
1                746.494 56426.5749738968497  280.200                 0.00000
1                895.040 56451.4886444974050  302.168                 0.00000
1                845.516 56451.4886447803220  497.584                 0.00000
1                795.047 56451.4886451034411  280.903                 0.00000
1                745.047 56451.4886455089111  328.158                 0.00000
1                895.040 56451.4894634503442  331.784                 0.00000
1                845.516 56451.4894637137463  865.458                 0.00000
1                795.047 56451.4894640732951  298.126                 0.00000
1                745.047 56451.4894644739895  380.846                 0.00000
1                895.041 56451.4902257805068  400.857                 0.00000
1                845.516 56451.4902260631586  556.565                 0.00000
1                795.047 56451.4902263936007  356.063                 0.00000
1                745.047 56451.4902268126973  481.455                 0.00000
1                896.016 56472.4135110584357  151.376                 0.00000
1                845.047 56472.4135113418125  228.365                 0.00000
1                794.694 56472.4135116770106  289.436                 0.00000
1                746.275 56472.4135120638085  281.581                 0.00000
1                896.016 56472.4143082213090  127.137                 0.00000
1                845.047 56472.4143085084119  175.939                 0.00000
1                794.694 56472.4143088393794  218.276                 0.00000
1                746.275 56472.4143092306655  260.807                 0.00000
1                896.016 56472.4150661750463  120.739                 0.00000
1                845.047 56472.4150664591254  186.267                 0.00000
1                794.694 56472.4150667885130  175.830                 0.00000
1                746.275 56472.4150671851513  208.461                 0.00000
1                894.998 56494.4191978950988  246.943                 0.00000
1                845.047 56494.4191981767813  303.866                 0.00000
1                794.581 56494.4191985153448  276.739                 0.00000
1                745.047 56494.4191989167735  290.604                 0.00000
1                894.998 56494.4200168218330  237.577                 0.00000
1                845.047 56494.4200171063290  369.245                 0.00000
1                794.581 56494.4200174433658  321.640                 0.00000
1                745.047 56494.4200178351934  408.632                 0.00000
1                894.998 56494.4207704155968  253.405                 0.00000
1                845.047 56494.4207706857380  358.315                 0.00000
1                794.581 56494.4207710280684  275.407                 0.00000
1                745.047 56494.4207714327170  430.742                 0.00000
1                894.998 56520.2428900732859  232.396                 0.00000
1                845.047 56520.2428903509984  254.728                 0.00000
1                795.047 56520.2428906944803  267.802                 0.00000
1                746.163 56520.2428910776092  274.321                 0.00000
1                894.998 56520.2437046456466  295.403                 0.00000
1                845.047 56520.2437049184003  336.565                 0.00000
1                795.047 56520.2437052521058  321.011                 0.00000
1                746.163 56520.2437056493508  298.076                 0.00000
1                894.998 56520.2444625754541  264.244                 0.00000
1                845.047 56520.2444628557443  252.623                 0.00000
1                795.047 56520.2444631860951  322.409                 0.00000
1                746.163 56520.2444635808331  268.523                 0.00000
1                894.998 56537.2677274540724  365.374                 0.00000
1                845.047 56537.2677277399609  311.661                 0.00000
1                794.296 56537.2677280782927  306.073                 0.00000
1                745.047 56537.2677284745761  384.612                 0.00000
1                894.998 56537.2685463757528  299.906                 0.00000
1                845.047 56537.2685466633687  280.738                 0.00000
1                794.296 56537.2685469935664  269.810                 0.00000
1                745.047 56537.2685473938719  306.226                 0.00000
1                894.998 56537.2692433490143  401.227                 0.00000
1                845.047 56537.2692436233174  304.948                 0.00000
1                794.296 56537.2692439650250  366.131                 0.00000
1                745.047 56537.2692443542966  389.415                 0.00000
1                894.998 56538.2517653460040  260.049                 0.00000
1                845.425 56538.2517612601114  312.322                 0.00000
1                794.520 56538.2517616051669  410.978                 0.00000
1                745.047 56538.2517620047765  400.590                 0.00000
1                894.998 56538.2525799147679  277.424                 0.00000
1                845.425 56538.2525758359128  302.729                 0.00000
1                794.520 56538.2525761749963  466.645                 0.00000
1                745.047 56538.2525765691434  429.857                 0.00000
1                894.998 56538.2532812314726  326.484                 0.00000
1                845.425 56538.2532771410307  323.233                 0.00000
1                794.520 56538.2532774872068  371.164                 0.00000
1                745.047 56538.2532778771899  462.557                 0.00000
1                897.252 56539.2400072138269  384.326                 0.00000
1                843.253 56539.2400075102607  298.102                 0.00000
1                795.047 56539.2400078351190  383.447                 0.00000
1                747.151 56539.2400082165879  471.272                 0.00000
1                897.252 56539.2408261391276  375.113                 0.00000
1                843.253 56539.2408264419448  375.029                 0.00000
1                795.047 56539.2408267598878  367.059                 0.00000
1                747.151 56539.2408271512039  436.964                 0.00000
1                897.252 56539.2415230951332  461.941                 0.00000
1                843.253 56539.2415233936355  349.332                 0.00000
1                795.047 56539.2415237102079  429.357                 0.00000
1                747.151 56539.2415241042489  402.387                 0.00000
1                895.560 56539.2987522509811  344.956                 0.00000
1                844.855 56539.2987525343894  386.195                 0.00000
1                795.047 56539.2987528701642  438.944                 0.00000
1                743.554 56539.2987532834960  299.606                 0.00000
1                895.560 56539.2994535680329  375.630                 0.00000
1                844.855 56539.2994538545651  332.849                 0.00000
1                795.047 56539.2994541830546  427.063                 0.00000
1                743.554 56539.2994545873089  421.654                 0.00000
1                895.560 56539.3000939144525  586.634                 0.00000
1                844.855 56539.3000941955353  428.323                 0.00000
1                795.047 56539.3000945252463  768.585                 0.00000
1                743.554 56539.3000949470717  588.589                 0.00000
1                894.998 56543.2351938268383  294.467                 0.00000
1                845.227 56543.2351941112514  224.207                 0.00000
1                795.029 56543.2351944485135  301.139                 0.00000
1                745.047 56543.2351948448850  247.006                 0.00000
1                894.998 56543.2360301873786  178.838                 0.00000
1                845.227 56543.2360304627573  160.021                 0.00000
1                795.029 56543.2360308002824  221.631                 0.00000
1                745.047 56543.2360311953644  216.258                 0.00000
1                894.998 56543.2367271367668  271.122                 0.00000
1                845.227 56543.2367274271659  225.591                 0.00000
1                795.029 56543.2367277559955  258.552                 0.00000
1                745.047 56543.2367281592836  298.652                 0.00000
1                894.998 56546.2455889358511  207.345                 0.00000
1                845.047 56546.2455892118711  321.106                 0.00000
1                793.914 56546.2455895539814  301.220                 0.00000
1                745.855 56546.2455855851911  320.418                 0.00000
1                894.998 56546.2464035107794  229.701                 0.00000
1                845.047 56546.2464037906643  329.639                 0.00000
1                793.914 56546.2464041361018  396.971                 0.00000
1                745.855 56546.2464001663765  373.556                 0.00000
1                894.998 56546.2471614578767  229.126                 0.00000
1                845.047 56546.2471617360248  241.466                 0.00000
1                793.914 56546.2471620711632  354.908                 0.00000
1                745.855 56546.2471581145548  356.943                 0.00000
1                895.153 56551.1997779038489  135.589                 0.00000
1                845.047 56551.1997781830769   80.262                 0.00000
1                795.047 56551.1997785176888  146.492                 0.00000
1                745.047 56551.1997789177584  166.688                 0.00000
1                895.153 56551.2005924804012  142.325                 0.00000
1                845.047 56551.2005927619493   85.324                 0.00000
1                795.047 56551.2005930938488  142.827                 0.00000
1                745.047 56551.2005934955031  169.009                 0.00000
1                895.153 56551.2013504303002  132.729                 0.00000
1                845.047 56551.2013507119797   87.907                 0.00000
1                795.047 56551.2013510481587  152.062                 0.00000
1                745.047 56551.2013514458444  189.784                 0.00000
1                895.078 56555.2121327132586  254.194                 0.00000
1                845.047 56555.2121329923574  168.987                 0.00000
1                795.047 56555.2121333259585  273.500                 0.00000
1                745.466 56555.2121337226501  188.590                 0.00000
1                895.078 56555.2129472887367  319.661                 0.00000
1                845.047 56555.2129475720468  195.349                 0.00000
1                795.047 56555.2129479028877  269.859                 0.00000
1                745.466 56555.2129483024629  193.111                 0.00000
1                895.078 56555.2136486205362  376.515                 0.00000
1                845.047 56555.2136489041224  299.921                 0.00000
1                795.047 56555.2136492383436  502.099                 0.00000
1                745.466 56555.2136496302085  249.605                 0.00000
1                894.998 56586.1719501378876  177.868                 0.00000
1                845.047 56586.1719504137648  238.362                 0.00000
1                794.891 56586.1719507533070  221.848                 0.00000
1                745.289 56586.1719467901963  311.528                 0.00000
1                894.998 56586.1727647435732  150.050                 0.00000
1                845.047 56586.1727650215812  196.207                 0.00000
1                794.891 56586.1727653566111  171.092                 0.00000
1                745.289 56586.1727614028886  224.107                 0.00000
1                894.998 56586.1735227226725  172.054                 0.00000
1                845.047 56586.1735230015473  287.555                 0.00000
1                794.891 56586.1735233344868  186.405                 0.00000
1                745.289 56586.1735193815416  278.408                 0.00000
1                894.993 56608.0752417573734  187.296                 0.00000
1                845.047 56608.0752376816804  184.346                 0.00000
1                795.047 56608.0752380155466  176.751                 0.00000
1                745.047 56608.0752384168000  222.294                 0.00000
1                894.993 56608.0760563938223  148.807                 0.00000
1                845.047 56608.0760523136379  157.011                 0.00000
1                795.047 56608.0760526495828  153.398                 0.00000
1                745.047 56608.0760530526989  201.663                 0.00000
1                894.993 56608.0768143869459  188.356                 0.00000
1                845.047 56608.0768103149617  187.919                 0.00000
1                795.047 56608.0768106421706  165.586                 0.00000
1                745.047 56608.0768110515607  238.025                 0.00000
1                894.993 56637.9731347288548  247.884                 0.00000
1                845.047 56637.9731350062234  572.023                 0.00000
1                795.047 56637.9731353440494  418.325                 0.00000
1                745.047 56637.9731357450458  343.751                 0.00000
1                894.993 56637.9739493917459  231.772                 0.00000
1                845.047 56637.9739496667494  435.476                 0.00000
1                795.047 56637.9739500034443  472.828                 0.00000
1                745.047 56637.9739504067414  443.475                 0.00000
1                894.993 56637.9747074253934  311.154                 0.00000
1                845.047 56637.9747077072302  526.414                 0.00000
1                795.047 56637.9747080433533  317.230                 0.00000
1                745.047 56637.9747084436622  486.588                 0.00000
1                894.818 56670.9058593357703  294.520                 0.00000
1                845.047 56670.9058596103649  321.909                 0.00000
1                795.047 56670.9058599380923  270.398                 0.00000
1                745.047 56670.9058603441502  365.582                 0.00000
1                894.818 56670.9066783803081  357.105                 0.00000
1                845.047 56670.9066786553067  301.993                 0.00000
1                795.047 56670.9066789915582  281.598                 0.00000
1                745.047 56670.9066793897213  409.367                 0.00000
1                894.818 56670.9074364330969  313.586                 0.00000
1                845.047 56670.9074367162940  326.362                 0.00000
1                795.047 56670.9074370504147  320.200                 0.00000
1                745.047 56670.9074374451663  415.519                 0.00000
