MODE 1
1                915.360 56351.2247926158858  678.723                 0.00000
1                845.048 56351.2247932606649  558.027                 0.00000
1                795.048 56351.2247938242150  750.457                 0.00000
1                745.048 56351.2247945134528  683.794                 0.00000
1                915.360 56351.2254876184595  477.020                 0.00000
1                845.048 56351.2254882655644  338.592                 0.00000
1                795.048 56351.2254888458239  345.639                 0.00000
1                745.048 56351.2254895274534  374.841                 0.00000
1                915.360 56351.2261352903674  693.762                 0.00000
1                845.048 56351.2261359324019  481.294                 0.00000
1                795.048 56351.2261364849345  532.118                 0.00000
1                745.048 56351.2261371804717  524.861                 0.00000
1                915.360 56365.1254921296359  483.849                 0.00000
1                845.048 56365.1254927905061  427.887                 0.00000
1                795.048 56365.1254933556858  481.341                 0.00000
1                745.048 56365.1254940429495  484.419                 0.00000
1                915.360 56365.1261871398692  663.979                 0.00000
1                844.801 56365.1261877963741  574.864                 0.00000
1                795.048 56365.1261883623136  523.138                 0.00000
1                745.048 56365.1261890584721  818.801                 0.00000
1                915.360 56365.1268347867211  751.294                 0.00000
1                845.048 56365.1268354343221  691.006                 0.00000
1                793.709 56365.1268360204297  608.780                 0.00000
1                745.048 56365.1268367099225  881.852                 0.00000
1                915.360 56385.0467624489969  1096.261                 0.00000
1                844.888 56385.0467631325974  706.133                 0.00000
1                795.443 56385.0467636810149  742.092                 0.00000
1                745.048 56385.0467643605797  915.034                 0.00000
1                915.360 56385.0474574881464  1004.934                 0.00000
1                845.594 56385.0474581197617  804.318                 0.00000
1                794.999 56385.0474586892312  822.957                 0.00000
1                745.048 56385.0474593846903  616.483                 0.00000
1                915.360 56385.0480893161701  654.617                 0.00000
1                845.494 56385.0480899539125  601.379                 0.00000
1                795.048 56385.0480905415539  521.511                 0.00000
1                745.048 56385.0480912373735  587.569                 0.00000
1                895.048 56406.0618422550525  723.818                 0.00000
1                845.048 56406.0618427089038  506.695                 0.00000
1                794.944 56406.0618432826977  742.869                 0.00000
1                745.048 56406.0618439741515  866.547                 0.00000
1                895.048 56406.0625688314053  932.662                 0.00000
1                845.048 56406.0625692957628  723.166                 0.00000
1                794.944 56406.0625698708461  769.524                 0.00000
1                745.082 56406.0625705651395  675.233                 0.00000
1                895.048 56406.0632006643460  2329.953                 0.00000
1                845.048 56406.0632011219013  1903.180                 0.00000
1                794.944 56406.0632017003212  1104.299                 0.00000
1                745.048 56406.0632023850145  1476.755                 0.00000
1                894.046 56414.0322354460841  646.318                 0.00000
1                845.048 56414.0322359140016  518.206                 0.00000
1                795.205 56414.0322364810389  596.969                 0.00000
1                746.597 56414.0322371528231  498.772                 0.00000
1                894.046 56414.0329462419322  1014.397                 0.00000
1                845.048 56414.0329467048121  834.791                 0.00000
1                795.205 56414.0329472784593  963.828                 0.00000
1                746.597 56414.0329479422245  785.847                 0.00000
1                894.046 56414.0335780379174  496.949                 0.00000
1                845.048 56414.0335785033467  551.129                 0.00000
1                795.205 56414.0335790718484  519.177                 0.00000
1                746.597 56414.0335797388693  509.397                 0.00000
1                893.895 56415.0143301412525  1076.705                 0.00000
1                845.048 56415.0143306109141  694.392                 0.00000
1                795.110 56415.0143311909754  843.034                 0.00000
1                746.597 56415.0143318467917  1061.191                 0.00000
1                895.132 56415.0150093307930  609.989                 0.00000
1                844.006 56415.0150098232006  454.308                 0.00000
1                795.110 56415.0150103832531  531.122                 0.00000
1                746.747 56415.0150110607460  599.663                 0.00000
1                893.895 56415.0157359236961  647.003                 0.00000
1                845.048 56415.0157363964741  506.678                 0.00000
1                795.111 56415.0157369518114  672.242                 0.00000
1                746.597 56415.0157376265818  517.047                 0.00000
1                895.048 56416.0181266760545  602.939                 0.00000
1                845.048 56416.0181271487489  442.893                 0.00000
1                795.048 56416.0181277289945  471.657                 0.00000
1                745.048 56416.0181284045086  447.452                 0.00000
1                895.048 56416.0188216842348  345.482                 0.00000
1                845.048 56416.0188221358458  359.055                 0.00000
1                795.032 56416.0188227171935  492.827                 0.00000
1                745.048 56416.0188234070655  424.652                 0.00000
1                895.048 56416.0194692833099  592.111                 0.00000
1                845.107 56416.0194697593924  477.188                 0.00000
1                795.048 56416.0194703185026  611.730                 0.00000
1                745.048 56416.0194710047062  525.513                 0.00000
1                895.048 56416.0613586392222  515.563                 0.00000
1                845.048 56416.0613591215830  541.860                 0.00000
1                794.944 56416.0613596847223  642.695                 0.00000
1                745.048 56416.0613603726379  557.257                 0.00000
1                894.834 56416.0620536234821  622.043                 0.00000
1                845.048 56416.0620541175222  780.948                 0.00000
1                794.944 56416.0620546733201  720.035                 0.00000
1                745.048 56416.0620553575190  616.390                 0.00000
1                894.687 56416.0626696440555  578.285                 0.00000
1                845.048 56416.0626701139394  606.396                 0.00000
1                794.944 56416.0626706955749  647.810                 0.00000
1                745.048 56416.0626713804216  566.159                 0.00000
1                893.726 56418.0245004389368  1079.094                 0.00000
1                845.048 56418.0245008858070  978.963                 0.00000
1                795.048 56418.0245014582663  1042.289                 0.00000
1                745.048 56418.0245021302042  1288.410                 0.00000
1                893.726 56418.0251954269294  545.459                 0.00000
1                845.048 56418.0251958964975  463.611                 0.00000
1                795.048 56418.0251964621331  583.940                 0.00000
1                745.048 56418.0251971500895  542.979                 0.00000
1                893.726 56418.0258904157583  422.238                 0.00000
1                845.048 56418.0258908878009  374.169                 0.00000
1                795.048 56418.0258914496008  527.419                 0.00000
1                745.048 56418.0258921369689  465.433                 0.00000
1                893.726 56418.0265380317179  828.612                 0.00000
1                845.048 56418.0265384808105  538.950                 0.00000
1                795.048 56418.0265390745217  786.791                 0.00000
1                745.048 56418.0265397688721  645.670                 0.00000
1                895.007 56423.0037633422696  465.070                 0.00000
1                845.048 56423.0037638165599  370.637                 0.00000
1                795.048 56423.0037643906296  474.640                 0.00000
1                745.048 56423.0037650677373  461.189                 0.00000
1                893.867 56431.9841285675456  571.980                 0.00000
1                845.048 56431.9841290378575  491.525                 0.00000
1                795.110 56431.9841296175981  529.139                 0.00000
1                746.597 56431.9841302782963  546.158                 0.00000
1                893.867 56431.9848393789695  866.345                 0.00000
1                845.048 56431.9848398650549  806.185                 0.00000
1                795.110 56431.9848404304469  914.716                 0.00000
1                746.597 56431.9848410929450  855.528                 0.00000
1                893.867 56431.9854711891404  1131.428                 0.00000
1                845.048 56431.9854716643579  1030.687                 0.00000
1                795.110 56431.9854722439670  1639.578                 0.00000
1                746.634 56431.9854728801460  1277.015                 0.00000
1                915.360 56449.9331527201328  664.171                 0.00000
1                845.048 56449.9331533675883  602.319                 0.00000
1                795.048 56449.9331539469660  620.135                 0.00000
1                745.718 56449.9331546130029  561.370                 0.00000
1                915.360 56449.9338634918730  1018.218                 0.00000
1                845.048 56449.9338641343829  1098.733                 0.00000
1                795.048 56449.9338647072328  1311.592                 0.00000
1                745.718 56449.9338653831711  1108.838                 0.00000
1                915.360 56449.9344952761388  632.719                 0.00000
1                845.048 56449.9344959478251  557.050                 0.00000
1                795.048 56449.9344965046841  502.450                 0.00000
1                745.718 56449.9344971926645  582.192                 0.00000
1                893.895 56470.9264345125534  521.547                 0.00000
1                845.048 56470.9264349793088  513.836                 0.00000
1                795.205 56470.9264355478079  573.527                 0.00000
1                746.597 56470.9264362108476  544.386                 0.00000
1                893.895 56470.9270978762522  400.605                 0.00000
1                845.048 56470.9270983367632  346.257                 0.00000
1                795.205 56470.9270989152028  353.293                 0.00000
1                746.597 56470.9270995708435  393.612                 0.00000
1                893.895 56470.9277296715988  1008.310                 0.00000
1                845.048 56470.9277301137244  884.713                 0.00000
1                795.205 56470.9277306958798  673.995                 0.00000
1                746.597 56470.9277313688890  870.027                 0.00000
1                893.895 56494.9166029286762  1412.320                 0.00000
1                845.048 56494.9166033943229  674.401                 0.00000
1                795.110 56494.9166039689781  938.361                 0.00000
1                746.170 56494.9166046407880  845.971                 0.00000
1                894.046 56585.5172399550026  619.545                 0.00000
1                845.048 56585.5172404254152  715.950                 0.00000
1                795.205 56585.5172409937733  800.295                 0.00000
1                746.597 56585.5172416688226  591.658                 0.00000
1                894.052 56585.5179349060452  508.512                 0.00000
1                845.048 56585.5179353686002  421.485                 0.00000
1                795.205 56585.5179359387662  479.954                 0.00000
1                746.597 56585.5179366091280  581.101                 0.00000
1                894.046 56585.5185192914375  1065.894                 0.00000
1                845.048 56585.5185197621821  720.159                 0.00000
1                795.205 56585.5185203509807  987.703                 0.00000
1                746.597 56585.5185210249285  879.651                 0.00000
1                893.895 56611.5464245131042  1325.642                 0.00000
1                845.048 56611.5464249902953  880.940                 0.00000
1                795.205 56611.5464255667006  1258.139                 0.00000
1                746.597 56611.5464262194200  998.204                 0.00000
1                893.895 56611.5471037223669  913.421                 0.00000
1                845.048 56611.5471041714813  697.346                 0.00000
1                795.205 56611.5471047225542  798.622                 0.00000
1                746.597 56611.5471054253498  1147.977                 0.00000
1                893.895 56611.5477197080454  914.050                 0.00000
1                845.048 56611.5477201526968  660.423                 0.00000
1                795.205 56611.5477207109228  798.276                 0.00000
1                746.597 56611.5477213842622  824.363                 0.00000
1                893.642 56637.3872546653483  479.141                 0.00000
1                845.048 56637.3872551194579  417.580                 0.00000
1                795.488 56637.3872556988648  469.961                 0.00000
1                745.268 56637.3872563784673  648.995                 0.00000
1                894.046 56637.3879022610499  886.081                 0.00000
1                845.048 56637.3879027322682  550.577                 0.00000
1                795.205 56637.3879032965236  550.667                 0.00000
1                746.597 56637.3879039744023  625.550                 0.00000
1                894.046 56637.3885340555205  534.409                 0.00000
1                845.048 56637.3885345282423  439.262                 0.00000
1                795.205 56637.3885350923368  519.814                 0.00000
1                746.597 56637.3885357514023  563.716                 0.00000
1                894.046 56669.3633742284499  754.032                 0.00000
1                845.130 56669.3633746794930  812.955                 0.00000
1                795.124 56669.3633752563052  1049.154                 0.00000
1                746.597 56669.3633759008977  891.061                 0.00000
1                894.046 56669.3640218385770  535.285                 0.00000
1                845.048 56669.3640223000367  493.391                 0.00000
1                795.205 56669.3640228659429  640.568                 0.00000
1                746.597 56669.3640235311840  805.430                 0.00000
1                894.046 56669.3647326298726  552.446                 0.00000
1                845.048 56669.3647331187589  638.390                 0.00000
1                796.588 56669.3647336486296  593.737                 0.00000
1                746.300 56669.3647343299478  609.548                 0.00000
