MODE 1
1                915.360 56351.2274887971616  2605.364                 0.00000
1                769.191 56351.2274903702353  2646.980                 0.00000
1                915.360 56351.2288347674656  3374.356                 0.00000
1                769.191 56351.2288363015748  2759.530                 0.00000
1                915.360 56365.1281625873741  1756.641                 0.00000
1                770.048 56365.1281642167094  830.040                 0.00000
1                915.360 56365.1295086435493  5359.003                 0.00000
1                770.048 56365.1295102265172  1143.138                 0.00000
1                915.360 56385.0496029754937  1909.573                 0.00000
1                770.048 56385.0496045876493  1125.841                 0.00000
1                915.360 56385.0508062277566  1273.101                 0.00000
1                770.048 56385.0508078036975  1184.599                 0.00000
1                868.381 56406.0645598904046  2037.997                 0.00000
1                770.905 56406.0645610084234  1178.382                 0.00000
1                868.277 56406.0659058871999  1624.022                 0.00000
1                770.905 56406.0659070248742  1222.945                 0.00000
1                868.228 56414.0295618548128  2323.993                 0.00000
1                771.164 56414.0295630007757  1631.009                 0.00000
1                868.143 56414.0309078546039  1901.886                 0.00000
1                771.164 56414.0309089820736  1280.399                 0.00000
1                867.261 56415.0119753271435  1813.903                 0.00000
1                772.004 56415.0119764511286  1766.953                 0.00000
1                867.082 56415.0131377544211  1736.898                 0.00000
1                772.004 56415.0131388651440  1273.824                 0.00000
1                868.553 56415.0817616852751  3800.537                 0.00000
1                769.191 56415.0817628808854  1401.344                 0.00000
1                868.587 56415.0829241161362  2576.507                 0.00000
1                769.191 56415.0829252877953  1868.847                 0.00000
1                819.242 56416.0210832880430  927.247                 0.00000
1                868.569 56418.0289345803379  2911.110                 0.00000
1                769.191 56418.0289357387005  1042.068                 0.00000
1                869.191 56423.0062901440911  2336.430                 0.00000
1                770.256 56423.0062913271929  1091.385                 0.00000
1                915.360 56426.9177286885243  2043.277                 0.00000
1                767.548 56426.9177302921083  1474.672                 0.00000
1                866.661 56431.9874565448520  1972.194                 0.00000
1                771.984 56431.9874576439101  1410.691                 0.00000
1                915.360 56449.9358677172431  1361.395                 0.00000
1                770.905 56449.9358488614254  1839.538                 0.00000
1                915.360 56449.9371932156998  2689.427                 0.00000
1                770.905 56449.9371744023598  1256.627                 0.00000
1                821.473 56470.9299303022098  1470.918                 0.00000
1                819.238 56494.9197327040200  2105.313                 0.00000
1                820.252 56611.5497411073368  1157.259                 0.00000
1                821.265 56637.3905946152163  2176.104                 0.00000
1                821.312 56669.3668040715072  2643.796                 0.00000
JUMP
t                119.225 56434.4322935804438  505.851                 0.00000
t                140.242 56434.4322922439076  397.018                 0.00000
t                158.683 56434.4322973679276  342.762                 0.00000
t                178.555 56434.4322910116710  530.245                 0.00000
t                119.169 56434.4329871500075  928.865                 0.00000
t                140.255 56434.4329855949743  824.543                 0.00000
t                158.725 56434.4329906503714  500.855                 0.00000
t                178.523 56434.4329844116250  725.763                 0.00000
t                119.199 56434.4336803811096  1033.679                 0.00000
t                140.353 56434.4336787230495  910.758                 0.00000
t                158.799 56434.4336839029576  728.881                 0.00000
C t                178.493 56434.4336777921139  1338.113                 0.00000
t                119.362 56434.4343731299710  567.713                 0.00000
t                140.287 56434.4343722162347  483.667                 0.00000
t                158.796 56434.4343772657314  428.625                 0.00000
t                178.501 56434.4343711427068  628.859                 0.00000
t                119.380 56434.4350664374512  827.199                 0.00000
t                140.229 56434.4350657315389  725.407                 0.00000
t                158.808 56434.4350706053729  637.695                 0.00000
t                178.501 56434.4350645047505  783.877                 0.00000
t                119.475 56453.7829879705723  1590.085                 0.00000
t                141.033 56453.7829857728115  2070.727                 0.00000
t                158.734 56453.7829926230416  1438.719                 0.00000
t                178.798 56453.7829860926693  2165.490                 0.00000
t                119.421 56453.7836815793295  2679.362                 0.00000
t                140.987 56453.7836792634633  2216.611                 0.00000
t                158.744 56453.7836859977031  2329.202                 0.00000
C t                178.823 56453.7836795113099  6612.098                 0.00000
t                119.427 56453.7843749157908  1410.387                 0.00000
t                140.948 56453.7843726593470  2160.537                 0.00000
t                158.716 56453.7843793691398  2380.027                 0.00000
t                178.817 56453.7843727872831  1917.387                 0.00000
t                119.465 56453.7850680684880  1879.832                 0.00000
t                140.899 56453.7850661418426  2563.768                 0.00000
t                158.750 56453.7850726477030  1769.615                 0.00000
C t                178.792 56453.7850683410245  4119.826                 0.00000
t                119.426 56453.7857615705090  1725.269                 0.00000
C t                140.789 56453.7857674876474  3327.176                 0.00000
t                158.793 56453.7857659154625  2136.256                 0.00000
C t                178.782 56453.7857596027807  2503.237                 0.00000
t                118.605 56456.8413158027671  2155.741                 0.00000
C t                140.613 56456.8413211268633  3179.555                 0.00000
C t                158.665 56456.8413139104794  2968.317                 0.00000
C t                178.381 56456.8413079858466  4398.154                 0.00000
C t                118.521 56456.8420093508401  2822.753                 0.00000
C t                140.753 56456.8420043470572  4103.295                 0.00000
C t                158.696 56456.8420103939341  3211.129                 0.00000
C t                178.464 56456.8420038920549  3991.419                 0.00000
t                118.533 56456.8427231648602  2799.001                 0.00000
t                140.693 56456.8427180807938  2707.697                 0.00000
C t                158.701 56456.8427242183705  4358.959                 0.00000
C t                178.414 56456.8427121749363  2363.148                 0.00000
t                118.549 56456.8434163801372  2560.047                 0.00000
t                140.699 56456.8434114558913  1678.725                 0.00000
t                158.730 56456.8434175412838  2482.789                 0.00000
t                178.394 56456.8434114632911  2498.008                 0.00000
JUMP
