MODE 1
1                894.934 56329.2347861177075  159.253                 0.00000
1                845.047 56329.2347855097762   87.281                 0.00000
1                795.047 56329.2347860546154  128.957                 0.00000
1                745.047 56329.2347856523617  138.877                 0.00000
1                894.934 56351.2312018715878  106.105                 0.00000
1                845.047 56351.2312012664761   89.182                 0.00000
1                795.047 56351.2312018100901   92.866                 0.00000
1                745.047 56351.2312014066172   82.986                 0.00000
1                894.934 56365.1318959943728   92.790                 0.00000
1                845.047 56365.1318953893516  106.166                 0.00000
1                795.047 56365.1318959341792   89.840                 0.00000
1                745.047 56365.1318955321111   83.741                 0.00000
1                894.851 56385.0531950909128  114.283                 0.00000
1                845.047 56385.0531944829113   86.217                 0.00000
1                795.047 56385.0531950269966   90.445                 0.00000
1                745.047 56385.0531946260450  108.973                 0.00000
1                894.999 56406.0682504155544   99.800                 0.00000
1                844.950 56406.0682498114197  144.867                 0.00000
1                795.047 56406.0682503553322   78.317                 0.00000
1                745.051 56406.0682499544980  100.323                 0.00000
1                894.999 56414.0271626191600  101.211                 0.00000
1                845.047 56414.0271620145991   80.357                 0.00000
1                795.047 56414.0271625590358   87.500                 0.00000
1                745.047 56414.0271621564880   99.163                 0.00000
1                894.999 56415.0097659599237  104.812                 0.00000
1                845.047 56415.0097653539153   90.692                 0.00000
1                795.047 56415.0097658980500  122.481                 0.00000
1                745.047 56415.0097654970914  102.765                 0.00000
1                894.927 56415.0795480780585  104.838                 0.00000
1                845.047 56415.0795474749745  120.646                 0.00000
1                795.047 56415.0795480163782   99.744                 0.00000
1                745.083 56415.0795476141074   92.657                 0.00000
1                894.999 56416.0234559925398  134.286                 0.00000
1                845.047 56416.0234553875303  110.470                 0.00000
1                795.047 56416.0234559306655  131.103                 0.00000
1                745.047 56416.0234555328981  120.891                 0.00000
1                894.893 56418.0320025731980  139.048                 0.00000
1                845.047 56418.0320019679856  109.705                 0.00000
1                795.047 56418.0320025086249   82.748                 0.00000
1                745.083 56418.0320021083512  118.221                 0.00000
1                894.994 56423.0090009460723  103.355                 0.00000
1                845.047 56423.0090003433712  102.149                 0.00000
1                795.047 56423.0090008854123  109.172                 0.00000
1                745.047 56423.0090004836573  104.914                 0.00000
C 1                894.919 56426.9217447406591  366.207                 0.00000
1                845.023 56426.9217449183907  206.149                 0.00000
C 1                795.047 56426.9217448016079  478.909                 0.00000
1                745.047 56426.9217450593399  126.635                 0.00000
1                894.995 56431.9905326943967   91.080                 0.00000
1                845.047 56431.9905320900988   73.762                 0.00000
1                795.047 56431.9905326315627   77.295                 0.00000
1                745.052 56431.9905322314476   73.834                 0.00000
1                894.994 56449.9395649449362   70.330                 0.00000
1                845.047 56449.9395643392943   96.393                 0.00000
1                795.047 56449.9395648828484   96.917                 0.00000
1                745.049 56449.9395644815380   87.063                 0.00000
1                895.000 56470.9329164840804  104.535                 0.00000
1                845.047 56470.9329158804698   76.241                 0.00000
1                795.047 56470.9329164239741   89.159                 0.00000
1                745.049 56470.9329160224907   90.981                 0.00000
1                895.007 56494.9227870391855   67.842                 0.00000
1                845.023 56494.9227864337175   85.709                 0.00000
1                795.047 56494.9227869790316   90.304                 0.00000
1                745.051 56494.9227865757942   68.230                 0.00000
1                894.994 56520.7522777186019  110.655                 0.00000
1                845.047 56520.7522771145657   76.102                 0.00000
1                795.047 56520.7522776592283  108.299                 0.00000
1                745.052 56520.7522772579545   99.653                 0.00000
1                894.994 56547.7037859442599   84.247                 0.00000
1                845.047 56547.7037853387192   99.384                 0.00000
1                795.047 56547.7037858817135   73.960                 0.00000
1                745.052 56547.7037854793875   65.003                 0.00000
1                894.999 56585.5236106901885  109.154                 0.00000
1                845.047 56585.5236100869512   74.198                 0.00000
1                795.047 56585.5236106292125   73.821                 0.00000
1                745.047 56585.5236102284144   60.041                 0.00000
1                894.999 56611.5526846299882   77.708                 0.00000
1                845.047 56611.5526840266772   62.794                 0.00000
1                795.047 56611.5526845712124   59.747                 0.00000
1                745.047 56611.5526841696132   68.575                 0.00000
1                894.786 56637.3935773609185   57.351                 0.00000
1                845.047 56637.3935767540755   62.291                 0.00000
1                795.047 56637.3935772975909   60.177                 0.00000
1                745.047 56637.3935768968875   56.537                 0.00000
1                894.999 56669.3701861246782   99.823                 0.00000
1                845.071 56669.3701855201795   75.164                 0.00000
1                795.047 56669.3701860641029   87.048                 0.00000
1                745.047 56669.3701856615816   60.066                 0.00000
