1                894.977 56332.7440094497521   58.328                 0.00000
1                845.047 56332.7440097864023   81.177                 0.00000
1                795.047 56332.7440101921163   62.106                 0.00000
1                745.047 56332.7440106806193   87.289                 0.00000
1                894.977 56332.7445940629162   67.215                 0.00000
1                845.047 56332.7445944011933   77.803                 0.00000
1                795.047 56332.7445948038606   75.166                 0.00000
1                745.047 56332.7445952930915   95.045                 0.00000
1                894.977 56332.7451760537097   74.253                 0.00000
1                845.047 56332.7451763922014   80.068                 0.00000
1                795.047 56332.7451767943960   76.898                 0.00000
1                745.047 56332.7451772845332   84.287                 0.00000
1                894.977 56332.7457580448959   61.643                 0.00000
1                845.047 56332.7457583833942   71.008                 0.00000
1                795.047 56332.7457587856299   70.897                 0.00000
1                745.047 56332.7457592737757  100.439                 0.00000
1                902.836 56348.8142265009603  110.790                 0.00000
1                831.375 56348.8142269913977  174.790                 0.00000
1                795.047 56348.8142272916309  107.870                 0.00000
1                745.047 56348.8142277803936  110.645                 0.00000
1                902.836 56348.8148084922652  106.388                 0.00000
1                831.375 56348.8148089807194  155.648                 0.00000
1                795.047 56348.8148092848950  125.615                 0.00000
1                745.047 56348.8148097715115  112.059                 0.00000
1                902.836 56348.8153328109929  124.777                 0.00000
1                831.375 56348.8153333036300  166.353                 0.00000
1                795.047 56348.8153336056575  113.837                 0.00000
1                745.047 56348.8153314705022  107.271                 0.00000
1                894.979 56365.7809516375933  120.899                 0.00000
1                845.047 56365.7809519755201   95.731                 0.00000
1                795.047 56365.7809523771614   78.794                 0.00000
1                745.066 56365.7809502456888   91.328                 0.00000
1                894.979 56365.7815388689523  110.428                 0.00000
1                845.047 56365.7815392074959   89.709                 0.00000
1                795.047 56365.7815396134194   82.597                 0.00000
1                745.066 56365.7815374793126   80.447                 0.00000
1                894.979 56365.7820631878171  134.340                 0.00000
1                845.047 56365.7820635228016  104.779                 0.00000
1                795.047 56365.7820639296871  102.261                 0.00000
1                745.066 56365.7820617962152   93.165                 0.00000
1                894.995 56406.6206895308381  101.973                 0.00000
1                845.047 56406.6206872459930   91.361                 0.00000
1                795.015 56406.6206876488658   99.859                 0.00000
1                745.233 56406.6206881383697  118.209                 0.00000
1                894.995 56406.6212741196942   97.318                 0.00000
1                845.047 56406.6212718354314  105.421                 0.00000
1                795.015 56406.6212722387450  108.124                 0.00000
1                745.233 56406.6212727257296  100.677                 0.00000
1                894.995 56406.6217984129343  108.307                 0.00000
1                845.047 56406.6217961322593  107.229                 0.00000
1                795.015 56406.6217965346066  113.940                 0.00000
1                745.233 56406.6217970220249  132.097                 0.00000
1                895.269 56426.5765808558342  123.134                 0.00000
1                845.047 56426.5765811933568  135.989                 0.00000
1                795.047 56426.5765816014010  157.029                 0.00000
1                746.163 56426.5765820756444  139.171                 0.00000
1                895.269 56426.5771628090940  128.012                 0.00000
1                845.047 56426.5771631449510  119.640                 0.00000
1                795.047 56426.5771635479511  150.824                 0.00000
1                746.163 56426.5771640253177  145.697                 0.00000
1                895.269 56426.5776870861493  110.749                 0.00000
1                845.047 56426.5776874223325  201.153                 0.00000
1                795.047 56426.5776878325380  162.244                 0.00000
1                746.163 56426.5776883037922  129.373                 0.00000
1                896.809 56451.4918713871989   72.944                 0.00000
1                845.047 56451.4918717368385   72.741                 0.00000
1                795.047 56451.4918695217080   70.956                 0.00000
1                745.047 56451.4918700083724   86.450                 0.00000
1                896.809 56451.4924533160700   74.374                 0.00000
1                845.047 56451.4924536648321   62.937                 0.00000
1                795.047 56451.4924514487892   64.918                 0.00000
1                745.047 56451.4924519376072   69.954                 0.00000
1                896.809 56451.4929775762449   84.763                 0.00000
1                845.047 56451.4929779243509   71.909                 0.00000
1                795.047 56451.4929757083374   90.962                 0.00000
1                745.047 56451.4929761958204   87.580                 0.00000
1                894.693 56494.4223871565064  101.799                 0.00000
1                845.047 56494.4223874916247   87.285                 0.00000
1                794.247 56494.4223879032034   83.767                 0.00000
1                745.047 56494.4223857646739   77.342                 0.00000
1                894.693 56494.4229690526591  103.445                 0.00000
1                845.047 56494.4229693878370  102.785                 0.00000
1                794.247 56494.4229697995137   88.592                 0.00000
1                745.047 56494.4229676574441   90.525                 0.00000
1                894.693 56494.4234932827335   95.755                 0.00000
1                845.047 56494.4234936196550   95.281                 0.00000
1                794.247 56494.4234940311379   81.457                 0.00000
1                745.047 56494.4234918912126   99.452                 0.00000
1                894.998 56520.2461758575321   59.826                 0.00000
1                845.047 56520.2461761955131   56.492                 0.00000
1                795.047 56520.2461765990165   65.353                 0.00000
1                745.350 56520.2461770823657   65.245                 0.00000
1                894.998 56520.2467577433556   59.506                 0.00000
1                845.047 56520.2467580804489   50.083                 0.00000
1                795.047 56520.2467584852435   69.254                 0.00000
1                745.350 56520.2467589698229   62.205                 0.00000
1                894.998 56520.2472819656824   58.195                 0.00000
1                845.047 56520.2472823030638   62.153                 0.00000
1                795.047 56520.2472827068777   62.822                 0.00000
1                745.350 56520.2472831933160   70.433                 0.00000
1                894.998 56537.2708049535060   61.244                 0.00000
1                845.451 56537.2708026671280   63.541                 0.00000
1                794.770 56537.2708030773077   74.289                 0.00000
1                745.337 56537.2708035595089   66.685                 0.00000
1                894.998 56537.2713868386342   70.898                 0.00000
1                845.451 56537.2713845517219   58.973                 0.00000
1                794.770 56537.2713849623826   59.036                 0.00000
1                745.337 56537.2713854443708   64.768                 0.00000
1                894.998 56537.2719084379378   64.914                 0.00000
1                845.451 56537.2719087725433   69.545                 0.00000
1                794.770 56537.2719065614960   83.323                 0.00000
1                745.337 56537.2719070436242   74.523                 0.00000
1                894.998 56538.2548652024218   99.254                 0.00000
1                845.047 56538.2548655375296   72.452                 0.00000
1                795.047 56538.2548659449085   71.561                 0.00000
1                745.047 56538.2548664330095   70.182                 0.00000
1                894.998 56538.2554444643847   75.579                 0.00000
1                845.047 56538.2554448036159   70.791                 0.00000
1                795.047 56538.2554452076943   67.911                 0.00000
1                745.047 56538.2554456964454   69.756                 0.00000
1                894.998 56538.2559713071183  103.033                 0.00000
1                845.047 56538.2559716452106   73.025                 0.00000
1                795.047 56538.2559720525421   73.884                 0.00000
1                745.047 56538.2559725383962   68.538                 0.00000
1                896.553 56539.2431219467421   88.743                 0.00000
1                843.764 56539.2431196841984   83.162                 0.00000
1                795.047 56539.2431200780791   72.444                 0.00000
1                745.047 56539.2431205670970   79.617                 0.00000
1                896.553 56539.2437038333131   86.856                 0.00000
1                843.764 56539.2437015672627   85.220                 0.00000
1                795.047 56539.2437019644943   76.891                 0.00000
1                745.047 56539.2437024519734   78.520                 0.00000
1                896.553 56539.2442280538291  109.385                 0.00000
1                843.764 56539.2442257893889   84.201                 0.00000
1                795.047 56539.2442261846442   97.163                 0.00000
1                745.047 56539.2442266725853   88.474                 0.00000
1                895.047 56543.2382797666234  119.736                 0.00000
1                845.047 56543.2382801027003  106.273                 0.00000
1                795.047 56543.2382805100199   75.861                 0.00000
1                745.047 56543.2382809967230   89.451                 0.00000
1                895.047 56543.2388590305768  109.617                 0.00000
1                845.047 56543.2388593684200  107.510                 0.00000
1                795.047 56543.2388597734151   88.737                 0.00000
1                745.047 56543.2388602626875   78.919                 0.00000
1                895.047 56543.2393858725367  144.299                 0.00000
1                845.047 56543.2393862123223  105.694                 0.00000
1                795.047 56543.2393866140977   93.410                 0.00000
1                745.047 56543.2393871066499   95.615                 0.00000
1                894.998 56546.2487792104202  100.341                 0.00000
1                845.047 56546.2487795496756   98.437                 0.00000
1                794.681 56546.2487799558198   92.852                 0.00000
1                745.274 56546.2487778185261   73.021                 0.00000
1                894.998 56546.2493637186798  100.857                 0.00000
1                845.047 56546.2493640571450   92.092                 0.00000
1                794.681 56546.2493644632256   88.880                 0.00000
1                745.274 56546.2493623266585   67.783                 0.00000
1                894.998 56546.2498853227275  125.206                 0.00000
1                845.047 56546.2498856607286   95.266                 0.00000
1                794.681 56546.2498860649710   95.547                 0.00000
1                745.274 56546.2498839268280   86.056                 0.00000
1                894.998 56551.2030276088657   72.936                 0.00000
1                845.324 56551.2030279432299   81.392                 0.00000
1                794.644 56551.2030283533592   75.765                 0.00000
1                745.047 56551.2030288366235   93.796                 0.00000
1                894.998 56551.2036094965059   82.517                 0.00000
1                845.324 56551.2036098322509   78.322                 0.00000
1                794.644 56551.2036102416595   79.177                 0.00000
1                745.047 56551.2036107272294   88.823                 0.00000
1                894.998 56551.2041337186051   89.088                 0.00000
1                845.324 56551.2041340562215   78.801                 0.00000
1                794.644 56551.2041344638543   74.000                 0.00000
1                745.047 56551.2041349471747  104.111                 0.00000
1                894.972 56555.2153581997133   80.195                 0.00000
1                845.047 56555.2153585384546  106.070                 0.00000
1                795.047 56555.2153589427201   78.842                 0.00000
1                745.066 56555.2153594297557   77.923                 0.00000
1                894.972 56555.2159453322489   82.557                 0.00000
1                845.047 56555.2159456677408  100.097                 0.00000
1                795.047 56555.2159460726418   93.167                 0.00000
1                745.066 56555.2159465589507   79.187                 0.00000
1                894.972 56555.2164695544660   99.080                 0.00000
1                845.047 56555.2164698903291  104.938                 0.00000
1                795.047 56555.2164702962227   85.234                 0.00000
1                745.066 56555.2164707843729   79.619                 0.00000
1                894.998 56586.1755615251100   70.269                 0.00000
1                845.047 56586.1755618614778   61.134                 0.00000
1                795.047 56586.1755596447199   70.610                 0.00000
1                745.047 56586.1755601329228   75.154                 0.00000
1                894.998 56586.1761434297141   66.743                 0.00000
1                845.047 56586.1761437669344   59.417                 0.00000
1                795.047 56586.1761415510039   62.348                 0.00000
1                745.047 56586.1761420385306   73.702                 0.00000
1                894.998 56586.1766650495294   72.288                 0.00000
1                845.047 56586.1766653862787   65.762                 0.00000
1                795.047 56586.1766631693568   64.130                 0.00000
1                745.047 56586.1766636577416   81.560                 0.00000
1                894.998 56608.0820226145536   42.833                 0.00000
1                845.047 56608.0820229527153   45.363                 0.00000
1                795.047 56608.0820207353458   51.011                 0.00000
1                745.047 56608.0820212234727   57.152                 0.00000
1                894.998 56608.0826045378219   39.651                 0.00000
1                845.047 56608.0826048765237   41.052                 0.00000
1                795.047 56608.0826026579392   44.949                 0.00000
1                745.047 56608.0826031464363   59.702                 0.00000
1                894.998 56608.0831287931786   38.627                 0.00000
1                845.047 56608.0831291305583   46.216                 0.00000
1                795.047 56608.0831269141368   54.038                 0.00000
1                745.047 56608.0831274013223   62.733                 0.00000
1                894.998 56637.9799462309298  102.540                 0.00000
1                845.047 56637.9799439453198  110.920                 0.00000
1                795.047 56637.9799443515740  100.854                 0.00000
1                745.047 56637.9799448376284  118.402                 0.00000
1                894.998 56637.9805308051224  120.534                 0.00000
1                845.047 56637.9805285189338  120.524                 0.00000
1                795.047 56637.9805289236826   94.148                 0.00000
1                745.047 56637.9805294122528  107.257                 0.00000
1                894.998 56637.9810550839691  129.763                 0.00000
1                845.047 56637.9810528023328  111.757                 0.00000
1                795.047 56637.9810532035629   85.233                 0.00000
1                745.047 56637.9810536916198  172.780                 0.00000
1                894.998 56670.9126342633050   81.178                 0.00000
1                845.047 56670.9126346009172   59.541                 0.00000
1                795.047 56670.9126350050673   79.713                 0.00000
1                745.047 56670.9126354915159   72.940                 0.00000
1                894.998 56670.9132162420125   74.313                 0.00000
1                845.047 56670.9132165802071   54.746                 0.00000
1                795.047 56670.9132169829702   80.729                 0.00000
1                745.047 56670.9132174709002   76.839                 0.00000
1                894.998 56670.9137405463067   80.871                 0.00000
1                845.047 56670.9137408847446   65.202                 0.00000
1                795.047 56670.9137412890292   80.318                 0.00000
1                745.047 56670.9137417758805   84.946                 0.00000
JUMP
t                120.216 56434.4406253366654  320.513                 0.00000
t                139.320 56434.4406253299481  355.110                 0.00000
t                158.788 56434.4406251604904  520.077                 0.00000
C t                177.890 56434.4406229660633  951.036                 0.00000
t                119.671 56434.4413187740339  212.653                 0.00000
t                139.471 56434.4413197330910  279.268                 0.00000
t                158.777 56434.4413198391496  367.913                 0.00000
C t                178.022 56434.4413200663436  1055.878                 0.00000
t                119.586 56434.4420136589159  362.525                 0.00000
t                139.102 56434.4420123843095  417.642                 0.00000
t                158.897 56434.4420143596050  313.083                 0.00000
C t                178.276 56434.4420146085529  1008.161                 0.00000
t                119.625 56434.4427082240711  253.527                 0.00000
t                139.192 56434.4427095277262  241.895                 0.00000
t                158.974 56434.4427089449289  434.548                 0.00000
C t                178.369 56434.4427087621402  1145.217                 0.00000
t                119.649 56434.4434028255754  206.369                 0.00000
t                139.149 56434.4434042586780  260.980                 0.00000
t                158.792 56434.4434038052414  257.430                 0.00000
C t                178.102 56434.4434040577429  959.927                 0.00000
JUMP
