MODE 1
EFAC 1.0597

# 350 MHz (Incoherent)
TIME +0.00008192
1                345.878 57445.9750004605023  301.227                 0.00000
1                345.878 57445.9761656611952  241.436                 0.00000
1                345.878 57445.9773308577182  303.727                 0.00000
1                346.853 57447.2245370243148  386.284                 0.00000
1                346.853 57447.2257029596063  295.962                 0.00000
1                346.853 57447.2268681629181  411.270                 0.00000
1                348.259 57447.9476266170740  296.768                 0.00000
1                348.259 57447.9487933024617  284.371                 0.00000
1                348.259 57447.9498415267020  431.145                 0.00000
1                345.761 57448.1253919143913  332.898                 0.00000
1                345.761 57448.1263254143690  415.537                 0.00000
1                345.761 57448.1271397171051  425.158                 0.00000
1                346.376 57449.9330714745604  228.703                 0.00000
1                346.376 57449.9354018767752  181.253                 0.00000
1                346.376 57449.9376145712829  232.963                 0.00000
1                345.971 57450.9541436928249  329.240                 0.00000
1                345.971 57450.9553096212965  520.531                 0.00000
1                345.971 57450.9563578769450  305.755                 0.00000
1                345.931 57451.6991789128188  357.337                 0.00000
1                345.931 57451.7005780468060  292.061                 0.00000
1                345.931 57451.7018594638675  340.154                 0.00000
1                346.170 57453.0256815797118  333.667                 0.00000
1                346.170 57453.0268482528865  260.732                 0.00000
1                346.170 57453.0278957513986  330.186                 0.00000
1                345.655 57454.7196066689625  259.945                 0.00000
1                345.655 57454.7207726039137  264.523                 0.00000
1                345.655 57454.7219378022767  306.124                 0.00000
1                345.795 57472.9062379800944  189.033                 0.00000
1                345.795 57472.9074046466951  330.458                 0.00000
1                345.795 57472.9084528718663  242.687                 0.00000
1                345.420 57473.8857647613315  345.186                 0.00000
1                345.420 57473.8869299553461  261.783                 0.00000
1                345.420 57473.8880951405168  384.228                 0.00000
1                345.521 57475.0209250243595  206.279                 0.00000
1                345.521 57475.0220909572635  520.952                 0.00000
1                345.521 57475.0232561307227  514.698                 0.00000
1                345.987 57479.0938190934492  351.631                 0.00000
1                345.987 57479.0949857456602  373.709                 0.00000
1                345.987 57479.0961501957381  318.803                 0.00000
1                347.086 57508.7341662326196  248.514                 0.00000
1                347.086 57508.7353321095199  277.687                 0.00000
1                347.086 57508.7364972443969  225.755                 0.00000
1                346.190 57509.5735882802299  322.146                 0.00000
1                346.190 57509.5747541533072  234.013                 0.00000
1                346.190 57509.5759192878604  218.449                 0.00000
1                345.330 57534.8998017777634  265.351                 0.00000
1                345.330 57534.9009676073982  267.609                 0.00000
1                345.330 57534.9021334284668  330.195                 0.00000
1                345.221 57536.7250926489162  292.809                 0.00000
1                345.221 57536.7262584743636  282.956                 0.00000
1                345.221 57536.7273073461051  251.759                 0.00000
1                344.822 57540.7284148927887  313.940                 0.00000
1                344.822 57540.7295792340377  452.331                 0.00000
1                344.822 57540.7306280973183  366.676                 0.00000
1                345.327 57544.7182868540487  433.586                 0.00000
1                345.327 57544.7194534123165  402.465                 0.00000
1                345.327 57544.7206184847010  331.014                 0.00000
1                345.878 57544.8941783770718  310.132                 0.00000
1                345.878 57544.8953441819469  252.578                 0.00000
1                345.878 57544.8963915559464  545.685                 0.00000
1                336.989 57572.3477196453690  201.433                 0.00000
1                336.989 57572.3488854103559  202.696                 0.00000
1                336.989 57572.3500504347571  306.076                 0.00000
1                345.330 57607.3412611863600  267.894                 0.00000
1                345.330 57607.3424261722780  297.157                 0.00000
1                345.330 57607.3434749504745  254.722                 0.00000
1                344.901 57637.4470715543358  203.405                 0.00000
1                344.901 57637.4482380210365  335.921                 0.00000
1                344.901 57637.4494029874809  222.210                 0.00000
1                345.445 57660.3061807643556  358.405                 0.00000
1                345.445 57660.3073464928514  254.256                 0.00000
1                345.445 57660.3085114870536  181.921                 0.00000
1                334.100 57689.3862263360280  270.323                 0.00000
1                334.100 57689.3871589520562  288.914                 0.00000
1                334.100 57689.3880915657124  300.375                 0.00000
1                333.057 57690.4560064738306  245.718                 0.00000
1                333.057 57690.4569390862093  288.052                 0.00000
1                333.057 57690.4578717046356  209.537                 0.00000
1                345.634 57791.1004630365281  195.756                 0.00000
1                345.634 57791.1016289738400  180.037                 0.00000
1                345.634 57791.1026779453561  243.522                 0.00000
1                340.491 57813.0415838459226  256.619                 0.00000
1                340.491 57813.0422834099391  256.678                 0.00000
1                340.491 57813.0429822326003  289.381                 0.00000
1                342.036 57851.8859840338287  201.678                 0.00000
1                342.036 57851.8871491984502  276.343                 0.00000
1                342.036 57851.8881981576697  326.006                 0.00000
1                342.670 58001.5111572064656  236.125                 0.00000
1                342.670 58001.5123229239585  280.317                 0.00000
1                342.670 58001.5134878962370  242.101                 0.00000
1                342.777 58201.8560641271094  270.007                 0.00000
1                342.777 58201.8572300638112  241.909                 0.00000
1                342.777 58201.8582782776966  262.979                 0.00000
1                345.472 58201.9728587096046  223.306                 0.00000
1                345.472 58201.9740246349479  279.468                 0.00000
1                345.472 58201.9751898233848  198.469                 0.00000
TIME -0.00008192

# 820 MHz (Incoherent)
TIME +0.00002048
1                894.998 57948.5221967155455   66.267                 0.00000
1                845.047 57948.5221971068882   64.241                 0.00000
1                795.047 57948.5221968346219   69.245                 0.00000
1                745.047 57948.5221966602521   71.964                 0.00000
1                894.998 57948.5245274696660   62.289                 0.00000
1                845.047 57948.5245278604366   70.294                 0.00000
1                795.047 57948.5245275871472   86.558                 0.00000
1                745.047 57948.5245274126539   73.969                 0.00000
1                894.998 57948.5267405365224   70.210                 0.00000
1                845.047 57948.5267409306538   72.771                 0.00000
1                795.047 57948.5267406559955   62.359                 0.00000
1                745.047 57948.5267404796151   79.414                 0.00000
TIME -0.00002048
