FORMAT 1
 NOT 820.04900000 56520.50088916668229899 6355.70000 1 
 NOT 820.04900000 56520.50139768911229865 6643.98000 1 
 NOT 820.04900000 56520.50191410555019900 5037.10000 1 
 NOT 820.04900000 56520.50242258255750016 8223.58000 1 
 NOT 820.04900000 56566.28799066234709869 5201.24000 1 
 NOT 820.04900000 56566.28867391771780149 6054.09000 1 
 NOT 820.04900000 56566.28935710499190037 7108.08000 1 
 NOT 820.04900000 56566.29004037756520162 5388.66000 1 
 NOT 820.04900000 56569.29414954472660071 5266.83000 1 
 NOT 820.04900000 56569.29464218660400121 5268.79000 1 
 NOT 820.04900000 56569.29514277237019826 5179.20000 1 
 NOT 820.04900000 56569.29563530272439920 6733.97000 1 
 NOT 820.04900000 56597.45353473130699840 5977.97000 1 
 NOT 820.04900000 56597.45402714031639846 7976.88000 1 
 NOT 820.04900000 56597.45452775839159898 5367.03000 1 
 NOT 820.04900000 56597.45502029998559834 6091.63000 1 
 NOT 820.04900000 56598.52555085019989889 6766.81000 1 
 NOT 820.04900000 56598.52604346443330030 6257.45000 1 
C NOT 820.04900000 56598.52653777579470074 16342.37000 1 
 NOT 820.04900000 56598.52703668798239889 6212.61000 1 
 NOT 820.04900000 56601.42440362950259924 5645.59000 1 
 NOT 820.04900000 56601.42489634481900040 6496.67000 1 
 NOT 820.04900000 56601.42539692280589847 6036.34000 1 
 NOT 820.04900000 56601.42588948832430162 8048.64000 1 
 NOT 820.04900000 56603.22341902590410001 6715.20000 1 
 NOT 820.04900000 56603.22391165481539943 4165.96000 1 
 NOT 820.04900000 56603.22441218993619927 5208.41000 1 
 NOT 820.04900000 56603.22490470519879935 4907.13000 1 
 NOT 820.04900000 56604.13933514771790101 9588.01000 1 
 NOT 820.04900000 56604.13982760160839902 4260.47000 1 
C NOT 820.04900000 56604.14032496462419886 13101.18000 1 
C NOT 820.04900000 56604.14081850895789927 11341.85000 1 
 NOT 820.04900000 56606.41649281652809833 6596.52000 1 
 NOT 820.04900000 56606.41698547647209949 5275.38000 1 
 NOT 820.04900000 56606.41748589653209933 5489.19000 1 
 NOT 820.04900000 56606.41797854725659889 5058.09000 1 
 NOT 820.04900000 56616.19276552187589857 6268.05000 1 
 NOT 820.04900000 56616.19325815924360157 7008.96000 1 
 NOT 820.04900000 56616.19375874951600025 5593.92000 1 
C NOT 820.04900000 56616.19425750126019992 13074.54000 1 
 NOT 820.04900000 56626.43276032247409901 5724.80000 1 
 NOT 820.04900000 56626.43325303365070056 6100.27000 1 
 NOT 820.04900000 56626.43375356598389914 5309.43000 1 
 NOT 820.04900000 56626.43424618581730101 4553.57000 1 
 NOT 820.04900000 56636.20215938679960033 8581.55000 1 
 NOT 820.04900000 56636.20265195408619974 4831.81000 1 
 NOT 820.04900000 56636.20315267134899884 5076.21000 1 
C NOT 820.04900000 56636.20363950530149921 16460.06000 1 
 NOT 820.04900000 56669.02766550406009927 5853.90000 1 
 NOT 820.04900000 56669.02815822732069861 5884.59000 1 
 NOT 820.04900000 56669.02865884285499831 7268.53000 1 
 NOT 820.04900000 56669.02915147499789938 6821.28000 1 
 NOT 820.04900000 56700.91343872901390100 8285.22000 1 
C NOT 820.04900000 56700.91393524772989920 14891.26000 1 
C NOT 820.04900000 56700.91443010419009951 14576.39000 1 
 NOT 820.04900000 56700.91492454970279979 7912.20000 1 
C NOT 820.04900000 56731.88549883026599829 18482.80000 1 
 NOT 820.04900000 56731.88599749659299931 6944.33000 1 
 NOT 820.04900000 56731.88649816219379929 5647.31000 1 
C NOT 820.04900000 56731.88698884370059972 31388.28000 1 
 NOT 820.04900000 56760.80199344822370122 5016.01000 1 
 NOT 820.04900000 56760.80248614507420157 5144.01000 1 
 NOT 820.04900000 56760.80298671139980016 5162.69000 1 
 NOT 820.04900000 56760.80347940806939988 6118.03000 1 
 NOT 820.04900000 56793.52385756005779882 5160.43000 1 
 NOT 820.04900000 56793.52435018127669863 9586.22000 1 
 NOT 820.04900000 56793.52485074067489990 4539.08000 1 
 NOT 820.04900000 56793.52534337918810081 4789.41000 1 
 NOT 820.04900000 56823.60523729262810022 8004.97000 1 
 NOT 820.04900000 56823.60572991425139833 7126.88000 1 
 NOT 820.04900000 56823.60623050922070121 9761.56000 1 
 NOT 820.04900000 56823.60672299211750058 5168.63000 1 
 NOT 820.04900000 56856.59894199772950074 4691.95000 1 
 NOT 820.04900000 56856.59943461893229966 5420.13000 1 
 NOT 820.04900000 56856.59993507659359935 6250.18000 1 
 NOT 820.04900000 56856.60042770284130142 6090.48000 1 
