FORMAT 1
 GUPPI_0419+44_0_56520_39 818.50400000 56520.45996373182579831 1174.57000 1 
 GUPPI_0419+44_0_56520_39 818.50400000 56520.46020791884620138 750.45000 1 
 GUPPI_0419+44_0_56520_39 818.50400000 56520.46043772891360035 1564.86000 1 
C GUPPI_0419+44_0_56520_39 818.50400000 56520.46066523083279876 4931.41000 1 
 GUPPI_0419+44_0_56520_39 818.50400000 56520.46091172669650149 1135.28000 1 
C GUPPI_0419+44_0_56520_39 818.50400000 56520.46114757346429869 1316.14000 1 
 GUPPI_0419+44_0_56520_39 818.50400000 56520.46137136330949957 878.32000 1 
 GUPPI_0419+44_0_56520_39 818.50400000 56520.46160117143899981 440.87000 1 
 GUPPI_0419+44_56566_2518 820.41700000 56566.29173753506179878 721.84000 1 
 GUPPI_0419+44_56566_2518 820.41700000 56566.29221155295989831 934.39000 1 
 GUPPI_0419+44_56566_2518 820.41700000 56566.29268553088759930 560.87000 1 
 GUPPI_0419+44_56566_2518 820.41700000 56566.29314516155229953 625.46000 1 
 GUPPI_0419+44_56566_2518 820.41700000 56566.29360481014469997 387.95000 1 
 GUPPI_0419+44_56566_2518 820.41700000 56566.29394953715929972 1136.18000 1 
C GUPPI_0419+44_56569_2567 819.99900000 56569.29721743328289918 1949.11000 1 
 GUPPI_0419+44_56569_2567 819.99900000 56569.29745132049169953 701.03000 1 
 GUPPI_0419+44_56569_2567 819.99900000 56569.29768113069659918 602.16000 1 
C GUPPI_0419+44_56569_2567 819.99900000 56569.29791295460429978 2215.17000 1 
 GUPPI_0419+44_56569_2567 819.99900000 56569.29815515027550177 750.84000 1 
 GUPPI_0419+44_56569_2567 819.99900000 56569.29838496373699996 638.31000 1 
 GUPPI_0419+44_56569_2567 819.99900000 56569.29861477236419987 1138.24000 1 
 GUPPI_0419+44_56569_2567 819.99900000 56569.29884461054319900 960.20000 1 
 GUPPI_0419+44_56597_3941 819.99900000 56597.45635940516369899 968.12000 1 
 GUPPI_0419+44_56597_3941 819.99900000 56597.45658923290909925 1149.58000 1 
C GUPPI_0419+44_56597_3941 819.99900000 56597.45683121203990140 1748.86000 1 
 GUPPI_0419+44_56597_3941 819.99900000 56597.45706319883050028 1089.79000 1 
C GUPPI_0419+44_56597_3941 819.99900000 56597.45729057012230001 2043.95000 1 
C GUPPI_0419+44_56597_3941 819.99900000 56597.45750995738670142 1332.50000 1 
C GUPPI_0419+44_56597_3941 819.99900000 56597.45775287757669858 1269.92000 1 
C GUPPI_0419+44_56597_3941 819.99900000 56597.45799368463960022 1574.89000 1 
 GUPPI_0419+44_56598_4563 819.11000000 56598.52825993679810068 914.26000 1 
C GUPPI_0419+44_56598_4563 819.11000000 56598.52849681591040110 2674.34000 1 
C GUPPI_0419+44_56598_4563 819.11000000 56598.52873407241489900 2172.31000 1 
 GUPPI_0419+44_56598_4563 819.11000000 56598.52896378700440039 1177.27000 1 
C GUPPI_0419+44_56598_4563 819.11000000 56598.52918183092500115 2373.12000 1 
 GUPPI_0419+44_56598_4563 819.11000000 56598.52943778726730173 1341.84000 1 
 GUPPI_0419+44_56598_4563 819.11000000 56598.52966764044769832 1359.37000 1 
C GUPPI_0419+44_56598_4563 819.11000000 56598.52989505196320152 2429.58000 1 
C GUPPI_0419+44_56601_3690 820.08600000 56601.42724506495299863 1911.94000 1 
 GUPPI_0419+44_56601_3690 820.08600000 56601.42749697251320029 871.53000 1 
C GUPPI_0419+44_56601_3690 820.08600000 56601.42772277459350150 1667.27000 1 
C GUPPI_0419+44_56601_3690 820.08600000 56601.42795338638670088 2177.05000 1 
 GUPPI_0419+44_56601_3690 820.08600000 56601.42820081614890171 796.26000 1 
 GUPPI_0419+44_56601_3690 820.08600000 56601.42843065647990031 843.58000 1 
C GUPPI_0419+44_56601_3690 820.08600000 56601.42865864083049843 1441.85000 1 
 GUPPI_0419+44_56601_3690 820.08600000 56601.42889028765170067 1910.09000 1 
C GUPPI_0419+44_56603_1825 820.10400000 56603.21140417445580084 1312.04000 1 
C GUPPI_0419+44_56603_1825 820.10400000 56603.21164529054970060 1532.33000 1 
 GUPPI_0419+44_56603_1825 820.10400000 56603.21187305056490047 450.60000 1 
 GUPPI_0419+44_56603_1825 820.10400000 56603.21211725430789841 802.54000 1 
C GUPPI_0419+44_56603_1825 820.10400000 56603.21234533589599991 1526.65000 1 
 GUPPI_0419+44_56603_1825 820.10400000 56603.21257693064600147 758.46000 1 
 GUPPI_0419+44_56603_1825 820.10400000 56603.21280673002040018 804.41000 1 
C GUPPI_0419+44_56603_1825 820.10400000 56603.21304001171479925 7082.96000 1 
C GUPPI_0419+44_56604_1106 816.88900000 56604.12821260277729962 3113.06000 1 
C GUPPI_0419+44_56604_1106 816.88900000 56604.12844469312490148 1138.40000 1 
 GUPPI_0419+44_56604_1106 816.88900000 56604.12869059127019966 784.05000 1 
C GUPPI_0419+44_56604_1106 816.88900000 56604.12891166443840163 1240.18000 1 
C GUPPI_0419+44_56604_1106 816.88900000 56604.12915324869510059 1925.37000 1 
 GUPPI_0419+44_56604_1106 816.88900000 56604.12938009457780097 908.14000 1 
C GUPPI_0419+44_56604_1106 816.88900000 56604.12961676671919875 2979.55000 1 
 GUPPI_0419+44_56604_1106 816.88900000 56604.12985415171440096 1670.13000 1 
 GUPPI_0419+44_56606_3493 819.99800000 56606.40450776381040043 766.01000 1 
 GUPPI_0419+44_56606_3493 819.99800000 56606.40473758565619988 1409.82000 1 
C GUPPI_0419+44_56606_3493 819.99800000 56606.40496544216900077 796.15000 1 
 GUPPI_0419+44_56606_3493 819.99800000 56606.40519726147820023 722.25000 1 
C GUPPI_0419+44_56606_3493 819.99800000 56606.40543902798649967 1200.26000 1 
 GUPPI_0419+44_56606_3493 819.99800000 56606.40567129508979960 877.02000 1 
 GUPPI_0419+44_56606_3493 819.99800000 56606.40590111798709927 798.52000 1 
C GUPPI_0419+44_56606_3493 819.99800000 56606.40612794631099902 2282.39000 1 
 GUPPI_0419+44_56616_1480 819.41400000 56616.17142642365330119 711.54000 1 
C GUPPI_0419+44_56616_1480 819.41400000 56616.17164834607120127 1681.49000 1 
C GUPPI_0419+44_56616_1480 819.41400000 56616.17188951024909827 10231.30000 1 
 GUPPI_0419+44_56616_1480 819.41400000 56616.17211590705430169 684.91000 1 
C GUPPI_0419+44_56616_1480 819.41400000 56616.17235713907239969 1602.80000 1 
C GUPPI_0419+44_56616_1480 819.41400000 56616.17259253495939930 1915.56000 1 
 GUPPI_0419+44_56616_1480 819.41400000 56616.17281976791949916 541.87000 1 
C GUPPI_0419+44_56616_1480 819.41400000 56616.17304205216450086 2501.64000 1 
 GUPPI_0419+44_56626_3640 819.99900000 56626.42152548417890046 533.49000 1 
 GUPPI_0419+44_56626_3640 819.99900000 56626.42175533592359926 1279.25000 1 
 GUPPI_0419+44_56626_3640 819.99900000 56626.42198517788510159 728.42000 1 
 GUPPI_0419+44_56626_3640 819.99900000 56626.42221498943800029 890.93000 1 
 GUPPI_0419+44_56626_3640 819.99900000 56626.42245921200139946 1686.38000 1 
 GUPPI_0419+44_56626_3640 819.99900000 56626.42268903516610123 486.98000 1 
 GUPPI_0419+44_56626_3640 819.99900000 56626.42291887617840018 905.90000 1 
 GUPPI_0419+44_56626_3640 819.99900000 56626.42314869228809826 1362.52000 1 
C GUPPI_0419+44_56636_1634 817.71600000 56636.18934125452519979 1725.20000 1 
C GUPPI_0419+44_56636_1634 817.71600000 56636.18957746075729887 1938.44000 1 
 GUPPI_0419+44_56636_1634 817.71600000 56636.18981745978500086 847.80000 1 
C GUPPI_0419+44_56636_1634 817.71600000 56636.19005894026179959 1476.56000 1 
C GUPPI_0419+44_56636_1634 817.71600000 56636.19028550056239979 3142.06000 1 
 GUPPI_0419+44_56636_1634 817.71600000 56636.19050701603950060 1979.34000 1 
C GUPPI_0419+44_56636_1634 817.71600000 56636.19074831710589990 1728.31000 1 
C GUPPI_0419+44_56636_1634 817.71600000 56636.19098447758549852 2047.37000 1 
C GUPPI_0419+44_56669_0132 818.17700000 56669.01548932116060087 772.61000 1 
C GUPPI_0419+44_56669_0132 818.17700000 56669.01571913510689882 638.26000 1 
 GUPPI_0419+44_56669_0132 818.17700000 56669.01594899737269984 2023.92000 1 
C GUPPI_0419+44_56669_0132 818.17700000 56669.01618524763659934 1990.32000 1 
C GUPPI_0419+44_56669_0132 818.17700000 56669.01642307888250016 1054.32000 1 
C GUPPI_0419+44_56669_0132 818.17700000 56669.01665304193259942 1445.71000 1 
 GUPPI_0419+44_56669_0132 818.17700000 56669.01688277313299835 1088.49000 1 
 GUPPI_0419+44_56669_0132 818.17700000 56669.01711261305630174 711.90000 1 
C GUPPI_0419+44_56700_7770 819.79600000 56700.89947613595910170 626.53000 1 
 GUPPI_0419+44_56700_7770 819.79600000 56700.89970599696690101 970.19000 1 
C GUPPI_0419+44_56700_7770 819.79600000 56700.89992337053680060 2393.50000 1 
C GUPPI_0419+44_56700_7770 819.79600000 56700.90015528205909945 1757.47000 1 
 GUPPI_0419+44_56700_7770 819.79600000 56700.90040995998050022 1110.41000 1 
C GUPPI_0419+44_56700_7770 819.79600000 56700.90062838243050081 1031.65000 1 
C GUPPI_0419+44_56700_7770 819.79600000 56700.90086963646459850 972.83000 1 
 GUPPI_0419+44_56700_7770 819.79600000 56700.90109951386499887 1507.06000 1 
 GUPPI_0419+44_56760_6831 815.71300000 56760.79075917578810007 966.35000 1 
 GUPPI_0419+44_56760_6831 815.71300000 56760.79100339813010123 979.86000 1 
C GUPPI_0419+44_56760_6831 815.71300000 56760.79123552148899989 1011.22000 1 
C GUPPI_0419+44_56760_6831 815.71300000 56760.79145254634919837 1937.13000 1 
C GUPPI_0419+44_56760_6831 815.71300000 56760.79167429103879883 2030.36000 1 
C GUPPI_0419+44_56760_6831 815.71300000 56760.79192519372880099 1210.77000 1 
C GUPPI_0419+44_56760_6831 815.71300000 56760.79215264524809825 969.14000 1 
C GUPPI_0419+44_56760_6831 815.71300000 56760.79238251616489919 1377.87000 1 
 GUPPI_0419+44_56793_4421 819.11800000 56793.51192213473470005 873.09000 1 
C GUPPI_0419+44_56793_4421 819.11800000 56793.51216457888530087 2535.98000 1 
C GUPPI_0419+44_56793_4421 819.11800000 56793.51240097250219918 1892.25000 1 
C GUPPI_0419+44_56793_4421 819.11800000 56793.51263762670700075 2084.96000 1 
C GUPPI_0419+44_56793_4421 819.11800000 56793.51286495775449836 975.40000 1 
 GUPPI_0419+44_56793_4421 819.11800000 56793.51310013189650050 2010.89000 1 
C GUPPI_0419+44_56793_4421 819.11800000 56793.51333223010890094 1313.86000 1 
 GUPPI_0419+44_56793_4421 819.11800000 56793.51355977227549943 806.03000 1 
 GUPPI_0419+44_56823_5122 819.99900000 56823.59304022251939870 897.48000 1 
 GUPPI_0419+44_56823_5122 819.99900000 56823.59327005729729976 744.71000 1 
 GUPPI_0419+44_56823_5122 819.99900000 56823.59351427788960009 616.71000 1 
 GUPPI_0419+44_56823_5122 819.99900000 56823.59374408981529925 1086.74000 1 
C GUPPI_0419+44_56823_5122 819.99900000 56823.59398841224259868 1224.02000 1 
 GUPPI_0419+44_56823_5122 819.99900000 56823.59421811650080159 829.94000 1 
 GUPPI_0419+44_56823_5122 819.99900000 56823.59444796460099880 867.68000 1 
 GUPPI_0419+44_56823_5122 819.99900000 56823.59469218755959830 1407.67000 1 
