 GUPPI_J0417+61_57078_7    865.881  57078.8676815563762    0.00 1365.64        1
 GUPPI_J0417+61_57078_7    769.556  57078.8676776620943    0.00  650.61        1
 GUPPI_J0417+61_57101_7    865.878  57101.8632889120666    0.00 1033.43        1
 GUPPI_J0417+61_57101_7    769.533  57101.8632849971029    0.00  524.25        1
 GUPPI_J0417+61_57131_6    864.297  57131.7692351408465    0.00 1359.38        1
 GUPPI_J0417+61_57131_6    769.620  57131.7692312452647    0.00  569.83        1
 GUPPI_J0417+61_57161_4    865.448  57161.4907247044553    0.00  792.78        1
 GUPPI_J0417+61_57161_4    769.590  57161.4907208081352    0.00  708.03        1
 GUPPI_J0417+61_57192_3    865.009  57192.4267086611001    0.00  796.61        1
 GUPPI_J0417+61_57192_3    771.622  57192.4267047447085    0.00  663.71        1
 GUPPI_J0417+61_57220_2    866.987  57220.3154786223081    0.00  801.86        1
 GUPPI_J0417+61_57220_2    768.630  57220.3154747608810    0.00  723.26        1
 GUPPI_J0417+61_57249_3    865.997  57249.3959419429392    0.00  518.29        1
 GUPPI_J0417+61_57249_3    769.161  57249.3959380693375    0.00  614.37        1
 GUPPI_J0417+61_57278_1    866.167  57278.1936513374066    0.00  664.16        1
 GUPPI_J0417+61_57278_1    769.559  57278.1936474425794    0.00  653.71        1
 GUPPI_J0417+61_57289_2    865.821  57289.2457352162117    0.00  785.31        1
 GUPPI_J0417+61_57289_2    769.928  57289.2457313316470    0.00  575.62        1
 GUPPI_J0417+61_57290_2    866.701  57290.2351262013679    0.00  572.34        1
 GUPPI_J0417+61_57290_2    769.750  57290.2351223263387    0.00  813.41        1
 GUPPI_J0417+61_57292_2    866.674  57292.2427641474789    0.00  548.15        1
 GUPPI_J0417+61_57292_2    769.659  57292.2427602781103    0.00  441.96        1
 GUPPI_J0417+61_57293_2    866.809  57293.2477809684519    0.00  647.34        1
 GUPPI_J0417+61_57293_2    769.919  57293.2477770779216    0.00  713.62        1
 GUPPI_J0417+61_57297_2    867.675  57297.2370164526283    0.00  610.09        1
 GUPPI_J0417+61_57297_2    769.894  57297.2370125759734    0.00  543.44        1
 GUPPI_J0417+61_57307_1    866.970  57307.2087165836951    0.00  771.82        1
 GUPPI_J0417+61_57307_1    769.643  57307.2087127081075    0.00  568.23        1
 GUPPI_J0417+61_57308_0    866.166  57308.0721010933599    0.00  811.61        1
 GUPPI_J0417+61_57308_0    769.743  57308.0720971946410    0.00  445.08        1
 GUPPI_J0417+61_57339_1    866.492  57339.1543863192921    0.00  924.08        1
 GUPPI_J0417+61_57339_1    769.371  57339.1543824306414    0.00  736.05        1
 GUPPI_J0417+61_57367_0    866.578  57367.0861354081762    0.00  469.03        1
 GUPPI_J0417+61_57367_0    768.723  57367.0861315420379    0.00  571.01        1
 GUPPI_J0417+61_57397_0    865.563  57397.0995167708806    0.00  518.29        1
 GUPPI_J0417+61_57397_0    768.664  57397.0995128928065    0.00  527.63        1
 GUPPI_J0417+61_6_57071    865.488  57071.2579701211061    0.00  915.98        1
 GUPPI_J0417+61_6_57071    769.468  57071.2579662320752    0.00  790.23        1
