MODE 1
TIME +0.00004096
1                894.999 56336.3291831573250  104.419                 0.00000
1                845.048 56336.3291827748535   86.122                 0.00000
1                795.048 56336.3291833771369  149.468                 0.00000
1                745.048 56336.3291832215508  164.775                 0.00000
1                894.999 56336.3298830982696   77.136                 0.00000
1                845.048 56336.3298827165480   89.499                 0.00000
1                795.048 56336.3298833203768  312.770                 0.00000
C 1                745.048 56336.3298831951832  117.147                 0.00000
1                894.999 56336.3305821545149   94.496                 0.00000
1                845.048 56336.3305817728590  120.117                 0.00000
1                795.048 56336.3305823807795  173.216                 0.00000
1                745.048 56336.3305822154630  100.551                 0.00000
1                894.999 56336.3312227366361  122.127                 0.00000
1                845.048 56336.3312223556744  152.070                 0.00000
1                795.048 56336.3312229572281  112.989                 0.00000
1                745.048 56336.3312227975567   85.309                 0.00000
1                894.999 56351.2473427256180   97.873                 0.00000
1                845.048 56351.2473423437061   85.947                 0.00000
1                795.048 56351.2473429460624   86.074                 0.00000
1                745.048 56351.2473427880504   95.631                 0.00000
1                894.999 56351.2480428214924  110.607                 0.00000
1                845.048 56351.2480424418500  208.846                 0.00000
1                795.048 56351.2480430447532  136.990                 0.00000
1                745.048 56351.2480428854240   76.312                 0.00000
1                894.999 56351.2487411486567   99.417                 0.00000
1                845.048 56351.2487407656196  158.897                 0.00000
1                795.048 56351.2487413694262  110.115                 0.00000
1                745.048 56351.2487412116543  114.985                 0.00000
1                894.999 56351.2493818723058   88.917                 0.00000
1                845.048 56351.2493814887279  112.513                 0.00000
1                795.048 56351.2493820889763  112.313                 0.00000
1                745.048 56351.2493819345818   81.118                 0.00000
1                894.999 56365.1480014264656  325.135                 0.00000
1                845.048 56365.1480010375931   91.554                 0.00000
1                795.048 56365.1480016395509  161.916                 0.00000
1                745.048 56365.1480014833744   77.749                 0.00000
1                894.999 56365.1487013014483   94.925                 0.00000
1                845.048 56365.1487009210385  112.282                 0.00000
1                795.048 56365.1487015239617  116.581                 0.00000
1                745.048 56365.1487013678003   95.753                 0.00000
1                894.999 56365.1493994167434   81.645                 0.00000
1                845.048 56365.1493990358835   98.406                 0.00000
1                795.048 56365.1493996388171   75.936                 0.00000
1                745.048 56365.1493994794743   92.577                 0.00000
1                894.999 56365.1500408318725  133.225                 0.00000
1                845.048 56365.1500404504644   91.723                 0.00000
1                795.048 56365.1500410533526  127.070                 0.00000
1                745.048 56365.1500408951387   93.197                 0.00000
1                894.996 56385.0693211409901  121.785                 0.00000
1                845.048 56385.0693207569092   94.161                 0.00000
1                795.048 56385.0693213582515   96.706                 0.00000
1                745.049 56385.0693212025936   84.305                 0.00000
1                894.996 56385.0700203743954  115.876                 0.00000
1                845.048 56385.0700199949419   88.101                 0.00000
1                795.048 56385.0700205956652   91.094                 0.00000
1                745.049 56385.0700204382757   82.335                 0.00000
1                894.996 56385.0707196155517   81.816                 0.00000
1                845.048 56385.0707192311269   65.341                 0.00000
1                795.048 56385.0707198316889   91.801                 0.00000
1                745.049 56385.0707196766921  125.725                 0.00000
1                894.996 56385.0713603599888   88.467                 0.00000
1                845.048 56385.0713599761310   88.149                 0.00000
1                795.048 56385.0713605808315   86.850                 0.00000
1                745.049 56385.0713604226500  111.719                 0.00000
1                894.996 56406.0844135058956  151.291                 0.00000
1                845.050 56406.0844131221338  118.588                 0.00000
1                795.048 56406.0844137244731  130.412                 0.00000
1                745.050 56406.0844135657810   98.005                 0.00000
1                894.996 56406.0851131623025   72.160                 0.00000
1                845.050 56406.0851127830357   75.433                 0.00000
1                795.048 56406.0851133856708   74.955                 0.00000
1                745.050 56406.0851132268372  136.870                 0.00000
1                894.996 56406.0858703940401   74.473                 0.00000
1                845.050 56406.0858700127521  118.050                 0.00000
1                795.048 56406.0858706150485   86.868                 0.00000
1                745.050 56406.0858704584369   95.637                 0.00000
1                894.996 56406.0864531542246  113.791                 0.00000
1                845.050 56406.0864527741806  134.418                 0.00000
1                795.048 56406.0864533739973  121.764                 0.00000
1                745.050 56406.0864532211978  114.748                 0.00000
1                895.009 56414.9938827158449   73.706                 0.00000
1                845.048 56414.9938823345599   63.094                 0.00000
1                795.048 56414.9938829377687   69.822                 0.00000
1                745.048 56414.9938827796984   81.435                 0.00000
1                895.009 56414.9945818708885   81.774                 0.00000
1                845.048 56414.9945814900164   69.043                 0.00000
1                795.048 56414.9945820920333   59.395                 0.00000
1                745.048 56414.9945819338818  133.286                 0.00000
1                895.009 56414.9952810262077   92.773                 0.00000
1                845.048 56414.9952806454247   68.788                 0.00000
1                795.048 56414.9952812471451   87.179                 0.00000
1                745.048 56414.9952810875870   88.200                 0.00000
1                895.009 56414.9957471297279  144.132                 0.00000
1                845.048 56414.9957467487426  138.143                 0.00000
1                795.048 56414.9957473499506  142.358                 0.00000
1                745.048 56414.9957471950680   99.556                 0.00000
1                894.996 56416.0363363926187  103.643                 0.00000
1                845.048 56416.0363360095111   81.400                 0.00000
1                795.048 56416.0363366142141   83.697                 0.00000
1                745.050 56416.0363364540973   97.253                 0.00000
1                894.996 56416.0370354030443   69.017                 0.00000
1                845.048 56416.0370350239086   73.454                 0.00000
1                795.048 56416.0370356259708  128.956                 0.00000
1                745.050 56416.0370354684189  106.799                 0.00000
1                894.996 56416.0375014147729  102.581                 0.00000
1                845.048 56416.0375010319500  188.632                 0.00000
1                795.048 56416.0375016336983  133.315                 0.00000
1                745.050 56416.0375014783015  300.636                 0.00000
1                894.999 56418.0567180430332   99.828                 0.00000
1                845.048 56418.0567176628720   77.398                 0.00000
1                795.048 56418.0567182613597   98.772                 0.00000
1                745.048 56418.0567181034085  113.947                 0.00000
1                894.999 56418.0574172242391  114.920                 0.00000
1                845.048 56418.0574168395338  123.549                 0.00000
1                795.048 56418.0574174436211   99.957                 0.00000
1                745.048 56418.0574172870536   84.722                 0.00000
1                894.999 56418.0581048840159  113.754                 0.00000
1                845.048 56418.0581045010699   84.171                 0.00000
1                795.048 56418.0581051047751  228.846                 0.00000
1                745.048 56418.0581049475093   82.766                 0.00000
1                894.999 56418.0587570987700   77.745                 0.00000
1                845.048 56418.0587567172980   80.373                 0.00000
1                795.048 56418.0587573193646   82.273                 0.00000
1                745.048 56418.0587571624097  111.689                 0.00000
1                894.999 56423.0242746858846   80.182                 0.00000
1                845.024 56423.0242743043253   77.916                 0.00000
1                795.048 56423.0242749074563   63.334                 0.00000
1                745.048 56423.0242747516803   79.633                 0.00000
1                894.999 56423.0249747798598  149.874                 0.00000
1                845.024 56423.0249743934770  107.187                 0.00000
1                795.048 56423.0249749984505  146.656                 0.00000
1                745.048 56423.0249748397921   98.863                 0.00000
1                894.999 56423.0256730960810   71.465                 0.00000
1                845.024 56423.0256727138340   79.530                 0.00000
1                795.048 56423.0256733171923   66.686                 0.00000
1                745.048 56423.0256731571263   63.926                 0.00000
1                894.999 56423.0261392323269  113.340                 0.00000
1                845.024 56423.0261388492864  148.685                 0.00000
1                795.048 56423.0261394513030  129.524                 0.00000
C 1                745.048 56423.0261393231108  181.387                 0.00000
1                894.995 56426.9379090952395   85.280                 0.00000
1                845.024 56426.9379087151912   89.454                 0.00000
1                795.048 56426.9379093169676   92.376                 0.00000
1                745.052 56426.9379091622258  125.250                 0.00000
1                894.995 56426.9386085831329  141.823                 0.00000
1                845.024 56426.9386082042316   76.020                 0.00000
1                795.048 56426.9386088055210  110.298                 0.00000
1                745.052 56426.9386086483529  100.480                 0.00000
1                894.995 56426.9393080794001   82.058                 0.00000
1                845.024 56426.9393076985890  122.096                 0.00000
1                795.048 56426.9393083006307  136.257                 0.00000
1                745.052 56426.9393081411931   89.932                 0.00000
1                894.995 56426.9399482521090  118.844                 0.00000
1                845.024 56426.9399478704041   74.971                 0.00000
1                795.048 56426.9399484734078  186.594                 0.00000
1                745.052 56426.9399483162372  105.108                 0.00000
1                895.009 56432.0110119476607   70.494                 0.00000
1                845.048 56432.0110115668327   75.926                 0.00000
1                795.048 56432.0110121708550   85.701                 0.00000
1                745.048 56432.0110120123573  101.382                 0.00000
1                895.009 56432.0117110008821  139.866                 0.00000
1                845.048 56432.0117106181158   85.637                 0.00000
1                795.048 56432.0117112215609   98.354                 0.00000
1                745.048 56432.0117110626389  120.448                 0.00000
1                895.009 56432.0124100537286   83.344                 0.00000
1                845.048 56432.0124096720673   73.340                 0.00000
1                795.048 56432.0124102737213   86.018                 0.00000
1                745.048 56432.0124101176508   78.267                 0.00000
1                895.009 56432.0130506301950   77.012                 0.00000
1                845.048 56432.0130502490945   96.179                 0.00000
1                795.048 56432.0130508503955  149.823                 0.00000
1                745.048 56432.0130506921457  148.367                 0.00000
1                894.927 56449.9600965927526  172.769                 0.00000
1                845.048 56449.9600962090686   91.410                 0.00000
1                795.048 56449.9600968118694  118.126                 0.00000
1                745.058 56449.9600966522478  102.560                 0.00000
1                894.927 56449.9607957561263  100.798                 0.00000
1                845.048 56449.9607953724166   85.774                 0.00000
1                795.048 56449.9607959746328   99.013                 0.00000
1                745.058 56449.9607958179361  118.777                 0.00000
1                894.927 56449.9614949158241  104.980                 0.00000
1                845.048 56449.9614945350202   85.764                 0.00000
1                795.048 56449.9614951374049   75.044                 0.00000
1                745.058 56449.9614949804149  139.338                 0.00000
1                894.927 56449.9621355969021   91.682                 0.00000
1                845.048 56449.9621352159349   88.386                 0.00000
1                795.048 56449.9621358196551   98.557                 0.00000
1                745.058 56449.9621356578670  124.504                 0.00000
1                895.001 56470.9534648294601  168.173                 0.00000
1                845.048 56470.9534644416775  147.205                 0.00000
1                795.048 56470.9534650466157   98.579                 0.00000
1                745.051 56470.9534648870799  113.283                 0.00000
1                895.001 56470.9541650822786  107.377                 0.00000
1                845.048 56470.9541647000458  117.013                 0.00000
1                795.048 56470.9541653037341  111.470                 0.00000
1                745.051 56470.9541651479052  138.599                 0.00000
1                895.001 56470.9548635662907  122.175                 0.00000
1                845.048 56470.9548631879907  106.876                 0.00000
1                795.048 56470.9548637896005  140.105                 0.00000
1                745.051 56470.9548636309383  140.703                 0.00000
C 1                895.001 56470.9555044878070  202.333                 0.00000
C 1                845.048 56470.9555041026845  170.381                 0.00000
C 1                795.048 56470.9555047403860  232.947                 0.00000
1                745.051 56470.9555045744068   90.288                 0.00000
1                894.996 56520.7728056591733   78.699                 0.00000
1                845.849 56520.7728052687020   78.100                 0.00000
1                795.048 56520.7728058779052  102.585                 0.00000
1                745.048 56520.7728057210791   86.636                 0.00000
1                894.996 56520.7735045178215  111.922                 0.00000
1                845.763 56520.7735041222547  172.658                 0.00000
1                795.048 56520.7735047402058   83.202                 0.00000
1                745.048 56520.7735045818786  140.281                 0.00000
1                894.996 56520.7742024918741  117.224                 0.00000
1                845.740 56520.7742021032017   86.204                 0.00000
1                795.048 56520.7742027148819   82.968                 0.00000
1                745.048 56520.7742025566679  116.548                 0.00000
1                894.996 56520.7748437793686  106.476                 0.00000
1                845.763 56520.7748433918218   75.843                 0.00000
1                795.048 56520.7748440025263   82.118                 0.00000
1                745.048 56520.7748438450348  108.876                 0.00000
1                894.999 56547.2752240008682   90.659                 0.00000
1                845.048 56547.2752236201044   88.124                 0.00000
1                795.048 56547.2752242220222   90.187                 0.00000
1                745.048 56547.2752240654374   84.750                 0.00000
1                894.999 56547.2759234864249  135.078                 0.00000
1                845.048 56547.2759231077649   76.211                 0.00000
1                795.048 56547.2759237101623   78.798                 0.00000
1                745.048 56547.2759235552031   79.111                 0.00000
1                894.999 56547.2766220959411  101.988                 0.00000
1                845.048 56547.2766217151765   76.280                 0.00000
1                795.048 56547.2766223176560   89.792                 0.00000
1                745.048 56547.2766221607304   79.438                 0.00000
1                894.999 56547.2774747762314   82.721                 0.00000
1                845.048 56547.2774743921053   76.709                 0.00000
1                795.048 56547.2774749954821  123.267                 0.00000
1                745.048 56547.2774748386425   85.989                 0.00000
1                894.999 56547.2782495391737  108.198                 0.00000
1                845.048 56547.2782491570318   76.376                 0.00000
1                795.048 56547.2782497616036   91.531                 0.00000
1                745.048 56547.2782496035081  135.637                 0.00000
1                894.999 56547.2789490456478  122.838                 0.00000
1                845.048 56547.2789486637958  103.895                 0.00000
1                795.048 56547.2789492660741   73.032                 0.00000
1                745.048 56547.2789491105477  102.768                 0.00000
1                894.999 56547.2796476659781  104.345                 0.00000
1                845.048 56547.2796472890275   67.672                 0.00000
1                795.048 56547.2796478906285  106.061                 0.00000
1                745.048 56547.2796477353159  107.262                 0.00000
1                894.999 56547.2803471841016   92.481                 0.00000
1                845.048 56547.2803468035813   88.660                 0.00000
1                795.048 56547.2803474070758  100.765                 0.00000
1                745.048 56547.2803472485619   88.313                 0.00000
1                894.999 56547.2810458150858  115.948                 0.00000
1                845.048 56547.2810454356905   77.958                 0.00000
1                795.048 56547.2810460363776   95.103                 0.00000
1                745.048 56547.2810458821317   81.927                 0.00000
1                894.999 56547.2817462246025   94.352                 0.00000
1                845.048 56547.2817458446380   83.868                 0.00000
1                795.048 56547.2817464455781   96.479                 0.00000
1                745.048 56547.2817462866262  102.505                 0.00000
1                894.999 56547.2824448653201   76.744                 0.00000
1                845.048 56547.2824444828916   84.180                 0.00000
1                795.048 56547.2824450863320   70.393                 0.00000
1                745.048 56547.2824449288223   72.161                 0.00000
1                894.999 56547.2831435086356  107.581                 0.00000
1                845.048 56547.2831431286518  102.458                 0.00000
1                795.048 56547.2831437318493   87.894                 0.00000
1                745.048 56547.2831435714089   82.234                 0.00000
1                894.999 56547.2838430423242   94.420                 0.00000
1                845.048 56547.2838426616652  102.305                 0.00000
1                795.048 56547.2838432640155  118.856                 0.00000
1                745.048 56547.2838431059832   94.007                 0.00000
1                894.999 56547.2845416936000  103.267                 0.00000
1                845.048 56547.2845413120934   76.724                 0.00000
1                795.048 56547.2845419132709   94.522                 0.00000
1                745.048 56547.2845417545534   84.810                 0.00000
1                894.999 56547.2850659068757  115.139                 0.00000
1                845.048 56547.2850655236862   91.899                 0.00000
1                795.048 56547.2850661248716   87.208                 0.00000
1                745.048 56547.2850659715750  103.817                 0.00000
1                895.094 56547.4914753116520  107.580                 0.00000
1                844.962 56547.4914749320499   85.740                 0.00000
1                795.048 56547.4914755342396   92.959                 0.00000
1                745.048 56547.4914753780395   97.440                 0.00000
1                895.094 56547.4921743882983  113.933                 0.00000
1                844.962 56547.4921740082717   77.436                 0.00000
1                795.048 56547.4921746092747   78.865                 0.00000
1                745.048 56547.4921744504374   72.104                 0.00000
1                895.094 56547.4928734656973  108.236                 0.00000
1                844.962 56547.4928730853725   91.086                 0.00000
1                795.048 56547.4928736856631   93.706                 0.00000
1                745.048 56547.4928735269425   72.250                 0.00000
1                895.094 56547.4935725428757  137.061                 0.00000
1                844.962 56547.4935721606929   81.287                 0.00000
1                795.048 56547.4935727659461  113.815                 0.00000
1                745.048 56547.4935726066005   71.042                 0.00000
1                895.094 56547.4942716223471  103.260                 0.00000
1                844.962 56547.4942712404189   75.153                 0.00000
1                795.048 56547.4942718424258   83.053                 0.00000
1                745.048 56547.4942716853346   83.960                 0.00000
1                895.094 56547.4949706983772   85.508                 0.00000
1                844.962 56547.4949703180161   72.074                 0.00000
1                795.048 56547.4949709196467  109.256                 0.00000
1                745.048 56547.4949707618407   92.626                 0.00000
1                895.094 56547.4956697788496   98.692                 0.00000
1                844.962 56547.4956693980594   78.046                 0.00000
1                795.048 56547.4956699994641   95.214                 0.00000
1                745.048 56547.4956698447062  101.285                 0.00000
1                895.094 56547.4963688592511  146.311                 0.00000
1                844.962 56547.4963684806741  155.115                 0.00000
1                795.048 56547.4963690809036   95.103                 0.00000
1                745.048 56547.4963689240968   65.573                 0.00000
1                895.094 56547.4970679400631   80.827                 0.00000
1                844.962 56547.4970675581631   92.488                 0.00000
1                795.048 56547.4970681622585   89.668                 0.00000
1                745.048 56547.4970680044949   92.161                 0.00000
1                895.094 56547.4977670225591  135.137                 0.00000
1                844.962 56547.4977666413303   72.253                 0.00000
1                795.048 56547.4977672409726   76.364                 0.00000
1                745.048 56547.4977670841275   78.577                 0.00000
1                895.094 56547.4984661029389   92.137                 0.00000
1                844.962 56547.4984657233159  122.847                 0.00000
1                795.048 56547.4984663228525  122.481                 0.00000
1                745.048 56547.4984661660147   85.779                 0.00000
1                895.094 56547.4991651872975  115.767                 0.00000
1                844.962 56547.4991648062840   87.921                 0.00000
1                795.048 56547.4991654094966  133.362                 0.00000
1                745.048 56547.4991652522534  107.712                 0.00000
1                895.094 56547.4998288280000   90.356                 0.00000
1                844.962 56547.4998284479222  126.622                 0.00000
1                795.048 56547.4998290502814   79.928                 0.00000
1                745.048 56547.4998288939792   92.027                 0.00000
1                895.094 56547.5005624685799   90.920                 0.00000
1                844.962 56547.5005620871859  128.635                 0.00000
1                795.048 56547.5005626874394   90.361                 0.00000
C 1                745.048 56547.5005625636228  143.872                 0.00000
1                895.094 56547.5012030754787   98.184                 0.00000
1                844.962 56547.5012026946613  101.044                 0.00000
1                795.048 56547.5012032961028  101.833                 0.00000
1                745.048 56547.5012031374466   88.896                 0.00000
1                894.999 56547.7243919842377  138.215                 0.00000
1                845.048 56547.7243916048160  245.113                 0.00000
1                795.048 56547.7243922055974  115.938                 0.00000
1                745.048 56547.7243920492730  120.836                 0.00000
1                894.999 56547.7250908450748   90.935                 0.00000
1                845.048 56547.7250904664074   84.759                 0.00000
1                795.048 56547.7250910685114   86.255                 0.00000
1                745.048 56547.7250909086188   84.014                 0.00000
C 1                894.999 56547.7257896800025  159.083                 0.00000
1                845.048 56547.7257893251893  131.282                 0.00000
1                795.048 56547.7257899297201  102.871                 0.00000
1                745.048 56547.7257897752435   93.034                 0.00000
1                894.999 56547.7264309975787  125.298                 0.00000
1                845.048 56547.7264306177130  116.914                 0.00000
1                795.048 56547.7264312205210  151.222                 0.00000
1                745.048 56547.7264310609321  130.706                 0.00000
1                894.999 56548.2695880082984   94.998                 0.00000
1                845.048 56548.2695876232076   87.572                 0.00000
1                795.048 56548.2695882283032   90.685                 0.00000
1                745.048 56548.2695880698319  104.066                 0.00000
1                894.999 56548.2702879869445   93.825                 0.00000
1                845.048 56548.2702876050062   93.413                 0.00000
1                795.048 56548.2702882066871   76.671                 0.00000
1                745.048 56548.2702880503458   70.646                 0.00000
1                894.999 56548.2709853062848   88.998                 0.00000
1                845.048 56548.2709849247543   74.268                 0.00000
1                795.048 56548.2709855253131  122.466                 0.00000
1                745.048 56548.2709853710536   89.601                 0.00000
1                894.999 56548.2716852889704   84.807                 0.00000
1                845.048 56548.2716849051573   99.046                 0.00000
1                795.048 56548.2716855082055   91.690                 0.00000
1                745.048 56548.2716853501935   84.428                 0.00000
1                894.999 56548.2723843760757  129.707                 0.00000
1                845.048 56548.2723839995706   83.539                 0.00000
1                795.048 56548.2723846000157   90.772                 0.00000
1                745.048 56548.2723844440179   69.218                 0.00000
1                894.999 56548.2730834749402   92.057                 0.00000
1                845.048 56548.2730830935561   81.912                 0.00000
1                795.048 56548.2730836976760   90.128                 0.00000
1                745.048 56548.2730835411386  107.932                 0.00000
1                894.999 56548.2737825718072  103.239                 0.00000
1                845.048 56548.2737821908480   91.227                 0.00000
1                795.048 56548.2737827921552  101.720                 0.00000
1                745.048 56548.2737826344233   85.886                 0.00000
1                894.999 56548.2744807819039   76.210                 0.00000
1                845.048 56548.2744803992982   71.688                 0.00000
1                795.048 56548.2744810017388  111.562                 0.00000
1                745.048 56548.2744808438587  130.497                 0.00000
1                894.999 56548.2751798773571  119.021                 0.00000
1                845.048 56548.2751794954643  116.300                 0.00000
1                795.048 56548.2751801000208   99.860                 0.00000
1                745.048 56548.2751799454373  147.909                 0.00000
1                894.999 56548.2758789757927  104.228                 0.00000
1                845.048 56548.2758785929990   95.152                 0.00000
1                795.048 56548.2758791950508   69.610                 0.00000
1                745.048 56548.2758790378554   91.378                 0.00000
1                894.999 56548.2765780714125   95.916                 0.00000
1                845.048 56548.2765776904966   97.967                 0.00000
1                795.048 56548.2765782910546  125.949                 0.00000
1                745.048 56548.2765781337118   84.934                 0.00000
1                894.999 56548.2772771707746  109.997                 0.00000
1                845.048 56548.2772767891378  104.236                 0.00000
1                795.048 56548.2772773904658   91.608                 0.00000
1                745.048 56548.2772772335656  138.035                 0.00000
1                894.999 56548.2779762690465   91.824                 0.00000
1                845.048 56548.2779758864946   81.976                 0.00000
1                795.048 56548.2779764890973  117.411                 0.00000
1                745.048 56548.2779763311350  144.283                 0.00000
1                894.999 56548.2786753674797   81.317                 0.00000
1                845.048 56548.2786749852501   70.270                 0.00000
1                795.048 56548.2786755899105   82.310                 0.00000
1                745.048 56548.2786754288117  149.450                 0.00000
1                894.999 56548.2793159849255  108.876                 0.00000
1                845.048 56548.2793156049319   89.853                 0.00000
1                795.048 56548.2793162109693  113.274                 0.00000
1                745.048 56548.2793160510715  122.261                 0.00000
1                894.670 56550.3842636663246   87.430                 0.00000
1                844.979 56550.3842632806852   88.738                 0.00000
1                795.048 56550.3842638822004   72.663                 0.00000
1                745.048 56550.3842637257733   82.866                 0.00000
1                894.670 56550.3849625316269   98.927                 0.00000
1                844.979 56550.3849621493050   74.117                 0.00000
1                795.048 56550.3849627503834  141.963                 0.00000
1                745.048 56550.3849625918140   85.410                 0.00000
1                894.670 56550.3856631723014   79.882                 0.00000
1                844.979 56550.3856627908831  101.041                 0.00000
1                795.048 56550.3856633916866  104.577                 0.00000
1                745.048 56550.3856632341113   94.709                 0.00000
1                894.670 56550.3863620474057  101.796                 0.00000
1                844.979 56550.3863616607371   96.245                 0.00000
1                795.048 56550.3863622632909   83.273                 0.00000
1                745.048 56550.3863621050965   85.687                 0.00000
1                894.670 56550.3870609159776   89.333                 0.00000
1                844.979 56550.3870605304446   86.168                 0.00000
1                795.048 56550.3870611327943   89.445                 0.00000
1                745.048 56550.3870609760971  101.318                 0.00000
1                894.670 56550.3877597889377  100.346                 0.00000
1                844.979 56550.3877594071528   79.950                 0.00000
1                795.048 56550.3877600066880  101.176                 0.00000
1                745.048 56550.3877598516141  100.605                 0.00000
1                894.670 56550.3884586667332   92.024                 0.00000
1                844.979 56550.3884582822485   81.952                 0.00000
1                795.048 56550.3884588845492  102.553                 0.00000
C 1                745.048 56550.3884587027189  152.258                 0.00000
1                894.670 56550.3891584302097   85.047                 0.00000
1                844.979 56550.3891580452290   65.143                 0.00000
1                795.048 56550.3891586467768   95.482                 0.00000
1                745.048 56550.3891584896788  121.919                 0.00000
1                894.670 56550.3898573076509   86.262                 0.00000
1                844.979 56550.3898569223667   73.549                 0.00000
1                795.048 56550.3898575247268   87.210                 0.00000
1                745.048 56550.3898573657874  102.632                 0.00000
1                894.670 56550.3905561870538  107.516                 0.00000
1                844.979 56550.3905558030958   69.974                 0.00000
1                795.048 56550.3905564044268   76.971                 0.00000
1                745.048 56550.3905562444694   79.482                 0.00000
1                894.670 56550.3912550682931   99.702                 0.00000
1                844.979 56550.3912546848226   82.481                 0.00000
1                795.048 56550.3912552857364  163.519                 0.00000
1                745.048 56550.3912551315561  126.723                 0.00000
1                894.670 56550.3919539520938   76.059                 0.00000
1                844.979 56550.3919535662485   69.838                 0.00000
1                795.048 56550.3919541688274   81.910                 0.00000
1                745.048 56550.3919540106599   83.937                 0.00000
1                894.670 56550.3926528353012   89.024                 0.00000
1                844.979 56550.3926524517869   74.245                 0.00000
1                795.048 56550.3926530539501  115.860                 0.00000
1                745.048 56550.3926528953481   85.094                 0.00000
1                894.670 56550.3933526097969  182.748                 0.00000
1                844.979 56550.3933522245748   70.403                 0.00000
1                795.048 56550.3933528237859   86.223                 0.00000
1                745.048 56550.3933526682548  127.637                 0.00000
1                894.670 56550.3939930328862  100.006                 0.00000
1                844.979 56550.3939926485103  136.314                 0.00000
1                795.048 56550.3939932486902  113.784                 0.00000
1                745.048 56550.3939930921213  147.991                 0.00000
1                894.454 56552.3906875797335   99.984                 0.00000
1                844.979 56552.3906871949647   91.097                 0.00000
1                795.048 56552.3906877957563   86.315                 0.00000
1                745.048 56552.3906876383452   95.659                 0.00000
1                894.454 56552.3913875054216   84.371                 0.00000
1                844.979 56552.3913871172940   92.340                 0.00000
1                795.048 56552.3913877207445  119.074                 0.00000
1                745.048 56552.3913875608604  124.551                 0.00000
1                894.454 56552.3920865418725   76.098                 0.00000
1                844.979 56552.3920861577495   81.587                 0.00000
1                795.048 56552.3920867596933   65.465                 0.00000
1                745.048 56552.3920865977405  160.841                 0.00000
1                894.454 56552.3927855824325   79.307                 0.00000
1                844.979 56552.3927851950665   81.798                 0.00000
1                795.048 56552.3927857983651   94.403                 0.00000
1                745.048 56552.3927856425394  126.876                 0.00000
1                894.454 56552.3934846241588  140.749                 0.00000
1                844.979 56552.3934842371618   84.944                 0.00000
1                795.048 56552.3934848389955   93.670                 0.00000
1                745.048 56552.3934846814884   80.054                 0.00000
1                894.454 56552.3941836681994  116.579                 0.00000
1                844.979 56552.3941832812370   70.688                 0.00000
1                795.048 56552.3941838806750   80.170                 0.00000
1                745.048 56552.3941837233382  105.342                 0.00000
1                894.454 56552.3948827087084   73.282                 0.00000
1                844.979 56552.3948823222303   83.706                 0.00000
1                795.048 56552.3948829228661  127.851                 0.00000
1                745.048 56552.3948827673408   87.890                 0.00000
1                894.454 56552.3955808678549   84.068                 0.00000
1                844.979 56552.3955804793944   66.025                 0.00000
1                795.048 56552.3955810800390   80.928                 0.00000
1                745.048 56552.3955809241472   88.534                 0.00000
1                894.454 56552.3962799090760   93.602                 0.00000
1                844.979 56552.3962795234544   68.836                 0.00000
1                795.048 56552.3962801272889  105.899                 0.00000
1                745.048 56552.3962799669531  109.254                 0.00000
1                894.454 56552.3969789546292   76.349                 0.00000
1                844.979 56552.3969785671632   70.905                 0.00000
1                795.048 56552.3969791716168  106.784                 0.00000
1                745.048 56552.3969790178270  183.615                 0.00000
1                894.454 56552.3976780004596   90.366                 0.00000
1                844.979 56552.3976776142039   89.993                 0.00000
1                795.048 56552.3976782171706  100.957                 0.00000
1                745.048 56552.3976780583170  101.119                 0.00000
1                894.454 56552.3983770503854  130.097                 0.00000
1                844.979 56552.3983766610448   90.460                 0.00000
1                795.048 56552.3983772638463   94.405                 0.00000
1                745.048 56552.3983771052255   98.753                 0.00000
1                894.454 56552.3990760956216  120.935                 0.00000
1                844.979 56552.3990757067327   70.642                 0.00000
1                795.048 56552.3990763101590  109.163                 0.00000
1                745.048 56552.3990761516166   93.620                 0.00000
1                894.454 56552.3997751434301   87.142                 0.00000
1                844.979 56552.3997747547971   90.582                 0.00000
1                795.048 56552.3997753581720   83.362                 0.00000
1                745.048 56552.3997752006678  110.898                 0.00000
1                894.454 56552.4004157176244   87.753                 0.00000
1                844.979 56552.4004153278781  123.026                 0.00000
1                795.048 56552.4004159316475  121.245                 0.00000
1                745.048 56552.4004157738202  105.699                 0.00000
1                893.790 56554.4235565127277   83.243                 0.00000
1                844.979 56554.4235561207036   70.610                 0.00000
1                795.048 56554.4235567234056  105.966                 0.00000
1                745.050 56554.4235565662967   89.701                 0.00000
1                893.790 56554.4242554836642   79.154                 0.00000
1                844.979 56554.4242550922974   93.918                 0.00000
1                795.048 56554.4242556943559   84.663                 0.00000
1                745.050 56554.4242555365791  104.361                 0.00000
1                893.790 56554.4249544478652   94.557                 0.00000
1                844.979 56554.4249540564827   68.331                 0.00000
1                795.048 56554.4249546568652   78.156                 0.00000
1                745.050 56554.4249545003250   76.821                 0.00000
1                893.790 56554.4256534047704   93.026                 0.00000
1                844.979 56554.4256530124205   88.092                 0.00000
1                795.048 56554.4256536174217   90.393                 0.00000
1                745.050 56554.4256534571619  102.182                 0.00000
1                893.790 56554.4263523522367  137.054                 0.00000
1                844.979 56554.4263519605338  101.219                 0.00000
1                795.048 56554.4263525612461   69.880                 0.00000
1                745.050 56554.4263524022498   79.314                 0.00000
1                893.790 56554.4270521762451  102.927                 0.00000
1                844.979 56554.4270517843535   80.557                 0.00000
1                795.048 56554.4270523860956   96.330                 0.00000
1                745.050 56554.4270522259846   72.694                 0.00000
1                893.790 56554.4277519905798   76.567                 0.00000
1                844.979 56554.4277515974208   71.482                 0.00000
1                795.048 56554.4277522022465   85.809                 0.00000
1                745.050 56554.4277520437144   93.871                 0.00000
1                893.790 56554.4284509083027   93.248                 0.00000
1                844.979 56554.4284505161161   83.178                 0.00000
1                795.048 56554.4284511202943   76.956                 0.00000
1                745.050 56554.4284509618346   85.847                 0.00000
1                893.790 56554.4291498174244   95.655                 0.00000
1                844.979 56554.4291494267893   68.459                 0.00000
1                795.048 56554.4291500272003   76.079                 0.00000
1                745.050 56554.4291498703471   90.559                 0.00000
1                893.790 56554.4298487169340  174.659                 0.00000
1                844.979 56554.4298483246444   75.267                 0.00000
1                795.048 56554.4298489281427  125.802                 0.00000
1                745.050 56554.4298487699957   78.818                 0.00000
1                893.790 56554.4305484883064   87.211                 0.00000
1                844.979 56554.4305480976556   73.244                 0.00000
1                795.048 56554.4305487008900  159.601                 0.00000
1                745.050 56554.4305485417852  107.103                 0.00000
1                893.790 56554.4312482534299   92.007                 0.00000
1                844.979 56554.4312478592537   76.512                 0.00000
1                795.048 56554.4312484630549  122.783                 0.00000
1                745.050 56554.4312483031192   97.667                 0.00000
1                893.790 56554.4319462287055  109.185                 0.00000
1                844.979 56554.4319458360481   76.452                 0.00000
1                795.048 56554.4319464377276  122.820                 0.00000
1                745.050 56554.4319462819457   86.759                 0.00000
1                893.790 56554.4326450790349  109.817                 0.00000
1                844.979 56554.4326446849990  150.118                 0.00000
1                795.048 56554.4326452886912   84.630                 0.00000
1                745.050 56554.4326451314752   84.892                 0.00000
1                893.790 56554.4332863437604  116.355                 0.00000
1                844.979 56554.4332859533448  114.855                 0.00000
1                795.048 56554.4332865570196   92.110                 0.00000
1                745.050 56554.4332863967806   78.117                 0.00000
1                894.919 56585.5443201416344  117.830                 0.00000
1                845.024 56585.5443197601850   92.933                 0.00000
1                795.048 56585.5443203597326  111.678                 0.00000
1                745.048 56585.5443202027356  115.468                 0.00000
1                894.919 56585.5450191489393  217.554                 0.00000
1                845.024 56585.5450187671048  153.795                 0.00000
1                795.048 56585.5450193696886  120.143                 0.00000
1                745.048 56585.5450192100390  122.230                 0.00000
1                894.919 56585.5457181499584  103.195                 0.00000
1                845.024 56585.5457177691251   77.444                 0.00000
1                795.048 56585.5457183666343  142.889                 0.00000
1                745.048 56585.5457182114593  110.579                 0.00000
1                894.919 56585.5463595573092  123.744                 0.00000
1                845.024 56585.5463591787004   92.000                 0.00000
C 1                795.048 56585.5463597441416  140.451                 0.00000
1                745.048 56585.5463596214082  127.382                 0.00000
1                819.956 56606.1406130285705  126.110                 0.00000
1                819.956 56606.1427103078969  153.171                 0.00000
1                819.956 56606.1448076088658  135.921                 0.00000
1                819.956 56606.1469040420823   99.586                 0.00000
1                819.956 56606.1490013800823  154.294                 0.00000
1                819.956 56606.1510987438953  147.590                 0.00000
1                819.956 56606.1531952340505  199.036                 0.00000
1                819.956 56606.1552926369639  199.443                 0.00000
C 1                819.956 56606.1568081566042  161.812                 0.00000
1                819.365 56606.0125692277705  192.993                 0.00000
1                819.365 56606.0146666291242  131.470                 0.00000
1                819.365 56606.0167640193400  135.726                 0.00000
1                819.365 56606.0188392520582  136.750                 0.00000
C 1                819.365 56606.0209569566194  175.792                 0.00000
1                819.365 56606.0230091629797  276.480                 0.00000
1                819.365 56606.0251508073348  111.973                 0.00000
C 1                819.365 56606.0272481715033  160.716                 0.00000
1                819.365 56606.0293073258732  103.854                 0.00000
1                819.365 56606.0314435888260  495.754                 0.00000
1                819.365 56606.0335408331115  143.870                 0.00000
1                819.365 56606.0356371541752  133.477                 0.00000
1                819.365 56606.0377343216901  149.107                 0.00000
1                819.365 56606.0398314438978  138.542                 0.00000
1                819.365 56606.0419276288731  150.648                 0.00000
1                819.365 56606.0440246353865  171.371                 0.00000
1                819.365 56606.0461224529874  155.855                 0.00000
1                819.365 56606.0482193057836  101.775                 0.00000
1                819.365 56606.0503160588800  211.344                 0.00000
1                819.365 56606.0524153665996  128.108                 0.00000
1                819.365 56606.0545118939427  208.459                 0.00000
1                819.365 56606.0566091736229  205.100                 0.00000
1                819.365 56606.0587063178159  432.096                 0.00000
1                819.365 56606.0608033107137  112.045                 0.00000
1                819.365 56606.0628992693870  117.226                 0.00000
1                819.365 56606.0649968590182  146.168                 0.00000
C 1                819.365 56606.0670934725757  170.301                 0.00000
1                819.365 56606.0691907949498  276.358                 0.00000
1                819.365 56606.0707055479658  237.237                 0.00000
1                894.842 56611.5734081258973  100.963                 0.00000
1                845.024 56611.5734077425252  111.060                 0.00000
1                795.048 56611.5734083458127  128.711                 0.00000
1                745.048 56611.5734081872034  127.491                 0.00000
1                894.842 56611.5741071679747   78.985                 0.00000
1                845.024 56611.5741067850924  115.981                 0.00000
1                795.048 56611.5741073850518  127.377                 0.00000
1                745.048 56611.5741072271611  106.944                 0.00000
1                894.842 56611.5748062096867   96.609                 0.00000
1                845.024 56611.5748058293017  149.807                 0.00000
1                795.048 56611.5748064381975  196.014                 0.00000
1                745.048 56611.5748062719419  147.505                 0.00000
1                894.842 56611.5754467804791  116.249                 0.00000
1                845.024 56611.5754463956921  165.250                 0.00000
1                795.048 56611.5754470011955  187.100                 0.00000
1                745.048 56611.5754468427261   90.025                 0.00000
1                894.999 56637.4147848397886  132.370                 0.00000
1                845.048 56637.4147844622536  109.422                 0.00000
1                795.048 56637.4147850620564  106.140                 0.00000
1                745.048 56637.4147849033983  106.304                 0.00000
1                894.999 56637.4154848405642  145.837                 0.00000
1                845.048 56637.4154844607672  143.181                 0.00000
1                795.048 56637.4154850579654  169.102                 0.00000
1                745.048 56637.4154848989070  142.020                 0.00000
1                894.999 56637.4161839484233  106.396                 0.00000
1                845.048 56637.4161835656934   92.490                 0.00000
1                795.048 56637.4161841681372  109.260                 0.00000
1                745.048 56637.4161840128325  127.596                 0.00000
1                894.999 56637.4168228060128  153.607                 0.00000
1                845.048 56637.4168224262962  140.295                 0.00000
1                795.048 56637.4168230285248  129.171                 0.00000
1                745.048 56637.4168228698108  131.591                 0.00000
1                894.999 56669.3907339386927  103.499                 0.00000
1                845.048 56669.3907335587769  146.709                 0.00000
1                795.048 56669.3907341612029  109.475                 0.00000
1                745.048 56669.3907340068340  151.804                 0.00000
1                894.999 56669.3914446721915  136.767                 0.00000
1                845.048 56669.3914442920490  186.484                 0.00000
1                795.048 56669.3914448935639  130.732                 0.00000
1                745.048 56669.3914447349178  112.024                 0.00000
1                894.999 56669.3921438837758  174.021                 0.00000
1                845.048 56669.3921435020116  157.489                 0.00000
C 1                795.048 56669.3921440731277  176.723                 0.00000
1                745.048 56669.3921439466066  124.173                 0.00000
C 1                894.999 56669.3927846301685  184.095                 0.00000
1                845.048 56669.3927842252131  152.605                 0.00000
1                795.048 56669.3927848276834  132.931                 0.00000
1                745.048 56669.3927846698760  143.908                 0.00000
TIME -0.00004096
TIME +0.00008192
1                387.489 56591.0232393281612  171.827                 0.00000
1                362.519 56591.0232389359874  121.932                 0.00000
1                337.510 56591.0232392732245   88.724                 0.00000
1                312.505 56591.0232388036542  107.551                 0.00000
1                387.497 56592.0189767193050  261.847                 0.00000
1                362.519 56592.0189763302626  121.507                 0.00000
1                337.510 56592.0189766707492   88.163                 0.00000
1                312.510 56592.0189762041222  101.077                 0.00000
1                390.453 56773.0752043880552  256.908                 0.00000
1                357.309 56773.0752041819485  142.453                 0.00000
1                337.510 56773.0752046617776   97.194                 0.00000
1                312.510 56773.0752041951266  116.570                 0.00000
1                387.497 56816.6909547052854  192.875                 0.00000
1                362.519 56816.6909543052772  122.791                 0.00000
1                337.510 56816.6909546426473   94.282                 0.00000
1                312.503 56816.6909541736294  115.216                 0.00000
1                387.486 56960.0118609137312  406.734                 0.00000
1                362.522 56960.0118605251990  334.083                 0.00000
1                337.515 56960.0118608597098  176.221                 0.00000
1                312.497 56960.0118603920645  161.019                 0.00000
1                389.554 57148.8675421722196  254.202                 0.00000
1                355.184 57148.8675421836987  150.637                 0.00000
1                337.506 57148.8675423533861  100.800                 0.00000
1                312.494 57148.8675418884537  136.917                 0.00000
TIME -0.00008192
TIME +0.00000384                                                                
1                820.780 57078.9219488977818   83.226                 0.00000   
1                820.780 57078.9226711590282   64.218                 0.00000   
1                820.780 57078.9233934181744   82.012                 0.00000   
1                820.780 57078.9241165677677   63.608                 0.00000   
1                820.780 57078.9248388284317   72.998                 0.00000   
1                820.780 57078.9255610908403   71.897                 0.00000   
1                820.780 57078.9262833520932   82.465                 0.00000   
1                820.780 57078.9270056150064   83.201                 0.00000   
1                820.780 57078.9277278802744   76.937                 0.00000   
1                820.780 57078.9284501431854   83.517                 0.00000   
1                820.780 57078.9291724076231   77.028                 0.00000   
1                820.780 57078.9298946714087   76.330                 0.00000   
1                820.780 57078.9306169370094   73.110                 0.00000   
1                820.780 57078.9313400898835   56.651                 0.00000   
C 1                820.781 57078.9317610543224  151.485                 0.00000   
1                820.780 57101.8802583898341   68.156                 0.00000   
1                820.780 57101.8809812090063   82.066                 0.00000   
1                820.780 57101.8817031442817   96.909                 0.00000   
1                820.780 57101.8824259708037   69.064                 0.00000   
1                820.780 57101.8831479128178   64.197                 0.00000   
1                820.780 57101.8838707424018   71.346                 0.00000   
1                820.780 57101.8845926895452   57.776                 0.00000   
1                820.780 57101.8853155258806   58.807                 0.00000   
1                820.780 57101.8860374743102   70.289                 0.00000   
C 1                820.781 57101.8865193687891  107.017                 0.00000   
TIME -0.00000384                                                                
TIME +0.00008192                                                                
1                350.658 57148.8644531297389  286.921                 0.00000   
1                350.658 57148.8651192943761  341.120                 0.00000   
1                350.658 57148.8658536439689  237.676                 0.00000   
1                350.658 57148.8665516641253  215.765                 0.00000   
1                350.658 57148.8673090176038  368.216                 0.00000   
1                350.658 57148.8679494348688  290.291                 0.00000   
1                350.658 57148.8686483020994  223.289                 0.00000   
1                350.658 57148.8693480353349  316.364                 0.00000   
1                350.658 57148.8700468752084  206.796                 0.00000   
1                350.658 57148.8706872454585  278.936                 0.00000   
TIME -0.00008192                                                                
TIME +0.00000384                                                                
1                820.196 57161.5353520538428   78.451                 0.00000   
1                820.196 57161.5360616934878   67.330                 0.00000   
1                820.196 57161.5367970231013   70.101                 0.00000   
1                820.196 57161.5375190678466   70.733                 0.00000   
1                820.196 57161.5382411131582  103.061                 0.00000   
1                820.196 57161.5389640456010   70.929                 0.00000   
1                820.196 57161.5396860916740   80.763                 0.00000   
1                820.196 57161.5404081413921  105.343                 0.00000   
1                820.196 57161.5411310778863  104.762                 0.00000   
1                820.196 57161.5416121479438  125.914                 0.00000   
TIME -0.00000384                                                                
TIME +0.00003072                                                                
1                350.096 57169.9125786267889  182.064                 0.00000   
1                350.096 57169.9133007074063  222.083                 0.00000   
1                350.096 57169.9140236699679  290.779                 0.00000   
1                350.096 57169.9147448692436  207.306                 0.00000   
1                350.096 57169.9152879720753  361.141                 0.00000   
TIME -0.00003072                                                                
TIME +0.00000384                                                                
1                823.597 57192.4458155868577   77.072                 0.00000   
1                823.597 57192.4465377776214  122.341                 0.00000   
1                823.597 57192.4472599703029   81.898                 0.00000
1                823.597 57192.4479830487254  111.954                 0.00000
1                823.597 57192.4487052437567   82.133                 0.00000
1                823.597 57192.4494274381308   95.540                 0.00000
1                823.597 57192.4501496310247  137.168                 0.00000
1                823.597 57192.4508718249895   72.129                 0.00000
1                823.597 57192.4515940160058   92.059                 0.00000
1                823.597 57192.4523170988163   79.495                 0.00000
1                823.597 57192.4530392918163   66.628                 0.00000
C 1                823.597 57192.4537614592950  140.061                 0.00000
1                823.597 57192.4544836818655  105.228                 0.00000
1                823.597 57192.4552058764795  103.817                 0.00000
1                823.597 57192.4556267877012  206.359                 0.00000
1                820.780 57220.3341379529049   90.032                 0.00000
1                820.780 57220.3348598498935   74.740                 0.00000
1                820.780 57220.3355826297844   66.132                 0.00000
1                820.780 57220.3363045289745   91.695                 0.00000
1                820.780 57220.3370273144884   88.795                 0.00000
1                820.780 57220.3377492163042   76.686                 0.00000
1                820.780 57220.3384720052979   86.770                 0.00000
1                820.780 57220.3391939130950   98.517                 0.00000
1                820.780 57220.3399167066441   69.806                 0.00000
1                820.780 57220.3406386144019   79.340                 0.00000
1                820.780 57220.3413614134812   64.404                 0.00000
1                820.780 57220.3420833246787   80.277                 0.00000
1                820.780 57220.3428061259596   98.021                 0.00000
1                820.780 57220.3435280432770   92.528                 0.00000
C 1                820.781 57220.3439484777957  416.954                 0.00000
TIME -0.00000384
TIME +0.00008192
1                350.658 57448.1215615135698  248.162                 0.00000
1                350.658 57448.1222614690569  376.451                 0.00000
1                350.658 57448.1229605398892  196.059                 0.00000
1                350.658 57448.1236002495995  230.082                 0.00000
1                350.658 57474.0543737628942  151.960                 0.00000
1                350.658 57474.0550738524833  247.376                 0.00000
1                350.658 57474.0557721768931  368.267                 0.00000
1                350.658 57474.0564713808901  273.976                 0.00000
C 1                350.658 57474.0571120863826  264.361                 0.00000
TIME -0.00008192
