1                819.998 56336.3264170361247  519.779                 0.00000
1                819.998 56336.3269998333515  361.663                 0.00000
1                819.998 56336.3275826506155  779.734                 0.00000
1                894.998 56351.2445582177947  521.452                 0.00000
1                845.047 56351.2445585201875  481.863                 0.00000
1                795.047 56351.2445588803683  686.847                 0.00000
1                745.047 56351.2445593364926  423.963                 0.00000
1                894.998 56351.2451410120514  462.932                 0.00000
1                845.047 56351.2451413079017  330.140                 0.00000
1                795.047 56351.2451416908154  861.443                 0.00000
1                745.047 56351.2451421368152  291.672                 0.00000
1                894.998 56351.2457238214013  473.940                 0.00000
1                845.047 56351.2457241190639  430.483                 0.00000
1                795.047 56351.2457244994178  513.152                 0.00000
1                745.047 56351.2457249419545  320.596                 0.00000
C 1                894.998 56351.2461333221253  484.002                 0.00000
C 1                845.047 56351.2461336574933  420.453                 0.00000
C 1                795.047 56351.2461340414919  489.516                 0.00000
C 1                745.047 56351.2461344658056  527.672                 0.00000
1                896.937 56365.1451215076251  519.548                 0.00000
1                845.047 56365.1451218362767  358.021                 0.00000
1                795.047 56365.1451221948387  396.229                 0.00000
C 1                745.047 56365.1451226580744  1100.114                 0.00000
1                896.937 56365.1457043611506  487.448                 0.00000
1                845.047 56365.1457046485700  531.789                 0.00000
1                795.047 56365.1457050058571  258.413                 0.00000
1                745.047 56365.1457054520054  494.654                 0.00000
1                896.937 56365.1462792455266  731.341                 0.00000
1                845.047 56365.1462795448437  703.402                 0.00000
1                795.047 56365.1462799356345  406.539                 0.00000
1                745.047 56365.1462803915595  389.112                 0.00000
C 1                896.937 56365.1466887522742  1079.359                 0.00000
C 1                845.047 56365.1466890944279  970.053                 0.00000
C 1                795.047 56365.1466894777781  459.880                 0.00000
C 1                745.047 56365.1466899034874  406.985                 0.00000
1                894.998 56385.0663785253729  729.743                 0.00000
1                845.297 56385.0663788114477  325.755                 0.00000
1                794.948 56385.0663752420429  586.850                 0.00000
1                745.047 56385.0663757030872  779.681                 0.00000
1                894.998 56385.0669613099925  493.812                 0.00000
1                845.297 56385.0669616212260  1018.027                 0.00000
1                794.948 56385.0669580500854  369.456                 0.00000
1                745.047 56385.0669585135575  326.919                 0.00000
1                894.998 56385.0675441215862  603.159                 0.00000
1                845.297 56385.0675444377857  524.918                 0.00000
1                794.948 56385.0675408728839  469.911                 0.00000
1                745.047 56385.0675413204642  420.362                 0.00000
C 1                894.998 56385.0679536939706  580.228                 0.00000
C 1                845.297 56385.0679541034941  900.532                 0.00000
C 1                794.948 56385.0679503559029  574.153                 0.00000
C 1                745.047 56385.0679508624095  408.202                 0.00000
1                819.520 56406.0816150995798  558.674                 0.00000
1                819.520 56406.0821978687543  693.863                 0.00000
1                895.004 56414.0124532827748  819.786                 0.00000
1                845.047 56414.0124535848404  536.423                 0.00000
1                795.047 56414.0124500126008  460.632                 0.00000
1                745.047 56414.0124504493417  410.063                 0.00000
1                895.004 56414.0130360659859  427.350                 0.00000
1                845.047 56414.0130363766153  378.674                 0.00000
1                795.047 56414.0130328054543  459.107                 0.00000
1                745.047 56414.0130332525609  474.637                 0.00000
1                895.004 56414.0136188514993  490.590                 0.00000
1                845.047 56414.0136191656836  573.369                 0.00000
1                795.047 56414.0136156015984  342.220                 0.00000
1                745.047 56414.0136160275183  695.585                 0.00000
C 1                895.004 56414.0140244528943  426.009                 0.00000
C 1                845.047 56414.0140247523119  408.397                 0.00000
C 1                795.047 56414.0140211941340  524.813                 0.00000
C 1                745.047 56414.0140216377499  598.453                 0.00000
1                894.979 56416.0335113187899  381.518                 0.00000
1                845.324 56416.0335076831012  636.084                 0.00000
1                795.047 56416.0335080530383  579.932                 0.00000
1                745.047 56416.0335084956574  341.781                 0.00000
1                894.979 56416.0340980078139  579.947                 0.00000
1                845.324 56416.0340944009545  448.578                 0.00000
1                795.047 56416.0340947799575  264.514                 0.00000
1                745.047 56416.0340952243422  309.656                 0.00000
1                894.979 56416.0346768803020  430.231                 0.00000
1                845.324 56416.0346732270086  427.097                 0.00000
1                795.047 56416.0346736186691  399.101                 0.00000
1                745.047 56416.0346740819728  321.700                 0.00000
C 1                894.979 56416.0350903567791  666.500                 0.00000
C 1                845.324 56416.0350867314406  484.869                 0.00000
C 1                795.047 56416.0350870704826  658.575                 0.00000
C 1                745.047 56416.0350875364331  519.934                 0.00000
1                894.995 56418.0532338576578  395.532                 0.00000
1                845.047 56418.0532302273080  404.646                 0.00000
1                795.047 56418.0532306050386  468.155                 0.00000
1                745.028 56418.0532310537943  369.294                 0.00000
1                894.995 56418.0538166368287  578.027                 0.00000
1                845.047 56418.0538130492604  536.487                 0.00000
1                795.047 56418.0538134017751  339.173                 0.00000
1                745.028 56418.0538138464284  457.194                 0.00000
1                894.995 56418.0543994397309  312.605                 0.00000
1                845.047 56418.0543997427167  391.258                 0.00000
1                795.047 56418.0544001068831  705.423                 0.00000
1                745.028 56418.0544005605112  376.448                 0.00000
1                894.995 56418.0549782872398  377.872                 0.00000
1                845.047 56418.0549785804060  462.738                 0.00000
1                795.047 56418.0549789696128  398.570                 0.00000
1                745.028 56418.0549794155839  438.383                 0.00000
C 1                894.995 56418.0554429130429  375.770                 0.00000
C 1                845.047 56418.0554432621793  481.916                 0.00000
C 1                795.047 56418.0554436049736  707.352                 0.00000
C 1                745.028 56418.0554440562773  502.988                 0.00000
1                895.118 56423.0214459446481  415.716                 0.00000
1                845.047 56423.0214462623505  438.080                 0.00000
1                795.047 56423.0214466269390  478.958                 0.00000
1                745.047 56423.0214470933277  405.313                 0.00000
1                895.118 56423.0220287484869  587.217                 0.00000
1                845.047 56423.0220290498477  498.698                 0.00000
1                795.047 56423.0220294215943  593.522                 0.00000
1                745.047 56423.0220298570441  455.076                 0.00000
C 1                895.118 56423.0226114802217  1431.740                 0.00000
1                845.047 56423.0226118297094  401.728                 0.00000
1                795.047 56423.0226122000357  307.490                 0.00000
1                745.047 56423.0226126333368  433.480                 0.00000
C 1                895.118 56423.0230224208954  605.981                 0.00000
C 1                845.047 56423.0230213445989  479.797                 0.00000
C 1                795.047 56423.0230217253207  688.766                 0.00000
C 1                745.047 56423.0230221743719  523.922                 0.00000
1                894.995 56426.9349370173219  237.675                 0.00000
1                845.047 56426.9349373265329  291.667                 0.00000
1                795.047 56426.9349377006411  300.243                 0.00000
1                745.047 56426.9349381486699  408.885                 0.00000
1                894.995 56426.9355197933139  268.422                 0.00000
1                845.047 56426.9355201121318  304.991                 0.00000
1                795.047 56426.9355204773282  324.645                 0.00000
1                745.047 56426.9355209285491  396.583                 0.00000
1                894.995 56426.9361025765643  318.848                 0.00000
1                845.047 56426.9361028823500  378.125                 0.00000
1                795.047 56426.9361032647753  408.933                 0.00000
1                745.047 56426.9361037038223  370.726                 0.00000
C 1                894.995 56426.9365120761187  410.391                 0.00000
C 1                845.047 56426.9365124119826  404.739                 0.00000
C 1                795.047 56426.9365127684095  379.769                 0.00000
C 1                745.047 56426.9365132307373  544.620                 0.00000
1                818.510 56432.0038404388223  180.192                 0.00000
1                818.510 56432.0044232130117  258.999                 0.00000
1                818.510 56432.0050059892641  192.761                 0.00000
1                818.510 56432.0054155074759  374.050                 0.00000
1                894.629 56449.9529352902003  781.327                 0.00000
1                845.324 56449.9529356011379  494.674                 0.00000
1                794.770 56449.9529320414663  481.618                 0.00000
1                745.047 56449.9529324627967  549.247                 0.00000
1                894.629 56449.9535180660805  407.717                 0.00000
1                845.324 56449.9535183640463  493.409                 0.00000
1                794.770 56449.9535148084037  692.701                 0.00000
1                745.047 56449.9535152409683  467.202                 0.00000
1                894.629 56449.9541008292287  423.433                 0.00000
C 1                845.324 56449.9541011241905  869.247                 0.00000
1                794.770 56449.9540975682822  390.857                 0.00000
1                745.047 56449.9540980032956  529.606                 0.00000
C 1                894.629 56449.9545064031208  741.699                 0.00000
C 1                845.324 56449.9545029866259  574.022                 0.00000
C 1                794.770 56449.9545031092982  1411.722                 0.00000
C 1                745.047 56449.9545035540389  714.999                 0.00000
1                894.984 56470.9463060997300  348.989                 0.00000
1                845.047 56470.9463064022947  314.559                 0.00000
1                795.047 56470.9463067731918  477.448                 0.00000
1                745.047 56470.9463072194268  244.651                 0.00000
1                894.984 56470.9468888504480  389.164                 0.00000
1                845.047 56470.9468891623445  567.831                 0.00000
1                795.047 56470.9468895178175  540.492                 0.00000
1                745.047 56470.9468899776073  302.704                 0.00000
1                894.984 56470.9474715835814  361.867                 0.00000
1                845.047 56470.9474718913672  391.928                 0.00000
1                795.047 56470.9474722676855  396.153                 0.00000
1                745.047 56470.9474727164517  240.169                 0.00000
C 1                894.984 56470.9478816385769  767.141                 0.00000
C 1                845.047 56470.9478814049077  507.193                 0.00000
C 1                795.047 56470.9478817612357  1306.212                 0.00000
C 1                745.047 56470.9478821872732  328.325                 0.00000
1                894.972 56494.9362195974358  482.505                 0.00000
1                845.047 56494.9362199145154  747.713                 0.00000
1                794.997 56494.9362203067794  403.011                 0.00000
1                745.066 56494.9362168000430  418.582                 0.00000
1                894.972 56494.9368062716312  411.311                 0.00000
1                845.047 56494.9368065796912  636.879                 0.00000
1                794.997 56494.9368069399001  451.437                 0.00000
1                745.066 56494.9368034583299  585.887                 0.00000
1                894.972 56494.9373850490093  821.504                 0.00000
1                845.047 56494.9373853614805  351.426                 0.00000
1                794.997 56494.9373857410729  405.039                 0.00000
1                745.066 56494.9373822545677  255.124                 0.00000
C 1                894.972 56494.9377866077693  828.197                 0.00000
C 1                845.047 56494.9377869671823  634.563                 0.00000
C 1                794.997 56494.9377873382348  312.117                 0.00000
C 1                745.066 56494.9377838405404  416.907                 0.00000
1                894.995 56520.7656318292397  420.908                 0.00000
1                845.412 56520.7656321197772  672.301                 0.00000
1                795.047 56520.7656324991002  515.914                 0.00000
1                745.047 56520.7656329482324  623.663                 0.00000
1                894.995 56520.7662145128853  471.061                 0.00000
1                845.412 56520.7662148283550  273.514                 0.00000
1                795.047 56520.7662151907888  560.228                 0.00000
1                745.047 56520.7662156790913  292.474                 0.00000
1                894.995 56520.7667972332431  290.762                 0.00000
1                845.412 56520.7667975515728  361.587                 0.00000
1                795.047 56520.7667979159414  276.557                 0.00000
1                745.047 56520.7667983393643  453.340                 0.00000
C 1                894.995 56520.7672027920215  623.260                 0.00000
C 1                845.412 56520.7672030809362  1055.655                 0.00000
C 1                795.047 56520.7672034597465  1435.814                 0.00000
C 1                745.047 56520.7672039051169  562.795                 0.00000
1                819.407 56585.5371835358727  301.468                 0.00000
1                819.407 56585.5377662483310  289.508                 0.00000
1                819.407 56585.5383489639708  475.459                 0.00000
1                819.407 56585.5387584489659  363.828                 0.00000
1                896.655 56611.5662640903450  562.768                 0.00000
1                845.047 56611.5662644029703  619.081                 0.00000
1                795.047 56611.5662647800277  510.538                 0.00000
1                745.028 56611.5662652021014  425.621                 0.00000
1                896.655 56611.5668507790046  472.389                 0.00000
1                845.047 56611.5668510703136  280.204                 0.00000
1                795.047 56611.5668514541388  472.568                 0.00000
1                745.028 56611.5668518887181  408.322                 0.00000
1                896.655 56611.5674295570626  352.584                 0.00000
1                845.047 56611.5674298748382  620.207                 0.00000
1                795.047 56611.5674302403203  408.597                 0.00000
1                745.028 56611.5674306960986  393.136                 0.00000
C 1                896.655 56611.5678384894155  1504.170                 0.00000
C 1                845.047 56611.5678393701997  572.539                 0.00000
C 1                795.047 56611.5678397242411  586.086                 0.00000
C 1                745.028 56611.5678401763824  448.173                 0.00000
1                894.998 56637.4071852868720  748.024                 0.00000
1                845.047 56637.4071855962604  342.403                 0.00000
1                795.047 56637.4071820348577  322.269                 0.00000
1                745.047 56637.4071824772247  291.913                 0.00000
C 1                894.998 56637.4077669146513  495.455                 0.00000
C 1                845.047 56637.4077683439257  501.685                 0.00000
1                795.047 56637.4077647735505  388.622                 0.00000
1                745.047 56637.4077652253628  314.754                 0.00000
1                894.998 56637.4083507925300  712.358                 0.00000
1                845.047 56637.4083511035335  552.076                 0.00000
1                795.047 56637.4083475264519  422.359                 0.00000
1                745.047 56637.4083479869747  601.218                 0.00000
C 1                894.998 56637.4087602953240  489.035                 0.00000
C 1                845.047 56637.4087605993840  596.853                 0.00000
C 1                795.047 56637.4087570456512  549.409                 0.00000
C 1                745.047 56637.4087575071652  655.035                 0.00000
1                894.998 56669.3834149606936  550.550                 0.00000
1                845.324 56669.3834152505064  248.201                 0.00000
1                794.770 56669.3834156294625  399.853                 0.00000
1                745.047 56669.3834160853120  415.692                 0.00000
1                894.998 56669.3840016668621  479.035                 0.00000
1                845.324 56669.3840019846170  368.655                 0.00000
1                794.770 56669.3840023515258  341.372                 0.00000
1                745.047 56669.3840028016774  307.326                 0.00000
1                894.998 56669.3845844441973  388.632                 0.00000
1                845.324 56669.3845847605003  401.415                 0.00000
1                794.770 56669.3845851303093  438.122                 0.00000
1                745.047 56669.3845855675912  360.355                 0.00000
C 1                894.998 56669.3849861049481  523.218                 0.00000
C 1                845.324 56669.3849864125964  696.455                 0.00000
C 1                794.770 56669.3849867471054  854.611                 0.00000
C 1                745.047 56669.3849872226538  474.420                 0.00000
JUMP
t                119.385 56451.2260403283597  1228.372                 0.00000
t                139.603 56451.2260413563506  1252.570                 0.00000
C t                158.675 56451.2260414623431  2816.573                 0.00000
C t                178.081 56451.2260397917732  2755.752                 0.00000
t                119.237 56451.2267376126745  903.144                 0.00000
t                139.609 56451.2267382791845  1785.971                 0.00000
t                158.724 56451.2267383078494  1836.331                 0.00000
C t                178.058 56451.2267380097139  5156.805                 0.00000
t                119.203 56451.2274307024943  912.490                 0.00000
t                139.770 56451.2274311087956  1331.228                 0.00000
t                158.775 56451.2274312881201  2467.771                 0.00000
C t                178.128 56451.2274304837440  3542.391                 0.00000
t                119.393 56451.2281272500069  1220.026                 0.00000
t                139.648 56451.2281281808503  1930.805                 0.00000
t                158.665 56451.2281283413720  1720.218                 0.00000
C t                177.358 56451.2281254439968  3940.029                 0.00000
t                119.475 56451.2288200366157  1130.096                 0.00000
t                139.476 56451.2288214882123  1235.279                 0.00000
t                158.691 56451.2288213282721  1066.156                 0.00000
t                177.351 56451.2288210482533  2669.840                 0.00000
JUMP
