MODE 1
EFACS 1.5453875109499235
1                350.012 57062.0466160343861    19.96
1                350.012 57063.0272293887559    20.27
1                350.012 57089.1480743441485    25.11
1                350.012 57089.9693822858759    17.82
1                350.012 57091.0944519465368    17.71
1                350.012 57095.9969168444242    14.11
1                350.012 57098.0883289587129    23.79
1                350.012 57148.8860023676082    24.80
1                350.012 57149.8371368689818    21.88
1                350.012 57213.6303276050803    35.00
1                350.012 57214.7045870252017    42.79
1                350.012 57448.1008228730053    26.36
1                350.012 57452.9933499591635     8.57
1                350.012 57479.9248946844640    18.47
1                350.012 57509.7705351837854     8.21
1                350.012 57509.8562376219571    18.06
1                350.012 57570.6745771149322    16.03
1                350.012 57607.6676345642411    31.28
1                350.012 57637.5729932719250    25.49
1                350.012 57662.5006323397428    57.48
1                350.012 57700.4230514080615    24.72
