1                820.035 56336.3371419904351  1368.859                 0.00000
1                820.035 56336.3378407657865  1450.064                 0.00000
1                820.035 56336.3385394877153  1701.882                 0.00000
1                820.035 56336.3391816994483  1584.440                 0.00000
1                820.006 56351.2555891263019  1438.662                 0.00000
1                820.006 56351.2562878611876  1711.197                 0.00000
1                820.006 56351.2569866256124  1890.445                 0.00000
1                820.006 56351.2576288549530  1534.037                 0.00000
1                819.321 56365.1559962383994  2372.243                 0.00000
1                819.321 56365.1566949841144  1543.462                 0.00000
1                819.321 56365.1573937436602  1697.756                 0.00000
C 1                812.927 56385.0780690281683  2284.447                 0.00000
1                817.467 56406.0933464139799  1025.537                 0.00000
1                817.172 56414.0922581615377  1676.369                 0.00000
1                817.451 56416.0396929764396  1398.107                 0.00000
1                818.256 56418.0611024969709  1322.531                 0.00000
1                820.281 56423.0318140278919  1534.487                 0.00000
1                820.281 56423.0323997292698  1494.699                 0.00000
1                820.281 56423.0329803230669  1795.162                 0.00000
1                820.281 56423.0335660074305  1241.790                 0.00000
1                819.113 56426.9458697831108  2212.727                 0.00000
1                819.113 56426.9465685707020  1267.600                 0.00000
1                819.113 56426.9472672606555  1431.735                 0.00000
1                819.113 56426.9479094597750  3374.782                 0.00000
1                819.256 56432.0144095460413  1121.994                 0.00000
1                819.256 56432.0151082492629  1174.720                 0.00000
1                819.256 56432.0164492046679  1435.287                 0.00000
1                822.064 56449.9634935001626  2122.885                 0.00000
1                822.064 56449.9641922461082  2607.912                 0.00000
1                822.064 56449.9648908925456  2187.666                 0.00000
1                822.064 56449.9655331385321  2002.378                 0.00000
C 1                819.487 56470.9568168821890  4572.676                 0.00000
1                819.487 56470.9582171353953  1448.199                 0.00000
1                819.487 56470.9588541831172  987.130                 0.00000
1                813.176 56494.9498084875569  1535.290                 0.00000
1                813.176 56494.9505071101622  1680.611                 0.00000
1                813.176 56494.9512058014321  2583.919                 0.00000
1                813.176 56494.9518479327622  1748.540                 0.00000
1                819.153 56520.7761994883420  1598.350                 0.00000
1                819.153 56520.7768980971673  1464.368                 0.00000
1                819.153 56520.7775967574979  1513.788                 0.00000
1                819.153 56520.7782337194819  1782.074                 0.00000
1                819.113 56585.5477383132223  1366.637                 0.00000
1                819.113 56585.5484368866210  2391.101                 0.00000
1                819.113 56585.5491355160837  2355.437                 0.00000
1                819.113 56585.5497776385461  1608.572                 0.00000
1                821.961 56611.5771833738347  1948.247                 0.00000
1                821.961 56611.5778819909783  1501.425                 0.00000
1                821.961 56611.5785806676141  1361.310                 0.00000
1                821.961 56611.5792227619540  2244.021                 0.00000
1                819.998 56637.4190496229958  963.403                 0.00000
1                819.997 56669.3951104377426  1420.828                 0.00000
JUMP
t                119.821 56514.2732657272230  538.035                 0.00000
t                139.250 56514.2732676016980  1267.907                 0.00000
t                158.670 56514.2732657985037  778.820                 0.00000
t                178.745 56514.2732653076697  1108.719                 0.00000
t                119.859 56514.2739591356003  774.586                 0.00000
t                139.319 56514.2739610090950  612.493                 0.00000
t                158.695 56514.2739592772616  823.650                 0.00000
t                178.731 56514.2739588287235  1776.312                 0.00000
t                119.490 56514.2746534704310  492.339                 0.00000
t                139.449 56514.2746543166241  871.043                 0.00000
t                158.615 56514.2746528209652  1831.602                 0.00000
C t                178.800 56514.2746523413707  2188.979                 0.00000
t                119.407 56514.2753471496435  813.204                 0.00000
t                139.406 56514.2753478949689  820.113                 0.00000
t                158.592 56514.2753463567152  1832.896                 0.00000
t                178.802 56514.2753458031173  1380.488                 0.00000
t                119.417 56514.2760457664577  674.824                 0.00000
t                139.497 56514.2760464048853  759.348                 0.00000
t                158.551 56514.2760450646891  741.748                 0.00000
t                178.791 56514.2760443885128  1511.986                 0.00000
JUMP
