MODE 1
TIME +0.00004096
C 1                819.783 56336.3168815279794  12901.021                 0.00000
1                894.807 56351.2350939955914  870.320                 0.00000
1                844.874 56351.2350941201298  804.927                 0.00000
1                795.047 56351.2350942506608  1190.269                 0.00000
1                745.047 56351.2350944245623  755.189                 0.00000
1                816.762 56365.1358302388545  6055.810                 0.00000
C 1                818.890 56385.0568917009142  16764.646                 0.00000
1                892.747 56406.0721606985862  2830.081                 0.00000
1                844.841 56406.0721607993482  1442.551                 0.00000
1                795.047 56406.0721609300407  2890.656                 0.00000
1                745.052 56406.0721610650943  2956.836                 0.00000
1                819.453 56414.0234357071444  4775.041                 0.00000
1                894.458 56416.0265017001459  3988.977                 0.00000
1                844.895 56416.0265018293829  3004.076                 0.00000
1                795.047 56416.0265019641617  5504.258                 0.00000
1                745.047 56416.0265021566430  3198.476                 0.00000
1                893.603 56418.0358087227691  1867.889                 0.00000
1                844.788 56418.0358088545125  1011.966                 0.00000
1                795.047 56418.0358089656765  6555.289                 0.00000
1                745.047 56418.0358091699464  1138.077                 0.00000
1                894.927 56423.0126356354056  7366.311                 0.00000
1                843.219 56423.0126358696896  1983.611                 0.00000
1                795.047 56423.0126360157766  1200.881                 0.00000
1                745.041 56423.0126361918796  1162.157                 0.00000
1                818.869 56426.9253303626151  7729.312                 0.00000
1                894.388 56449.9432669717794  1609.933                 0.00000
1                844.877 56449.9432671001967  778.552                 0.00000
1                795.047 56449.9432672240530  864.034                 0.00000
1                745.129 56449.9432674034316  647.580                 0.00000
1                819.201 56470.9366889840522  2214.428                 0.00000
C 1                894.887 56494.9264029651748  9175.041                 0.00000
1                844.674 56494.9264013176563  5347.817                 0.00000
1                795.047 56494.9264013774948  2676.216                 0.00000
C 1                745.049 56494.9264015993039  1575.365                 0.00000
1                818.644 56520.7560466767596  3936.072                 0.00000
1                895.763 56611.5565896239559  5801.109                 0.00000
1                844.922 56611.5565897823143  1661.094                 0.00000
1                795.047 56611.5565899391734  980.537                 0.00000
1                745.979 56611.5565901182394  766.063                 0.00000
1                894.643 56637.3974268151692  1736.678                 0.00000
1                844.956 56637.3974269246552  1342.928                 0.00000
1                795.047 56637.3974270768485  1395.224                 0.00000
1                745.047 56637.3974273005817  4202.238                 0.00000
1                894.943 56669.3740055592360  5606.871                 0.00000
1                846.219 56669.3740056827775  2868.619                 0.00000
1                795.047 56669.3740057664736  3469.337                 0.00000
1                745.047 56669.3740059641118  2122.938                 0.00000
TIME -0.00004096
TIME +0.00008192
1                387.523 56159.3947824444432  800.072                 0.00000
1                362.511 56159.3947832286058  787.199                 0.00000
1                337.511 56159.3947842123814  560.601                 0.00000
1                312.503 56159.3947854135655  778.060                 0.00000
1                387.528 56177.1582183999487  1714.226                 0.00000
1                362.518 56177.1582191868909  2070.437                 0.00000
1                337.496 56177.1582201311222  1615.408                 0.00000
1                312.559 56177.1582213164754  3242.542                 0.00000
1                387.500 56177.8369162751368  3131.368                 0.00000
1                362.519 56177.8369170635558  1314.375                 0.00000
1                337.492 56177.8369180425768  2641.653                 0.00000
1                312.490 56177.8369192629003  2139.198                 0.00000
1                349.999 56178.2068074945511  3573.540                 0.00000
1                387.497 56179.5814272760860  1636.817                 0.00000
1                362.519 56179.5814280434533  1016.310                 0.00000
1                337.511 56179.5814290284568  1225.546                 0.00000
1                312.494 56179.5814302143086  2157.635                 0.00000
1                387.497 56184.1978119401805  1569.325                 0.00000
1                362.519 56184.1978127199358  684.568                 0.00000
1                337.511 56184.1978136861331  875.603                 0.00000
1                312.509 56184.1978149005116  1778.010                 0.00000
1                387.498 56221.5564606962811  2623.020                 0.00000
1                362.498 56221.5564614969150  2039.188                 0.00000
1                337.481 56221.5564624830576  1289.479                 0.00000
1                312.460 56221.5564636921396  1380.884                 0.00000
1                387.488 56223.1875722175457  577.166                 0.00000
1                362.506 56223.1875729864391  619.026                 0.00000
1                337.503 56223.1875739580830  595.764                 0.00000
1                312.516 56223.1875751941843  399.122                 0.00000
1                387.497 56224.4984200687005  1375.950                 0.00000
1                362.519 56224.4984208189894  526.801                 0.00000
1                337.511 56224.4984217761353  924.467                 0.00000
1                312.477 56224.4984229750414  1272.349                 0.00000
C 1                350.480 56279.0688538775918  24187.141                 0.00000
1                387.507 56297.5350384440963  3528.614                 0.00000
1                362.114 56297.5350391914707  2251.508                 0.00000
1                337.506 56297.5350401612544  1118.234                 0.00000
1                312.506 56297.5350413554746  1222.386                 0.00000
1                387.483 56458.7904970682770  1047.071                 0.00000
1                362.511 56458.7904978616691  1145.504                 0.00000
1                337.511 56458.7904988201686  610.892                 0.00000
1                312.498 56458.7905000464776  1133.115                 0.00000
TIME -0.00008192
