1                894.999 56336.3232825655676  662.582                 0.00000
1                845.375 56336.3232827734247  303.474                 0.00000
1                795.047 56336.3232830130934  300.252                 0.00000
1                745.047 56336.3232833014644  459.926                 0.00000
1                894.999 56351.2419328565250  261.749                 0.00000
1                845.047 56351.2419330576434  209.985                 0.00000
1                795.047 56351.2419332950838  235.722                 0.00000
1                745.047 56351.2419335882360  169.525                 0.00000
1                894.999 56365.1425445092178  403.974                 0.00000
1                845.255 56365.1425447082168  358.009                 0.00000
1                795.047 56365.1425449454530  418.008                 0.00000
1                745.047 56365.1425452404468  400.959                 0.00000
1                891.828 56406.0788610872541  491.420                 0.00000
1                844.966 56406.0788612773010  287.358                 0.00000
1                794.966 56406.0788615244342  311.020                 0.00000
1                745.047 56406.0788618155717  247.334                 0.00000
1                894.913 56414.0203722300080  424.871                 0.00000
C 1                845.223 56414.0203712990612  1198.022                 0.00000
1                795.047 56414.0203726816744  549.825                 0.00000
1                745.047 56414.0203729691196  314.881                 0.00000
1                894.489 56415.0035913327853  174.618                 0.00000
1                845.047 56415.0035915348563  267.787                 0.00000
1                795.023 56415.0035917745288  288.647                 0.00000
1                745.047 56415.0035920728715  418.097                 0.00000
1                894.366 56416.0290595353253  330.133                 0.00000
1                845.047 56416.0290597362028  205.564                 0.00000
1                795.023 56416.0290599765084  286.019                 0.00000
1                745.047 56416.0290602636383  539.331                 0.00000
1                894.999 56418.0388676523175  458.989                 0.00000
1                845.047 56418.0388678528212  293.833                 0.00000
1                795.047 56418.0388680923217  405.704                 0.00000
1                745.047 56418.0388683823434  191.838                 0.00000
1                894.999 56423.0190108472528  447.505                 0.00000
1                844.619 56423.0190110525076  383.564                 0.00000
1                795.047 56423.0190112839973  563.396                 0.00000
1                745.047 56423.0190115844588  377.672                 0.00000
1                894.992 56432.0013690794459  667.232                 0.00000
1                845.047 56432.0013692832283  576.360                 0.00000
1                794.971 56432.0013695111128  544.641                 0.00000
1                745.047 56432.0013698060460  410.920                 0.00000
1                894.369 56449.9503930556473  428.696                 0.00000
1                845.047 56449.9503932504076  235.479                 0.00000
1                795.047 56449.9503935014669  427.236                 0.00000
1                746.349 56449.9503937828085  349.031                 0.00000
1                894.913 56470.9434786596581  382.584                 0.00000
1                845.047 56470.9434788650602  383.887                 0.00000
1                795.047 56470.9434791015649  351.844                 0.00000
1                745.047 56470.9434793952004  314.446                 0.00000
1                895.075 56494.9332303280695  419.731                 0.00000
1                845.047 56494.9332305300611  484.887                 0.00000
1                795.047 56494.9332307786866  776.330                 0.00000
1                745.047 56494.9332310677307  350.687                 0.00000
1                894.995 56520.7630362457266  853.204                 0.00000
1                845.880 56520.7630364452786  419.766                 0.00000
1                795.275 56520.7630366731352  539.647                 0.00000
1                745.047 56520.7630369618448  862.406                 0.00000
1                894.971 56547.7145671709650  335.911                 0.00000
1                845.047 56547.7145673721678  859.369                 0.00000
1                795.047 56547.7145676140017  381.789                 0.00000
1                745.047 56547.7145679037933  336.704                 0.00000
1                894.999 56585.5345750830187  134.994                 0.00000
1                845.047 56585.5345752818140  379.416                 0.00000
1                795.047 56585.5345755266349  278.965                 0.00000
1                745.047 56585.5345758089575  270.453                 0.00000
1                894.999 56637.4041638342142  204.923                 0.00000
1                845.047 56637.4041640303841  155.402                 0.00000
1                795.047 56637.4041642671474  211.745                 0.00000
1                745.047 56637.4041645653366  317.528                 0.00000
1                894.999 56669.3806799157899  345.365                 0.00000
1                848.293 56669.3806800955379  594.022                 0.00000
C 1                795.047 56669.3806798905873  1450.995                 0.00000
C 1                745.047 56669.3806806145468  1472.517                 0.00000
JUMP
t                119.430 56464.6434007720881  422.838                 0.00000
t                139.707 56464.6433993744732  513.456                 0.00000
t                158.792 56464.6433981910763  466.038                 0.00000
t                178.478 56464.6434014104118  1207.295                 0.00000
JUMP
