MODE 1
EFAC 1.3308

# L-wide (Incoherent)
TIME +0.00000512
1               1527.290 58262.8693768636891   17.783                 0.00000
1               1527.290 58262.8728721629238   38.710                 0.00000
C 1               1527.290 58262.8762508663726   35.838                 0.00000
C 1               1518.024 58293.7008023519913   39.427                 0.00000
1               1518.024 58293.7042977277986   12.393                 0.00000
C 1               1518.024 58293.7076764852989   67.233                 0.00000
C 1               1519.864 58293.7115545931768   48.883                 0.00000
1               1519.864 58293.7150500146653   17.790                 0.00000
C 1               1519.864 58293.7184287227931   60.336                 0.00000
1               1520.879 58293.7408411931070    4.527                 0.00000
1               1520.879 58293.7806870529279    8.446                 0.00000
1               1520.879 58293.8204164563831   16.798                 0.00000
1               1499.534 58293.8601458076178   46.639                 0.00000
1               1499.534 58293.8999917342439   25.307                 0.00000
1               1499.534 58293.9397210827407   32.187                 0.00000
C 1               1509.619 58293.9794504751448   29.640                 0.00000
1               1509.619 58294.0192964040826   12.994                 0.00000
1               1509.619 58294.0590257627301    5.614                 0.00000
1               1512.444 58294.0865217120034    5.348                 0.00000
1               1512.444 58294.1019008948766    4.858                 0.00000
1               1512.444 58294.1172799811061    6.108                 0.00000
TIME -0.00000512

# 350 MHz (Incoherent)
TIME +0.00008192
1                372.389 56044.6974843675210   66.650                 0.00000
1                325.011 56044.6974843700169   31.384                 0.00000
1                372.389 56044.6996597276127   59.926                 0.00000
1                325.011 56044.6996597297370   35.893                 0.00000
1                372.389 56044.7019898774497   44.256                 0.00000
1                325.011 56044.7019898788806   24.993                 0.00000
1                369.166 56045.2069363665734   86.992                 0.00000
1                324.856 56045.2069363596865   22.277                 0.00000
1                369.166 56045.2092668693267   51.794                 0.00000
1                324.856 56045.2092668621363   36.455                 0.00000
1                369.167 56045.2114805484069   37.292                 0.00000
1                324.856 56045.2114805428403   30.277                 0.00000
1                370.678 56046.7712893315320   68.240                 0.00000
1                323.732 56046.7712893412989   38.377                 0.00000
1                370.678 56046.7735029738487   91.095                 0.00000
1                323.732 56046.7735029843620   88.619                 0.00000
1                370.678 56046.7757166498342   78.246                 0.00000
1                323.732 56046.7757166609323   44.955                 0.00000
1                371.687 56046.9135336031456  105.098                 0.00000
1                325.236 56046.9135336000153   75.672                 0.00000
1                371.687 56046.9158641701751   49.837                 0.00000
1                325.236 56046.9158641689029   44.197                 0.00000
1                371.687 56046.9180777733978   41.256                 0.00000
1                325.236 56046.9180777714855   36.649                 0.00000
1                369.669 56048.0091849101286   74.230                 0.00000
1                324.222 56048.0091848877794   38.616                 0.00000
1                369.669 56048.0124474421230   71.440                 0.00000
1                324.222 56048.0124474191837   46.789                 0.00000
1                369.669 56048.0161084798353   36.593                 0.00000
1                324.222 56048.0161084575577   42.435                 0.00000
1                373.217 56050.9278970401263   51.256                 0.00000
1                322.052 56050.9278970279466   58.826                 0.00000
1                373.217 56050.9302276065035   66.385                 0.00000
1                322.052 56050.9302275979093   38.139                 0.00000
1                373.217 56050.9324412428262   83.073                 0.00000
1                322.052 56050.9324412366929   84.436                 0.00000
1                371.707 56051.6557210670086   58.396                 0.00000
1                323.839 56051.6557210728854   55.409                 0.00000
1                371.707 56051.6580516505253   75.752                 0.00000
1                323.839 56051.6580516544675   58.200                 0.00000
1                371.707 56051.6602653440572   63.323                 0.00000
1                323.839 56051.6602653529118   81.357                 0.00000
1                372.439 56053.6828028013385   72.987                 0.00000
1                325.981 56053.6828027879278   96.466                 0.00000
1                372.439 56053.6846674238851   88.492                 0.00000
1                325.981 56053.6846674091438   69.006                 0.00000
1                372.439 56053.6864150514063   93.475                 0.00000
1                325.981 56053.6864150356440   56.420                 0.00000
1                374.998 56053.9283947394901   46.434                 0.00000
1                325.445 56053.9283947094512   55.929                 0.00000
1                374.998 56053.9307252727929   63.828                 0.00000
1                325.445 56053.9307252751761   37.412                 0.00000
1                374.998 56053.9329389503547   75.391                 0.00000
1                325.445 56053.9329389176901   45.238                 0.00000
1                374.302 56054.9135409614088   93.999                 0.00000
1                325.360 56054.9135409411576   44.146                 0.00000
1                374.302 56054.9147068214992   80.092                 0.00000
1                325.360 56054.9147068021585   76.179                 0.00000
1                374.302 56054.9157553859369   67.264                 0.00000
1                325.361 56054.9157553662445   71.283                 0.00000
1                374.999 56177.4739113324294   35.361                 0.00000
1                325.011 56177.4739113253102   20.166                 0.00000
1                374.999 56177.4750772304612   32.708                 0.00000
1                325.011 56177.4750772234789   20.713                 0.00000
C 1                374.999 56177.4762422910452   32.811                 0.00000
1                325.011 56177.4762422868145   26.626                 0.00000
1                374.998 56458.8023530163837  168.742                 0.00000
1                325.364 56458.8023530222004   36.175                 0.00000
1                374.998 56458.8046836057704   69.345                 0.00000
1                325.364 56458.8046836116685   59.819                 0.00000
1                374.998 56458.8068972784589   83.597                 0.00000
1                325.364 56458.8068972828460   47.520                 0.00000
1                375.541 56666.1755745413172   24.207                 0.00000
1                325.240 56666.1755745413592   11.737                 0.00000
1                375.541 56666.1790701411528   26.146                 0.00000
1                325.240 56666.1790701408943   10.641                 0.00000
1                375.541 56666.1824488579272   17.583                 0.00000
1                325.240 56666.1824488582777   12.636                 0.00000
1                374.998 56755.0306747885563   23.226                 0.00000
1                325.376 56755.0306747605611   23.211                 0.00000
1                374.998 56755.0330053935916   22.957                 0.00000
1                325.376 56755.0330053646537   24.345                 0.00000
1                374.998 56755.0352190352498   28.043                 0.00000
1                325.376 56755.0352190064530   30.165                 0.00000
1                374.998 56780.7328970234434   16.487                 0.00000
1                325.011 56780.7328970163119   15.278                 0.00000
1                374.998 56780.7352275536284   15.729                 0.00000
1                325.011 56780.7352275455128   19.735                 0.00000
1                374.998 56780.7374412242786   20.101                 0.00000
1                325.011 56780.7374412172824   23.619                 0.00000
1                376.091 56807.9714271321004   18.849                 0.00000
1                325.011 56807.9714271293738   12.278                 0.00000
1                376.091 56807.9737577116265   24.431                 0.00000
1                325.011 56807.9737577093165   10.578                 0.00000
1                376.091 56807.9759713692670   20.858                 0.00000
1                325.011 56807.9759713661041   12.668                 0.00000
1                375.073 56808.6562651189856   16.071                 0.00000
1                325.011 56808.6562651141340    9.729                 0.00000
1                375.073 56808.6585956783791   15.772                 0.00000
1                325.011 56808.6585956740579    9.698                 0.00000
1                375.073 56808.6608093100298   22.937                 0.00000
1                325.011 56808.6608093057426   13.245                 0.00000
1                375.377 56810.0521910194839   12.204                 0.00000
1                325.011 56810.0521910266464    9.513                 0.00000
1                375.377 56810.0545215772336   10.746                 0.00000
1                325.011 56810.0545215840346    8.262                 0.00000
1                375.377 56810.0567352432178   11.006                 0.00000
1                325.011 56810.0567352501013    9.150                 0.00000
1                374.998 56814.7240081774081   20.243                 0.00000
1                325.011 56814.7240081700768   11.818                 0.00000
1                374.998 56814.7263387128384   15.853                 0.00000
1                325.011 56814.7263387057156   11.398                 0.00000
1                374.998 56814.7285523635283   17.502                 0.00000
1                325.011 56814.7285523568305   13.718                 0.00000
1                374.819 56835.6043668583606   17.132                 0.00000
1                325.011 56835.6043668808401   13.833                 0.00000
1                374.819 56835.6066974052180   19.643                 0.00000
1                325.011 56835.6066974273839   17.100                 0.00000
1                374.819 56835.6089110703449   21.189                 0.00000
1                325.011 56835.6089110930441   18.064                 0.00000
1                375.142 56899.6683441264838   17.587                 0.00000
1                325.011 56899.6683441250708   11.662                 0.00000
1                375.142 56899.6695100110820   21.309                 0.00000
1                325.011 56899.6695100092089   15.843                 0.00000
1                375.142 56899.6705586202970   26.083                 0.00000
1                325.011 56899.6705586190178   18.461                 0.00000
1                378.041 57789.2041080939417   56.608                 0.00000
1                325.011 57789.2041080909516   26.907                 0.00000
1                378.041 57789.2052739769825   36.147                 0.00000
1                325.011 57789.2052739741264   27.419                 0.00000
1                378.041 57789.2062060434745   54.748                 0.00000
1                325.011 57789.2062060418289   46.200                 0.00000
1                377.938 57792.1354747500204   71.373                 0.00000
1                325.104 57792.1354747396294   37.662                 0.00000
1                377.938 57792.1368734777480   47.852                 0.00000
1                325.104 57792.1368734658403   26.159                 0.00000
1                377.938 57792.1382715524656   47.393                 0.00000
1                325.104 57792.1382715748708   35.151                 0.00000
TIME -0.00008192

# 820 MHz (Incoherent)
TIME +0.00002048
1                868.963 56616.1966045677261    1.958                 0.00000
1                770.048 56616.1966045664061    2.271                 0.00000
1                868.963 56616.1977700393409    1.777                 0.00000
1                770.048 56616.1977700380127    2.582                 0.00000
1                868.963 56616.1988186366799    2.019                 0.00000
1                770.048 56616.1988186353270    2.792                 0.00000
1                869.589 56626.4165235469871   31.889                 0.00000
1                770.048 56626.4165235475502   34.057                 0.00000
1                869.589 56626.4176889939762   66.452                 0.00000
1                770.048 56626.4176889953462   41.685                 0.00000
1                869.589 56626.4187375706151   28.659                 0.00000
1                770.048 56626.4187375705221   58.452                 0.00000
1                870.532 56626.4768129364335   29.583                 0.00000
1                770.048 56626.4768129399461   18.451                 0.00000
1                870.532 56626.4779783904352   34.976                 0.00000
1                770.048 56626.4779783933003   21.691                 0.00000
1                870.532 56626.4790269350021   29.124                 0.00000
1                770.048 56626.4790269386247   30.246                 0.00000
1                867.490 56636.2067550605376    7.416                 0.00000
1                770.599 56636.2067550524175   14.450                 0.00000
1                867.490 56636.2079205318663    6.714                 0.00000
1                770.599 56636.2079205237027   12.819                 0.00000
1                867.490 56636.2089690565450    8.113                 0.00000
1                770.599 56636.2089690481465   15.663                 0.00000
1                870.631 56669.0316277607439   21.387                 0.00000
1                769.981 56669.0316277633626   45.010                 0.00000
1                870.631 56669.0327932197494   20.664                 0.00000
1                769.981 56669.0327932242776   26.778                 0.00000
1                870.631 56669.0338417623266   19.585                 0.00000
1                769.981 56669.0338417664755   32.431                 0.00000
C 1                868.728 56700.9174841343940   49.478                 0.00000
1                770.457 56700.9174841328641   34.502                 0.00000
1                868.728 56700.9186496147512   43.529                 0.00000
1                770.457 56700.9186496115769   24.114                 0.00000
C 1                868.728 56700.9196982441208   81.422                 0.00000
1                770.457 56700.9196982403448   37.678                 0.00000
1                869.589 56731.8893707802979    3.788                 0.00000
1                769.292 56731.8893707840968    3.043                 0.00000
1                869.589 56731.8905362754252    3.935                 0.00000
1                769.292 56731.8905362791574    2.823                 0.00000
1                869.589 56731.8915848432681    4.213                 0.00000
1                769.292 56731.8915848469424    3.664                 0.00000
1                869.266 56760.8061069254731   30.198                 0.00000
1                769.292 56760.8061069274451   53.077                 0.00000
1                869.266 56760.8072724090067   34.407                 0.00000
1                769.292 56760.8072724118723   40.705                 0.00000
1                869.266 56760.8083209660730   39.495                 0.00000
1                769.292 56760.8083209687952   39.535                 0.00000
1                869.999 56823.6091392931260   17.601                 0.00000
1                770.829 56823.6091392913408    8.829                 0.00000
1                869.999 56823.6103047742093   23.897                 0.00000
1                770.829 56823.6103047721454    7.830                 0.00000
1                869.999 56823.6113533284134   19.694                 0.00000
1                770.829 56823.6113533270774    9.256                 0.00000
1                869.999 56856.6035143204273   44.596                 0.00000
1                770.073 56856.6035143224618   11.689                 0.00000
1                869.999 56856.6046797461782   30.433                 0.00000
1                770.073 56856.6046797485884   13.922                 0.00000
1                869.999 56856.6057282921239   33.518                 0.00000
1                770.073 56856.6057282943765   15.806                 0.00000
1                869.189 58261.9532444728438   14.177                 0.00000
1                769.188 58261.9532444759355   24.373                 0.00000
1                869.189 58261.9567398553979   16.277                 0.00000
1                769.188 58261.9567398581659   15.418                 0.00000
1                869.189 58261.9601185630915   17.588                 0.00000
1                769.188 58261.9601185655507   16.839                 0.00000
1                869.999 58262.0181287380573   16.420                 0.00000
1                768.823 58262.0181287450239   14.172                 0.00000
1                869.999 58262.0216240573160   16.223                 0.00000
1                768.823 58262.0216240642036   24.729                 0.00000
1                869.999 58262.0250028109569   17.140                 0.00000
1                768.824 58262.0250028188023   19.582                 0.00000
TIME -0.00002048
