MODE 1
C GUPPI PFB CORRECTION FOR 820 MHZ/200 MHZ BW/2048 CHAN/INCOH
TIME +0.00002048
1                819.999 56329.2960688688797    6.342                 0.00000
1                819.999 56329.2967680778113    5.121                 0.00000
1                819.999 56329.2972340944934    9.617                 0.00000
1                819.999 56329.2979323017815    7.023                 0.00000
1                819.999 56329.2986315106277   10.668                 0.00000
1                819.999 56329.2990975272738   12.400                 0.00000
1                819.999 56329.3054091776961    8.071                 0.00000
1                819.999 56329.3061084201759    8.759                 0.00000
1                819.999 56329.3065744033017    9.336                 0.00000
1                819.999 56329.3072726439071    4.057                 0.00000
1                819.999 56329.3079718195325    3.762                 0.00000
1                819.999 56329.3084378360926    9.385                 0.00000
1                819.981 56336.3190434169621    6.689                 0.00000
1                819.981 56336.3197426138171    5.819                 0.00000
1                819.981 56336.3204416442089    7.627                 0.00000
1                819.981 56336.3211407075266    6.164                 0.00000
1                819.981 56336.3217815159322    5.839                 0.00000
1                819.999 56351.2372494268921    3.181                 0.00000
1                819.999 56351.2379486274496    3.603                 0.00000
1                819.999 56351.2386476608455    2.565                 0.00000
1                819.999 56351.2393467275882    3.508                 0.00000
1                819.999 56351.2399876056823    3.590                 0.00000
1                819.999 56365.1378050376670   10.879                 0.00000
1                819.999 56365.1385042495039   11.456                 0.00000
1                819.999 56365.1392032950109   11.261                 0.00000
1                819.999 56365.1399023403368   15.243                 0.00000
1                819.999 56365.1405431629831   12.102                 0.00000
1                819.447 56385.0589508696771    9.185                 0.00000
1                819.447 56385.0596500599746    9.796                 0.00000
1                819.447 56385.0603491162170   10.600                 0.00000
1                819.447 56385.0610481729546    9.412                 0.00000
1                819.447 56385.0616889744024    7.435                 0.00000
1                819.962 56406.0743212299925    0.715                 0.00000
1                819.962 56406.0750204648669    0.715                 0.00000
1                819.962 56406.0757194993820    0.755                 0.00000
1                819.962 56406.0764185673265    0.787                 0.00000
1                819.962 56406.0770593517582    0.760                 0.00000
1                819.999 56415.0000503601753    9.960                 0.00000
1                819.999 56415.0007495860348   12.044                 0.00000
1                819.999 56415.0014486442071    6.729                 0.00000
1                819.999 56415.0019146388442   20.603                 0.00000
1                819.908 56415.0697609833560    4.608                 0.00000
1                819.908 56415.0704602417354    7.849                 0.00000
1                819.908 56415.0711593000594    8.435                 0.00000
1                819.908 56415.0716253276207    7.133                 0.00000
1                819.961 56416.0306753293857    3.626                 0.00000
1                819.961 56416.0313746451609    5.089                 0.00000
1                819.961 56416.0320154425614    3.033                 0.00000
1                819.999 56418.0496221062940    5.245                 0.00000
1                819.999 56418.0503213056586    3.672                 0.00000
1                819.999 56418.0510203714512    3.611                 0.00000
1                819.999 56418.0516611815745    3.818                 0.00000
1                819.934 56423.0145295836848    3.343                 0.00000
1                819.934 56423.0152287727746    3.281                 0.00000
1                819.934 56423.0159278283865    4.627                 0.00000
1                819.934 56423.0166268838351    3.278                 0.00000
1                819.934 56423.0172677181757    5.945                 0.00000
1                819.942 56426.9274230885272    6.664                 0.00000
1                819.942 56426.9281222909416    6.174                 0.00000
1                819.942 56426.9288213602736    5.762                 0.00000
1                819.942 56426.9295203959518    6.657                 0.00000
1                819.942 56426.9301612090712    6.384                 0.00000
1                819.221 56431.9964161494371    5.960                 0.00000
1                819.221 56431.9971153497015    6.956                 0.00000
1                819.221 56431.9978144159794    6.795                 0.00000
1                819.221 56431.9985134492638    5.151                 0.00000
1                819.221 56431.9991542599668    6.020                 0.00000
1                819.198 56449.9454323395234    7.559                 0.00000
1                819.198 56449.9461315314470    4.118                 0.00000
1                819.198 56449.9468305560765    6.174                 0.00000
1                819.198 56449.9475296475506    4.508                 0.00000
1                819.198 56449.9481704872491    4.116                 0.00000
1                819.961 56470.9388235038244    5.360                 0.00000
1                819.961 56470.9395227471955    5.119                 0.00000
1                819.961 56470.9402217903475    6.387                 0.00000
1                819.961 56470.9409207997862    5.457                 0.00000
1                819.961 56470.9415615921057    4.953                 0.00000
1                819.943 56494.9286267825510   10.553                 0.00000
1                819.943 56494.9293259984762    5.799                 0.00000
1                819.943 56494.9300250800320    7.697                 0.00000
1                819.943 56494.9307241281233    8.001                 0.00000
1                819.943 56494.9313649277147    9.405                 0.00000
1                818.821 56520.7581753647723    3.503                 0.00000
1                818.821 56520.7588745980619    3.731                 0.00000
1                818.821 56520.7595736309452    2.690                 0.00000
1                818.821 56520.7602726639534    3.315                 0.00000
1                818.821 56520.7609135194175    4.254                 0.00000
1                819.763 56547.2634995040889    6.183                 0.00000
1                819.763 56547.2641986919302    6.993                 0.00000
1                819.763 56547.2648977459842    6.938                 0.00000
1                819.763 56547.2655968002478    7.176                 0.00000
1                819.763 56547.2662958544044    4.867                 0.00000
1                819.763 56547.2669949081546    6.620                 0.00000
1                819.763 56547.2676939290166   10.880                 0.00000
1                819.763 56547.2683929828912   14.416                 0.00000
1                819.763 56547.2690920368491    7.999                 0.00000
1                819.763 56547.2697910908217    6.230                 0.00000
1                819.763 56547.2704901447228    8.043                 0.00000
1                819.763 56547.2711891651561    6.031                 0.00000
1                819.763 56547.2718881855645    5.070                 0.00000
1                819.763 56547.2725872725305    7.312                 0.00000
1                819.763 56547.2732280801960    9.497                 0.00000
1                819.410 56547.4781869893531    2.584                 0.00000
1                819.410 56547.4788861986190    3.085                 0.00000
1                819.410 56547.4795851742369    3.696                 0.00000
1                819.410 56547.4802842166246    3.439                 0.00000
1                819.410 56547.4809833257235    3.670                 0.00000
1                819.410 56547.4816823678463    4.896                 0.00000
1                819.410 56547.4823814100866    3.294                 0.00000
1                819.410 56547.4830804188193    3.217                 0.00000
1                819.410 56547.4837794943627    3.170                 0.00000
1                819.410 56547.4844785698300    4.292                 0.00000
1                819.410 56547.4851776119077    4.185                 0.00000
1                819.410 56547.4858766539454    3.504                 0.00000
1                819.410 56547.4865756960100    5.203                 0.00000
1                819.410 56547.4872747378189    4.341                 0.00000
1                819.410 56547.4879155345891    4.495                 0.00000
1                819.999 56547.7096915771967    3.992                 0.00000
1                819.999 56547.7103907742924    3.626                 0.00000
1                819.999 56547.7110898043184    3.937                 0.00000
1                819.999 56547.7117889010933    3.628                 0.00000
1                819.999 56547.7124296536333    3.934                 0.00000
1                819.371 56548.4694838251930    7.624                 0.00000
1                819.371 56548.4701246190120    8.940                 0.00000
1                819.371 56548.4708236881085    7.504                 0.00000
1                819.371 56548.4715227237723    8.902                 0.00000
1                819.371 56548.4722217594748    6.903                 0.00000
1                819.371 56548.4729208285487    6.386                 0.00000
1                819.371 56548.4736198640933    7.258                 0.00000
1                819.371 56548.4743189332702    5.617                 0.00000
1                819.371 56548.4750179685513    6.087                 0.00000
1                819.371 56548.4757170377236    9.958                 0.00000
1                819.371 56548.4764160733925    7.139                 0.00000
1                819.371 56548.4771151423957    7.061                 0.00000
1                819.371 56548.4778141779996    6.953                 0.00000
1                819.371 56548.4785132136015    6.965                 0.00000
1                819.371 56548.4791540072038   18.625                 0.00000
1                819.980 56550.3720758892386    0.836                 0.00000
1                819.980 56550.3727750933669    0.887                 0.00000
1                819.980 56550.3734741305234    0.856                 0.00000
1                819.980 56550.3741732011055    0.785                 0.00000
1                819.980 56550.3748722383301    0.840                 0.00000
1                819.980 56550.3755712421688    0.781                 0.00000
1                819.980 56550.3762702794766    0.786                 0.00000
1                819.980 56550.3769693501778    0.774                 0.00000
1                819.980 56550.3776683875241    0.841                 0.00000
1                819.980 56550.3783674582905    0.803                 0.00000
1                819.980 56550.3790082481317    0.840                 0.00000
1                819.980 56550.3797655665320    0.792                 0.00000
1                819.980 56550.3804646039744    0.738                 0.00000
1                819.980 56550.3811636748779    0.685                 0.00000
1                819.980 56550.3818044648120    0.789                 0.00000
1                819.893 56552.3784647153949    1.398                 0.00000
1                819.893 56552.3791639157290    1.494                 0.00000
1                819.893 56552.3798629490694    1.352                 0.00000
1                819.893 56552.3805620491323    1.629                 0.00000
1                819.893 56552.3812610489601    1.888                 0.00000
1                819.893 56552.3819601489660    1.488                 0.00000
1                819.893 56552.3826591820842    1.853                 0.00000
1                819.893 56552.3833582486224    1.728                 0.00000
1                819.893 56552.3840572817526    1.852                 0.00000
1                819.893 56552.3847563147751    1.953                 0.00000
1                819.893 56552.3854554479872    1.880                 0.00000
1                819.893 56552.3861544809442    2.153                 0.00000
1                819.893 56552.3868535472763    2.436                 0.00000
1                819.893 56552.3875525801747    1.917                 0.00000
1                819.893 56552.3881933686630    1.761                 0.00000
1                819.906 56554.4069601380376    8.451                 0.00000
1                819.906 56554.4076593362772    7.843                 0.00000
1                819.906 56554.4083584007637    6.964                 0.00000
1                819.906 56554.4090574320020    8.371                 0.00000
1                819.906 56554.4097564967284    7.415                 0.00000
1                819.906 56554.4104555611744    9.473                 0.00000
1                819.906 56554.4111545926485   13.405                 0.00000
1                819.906 56554.4118536573190    8.747                 0.00000
1                819.906 56554.4125526885440   10.600                 0.00000
1                819.906 56554.4132517538046    9.887                 0.00000
1                819.906 56554.4139508182403   11.627                 0.00000
1                819.906 56554.4146498499943   10.350                 0.00000
1                819.906 56554.4153489149756    9.383                 0.00000
1                819.906 56554.4160479465043    8.679                 0.00000
1                819.906 56554.4166886998461    8.303                 0.00000
1                819.999 56585.5293790356581    9.215                 0.00000
1                819.999 56585.5300782805216   14.188                 0.00000
1                819.999 56585.5307773246852    9.299                 0.00000
1                819.999 56585.5314764690655    7.107                 0.00000
1                819.999 56585.5321172341385    8.511                 0.00000
1                819.429 56611.5588930087122   13.462                 0.00000
1                819.429 56611.5595922137824    6.334                 0.00000
1                819.429 56611.5602912523321    8.804                 0.00000
1                819.429 56611.5609903237897    6.448                 0.00000
1                819.429 56611.5616311173216    5.505                 0.00000
1                819.999 56637.3995179836840    1.220                 0.00000
1                819.999 56637.4002171839083    1.319                 0.00000
1                819.999 56637.4009161837628    1.202                 0.00000
1                819.999 56637.4016152837509    1.398                 0.00000
1                819.999 56637.4022560669385    1.344                 0.00000
1                819.869 56669.3760804362229    4.361                 0.00000
1                819.869 56669.3767796868550    4.566                 0.00000
1                819.869 56669.3774787373614    4.884                 0.00000
1                819.869 56669.3781777542125    5.792                 0.00000
1                819.869 56669.3788185532698    6.334                 0.00000
TIME -0.00002048
C GUPPI PFB CORRECTION FOR 350 MHZ/100 MHZ BW/4096 CHAN/INCOH
TIME +0.00008192
1                350.017 56156.6701830190591    3.459                 0.00000
1                350.017 56156.6708827044708    3.578                 0.00000
1                350.017 56156.6715817553063    3.705                 0.00000
1                350.017 56156.6722808061208    3.170                 0.00000
1                350.017 56156.6729798568473    3.221                 0.00000
1                349.998 56159.3889908945403    5.139                 0.00000
1                349.998 56159.3896906073639    5.309                 0.00000
1                349.998 56159.3903896521840    4.978                 0.00000
1                349.998 56159.3910887304718    4.611                 0.00000
1                349.998 56159.3917877753276    5.063                 0.00000
1                349.972 56176.2646853412206   12.314                 0.00000
1                349.972 56176.2653850906047    9.356                 0.00000
1                349.972 56176.2660841052454    7.099                 0.00000
1                349.972 56176.2667831532643   10.020                 0.00000
1                349.972 56176.2674822345020    6.806                 0.00000
1                350.005 56177.8314330607136    8.036                 0.00000
1                350.005 56177.8321327313522    8.091                 0.00000
1                350.005 56177.8328318009308    8.968                 0.00000
1                350.005 56177.8335307704343    8.123                 0.00000
1                350.005 56177.8342298399120    8.074                 0.00000
1                350.005 56177.1779955130997    5.646                 0.00000
1                350.005 56177.1786952223281    8.858                 0.00000
1                350.005 56177.1793942638155    5.887                 0.00000
1                350.005 56177.1800933721045    5.438                 0.00000
1                350.005 56177.1807341378294    5.965                 0.00000
1                350.022 56179.6730302180806    5.762                 0.00000
1                350.022 56179.6737299326876    5.962                 0.00000
1                350.022 56179.6744289791179    5.884                 0.00000
1                350.022 56179.6751280254967    7.295                 0.00000
1                350.022 56179.6758270717366    5.621                 0.00000
1                350.022 56179.6765261180639    6.027                 0.00000
1                350.022 56179.6772252311372    6.146                 0.00000
1                350.022 56179.6779242441852    6.477                 0.00000
1                350.022 56179.6786232904800    5.903                 0.00000
1                350.022 56179.6792641552315    7.022                 0.00000
TIME -0.00008192
C GUPPI PFB CORRECTION FOR 350 MHZ/100 MHZ BW/2048 CHAN/INCOH
TIME +0.00004096
1                349.901 56219.9072628433857    9.304                 0.00000
1                349.901 56219.9078457271495   13.141                 0.00000
1                349.901 56219.9086612439367   13.082                 0.00000
1                349.901 56219.9093602771723   11.031                 0.00000
1                349.901 56219.9100593777143    9.170                 0.00000
1                349.901 56219.9107584446236   17.745                 0.00000
1                349.901 56219.9114574446118   12.061                 0.00000
1                349.901 56219.9121564780153   14.069                 0.00000
1                349.901 56219.9128555449799    9.904                 0.00000
1                349.901 56219.9134963371306   12.821                 0.00000
TIME -0.00004096
C GUPPI PFB CORRECTION FOR 350 MHZ/100 MHZ BW/4096 CHAN/INCOH
TIME +0.00008192
1                350.010 56223.1904376285631    3.414                 0.00000
1                350.010 56223.1911373104154    3.056                 0.00000
1                350.010 56223.1918363578076    3.720                 0.00000
1                350.010 56223.1925354384426    3.642                 0.00000
1                350.010 56223.1932344855345    3.470                 0.00000
1                350.010 56223.1939335327251    3.903                 0.00000
1                350.010 56223.1946325798384    3.708                 0.00000
1                350.010 56223.1953316268104    3.493                 0.00000
1                350.010 56223.1960306738389    3.754                 0.00000
1                350.010 56223.1966714753112    3.840                 0.00000
1                349.989 56254.7981459464553    6.575                 0.00000
1                349.989 56254.7988456642436    6.055                 0.00000
1                349.989 56254.7995447141959    6.133                 0.00000
1                349.989 56254.8002437640748    7.550                 0.00000
1                349.989 56254.8009428140807    6.299                 0.00000
1                349.975 56276.7608543221675    7.756                 0.00000
1                349.975 56276.7615540213474    8.047                 0.00000
1                349.975 56276.7622530863447    9.546                 0.00000
1                349.975 56276.7629521177622    6.917                 0.00000
1                349.975 56276.7636511825588    9.616                 0.00000
1                349.975 56276.7643502473931    8.881                 0.00000
1                349.975 56276.7650492786011    8.762                 0.00000
1                349.975 56276.7657483435570    9.008                 0.00000
1                349.975 56276.7664473750204    8.901                 0.00000
1                349.975 56276.7671464396342   10.206                 0.00000
1                349.975 56276.7678454711557    8.723                 0.00000
1                349.975 56276.7685445691555    7.872                 0.00000
1                349.975 56276.7692436340280    8.765                 0.00000
1                349.975 56276.7699426319927    9.317                 0.00000
1                349.975 56276.7706417299436   10.255                 0.00000
1                349.975 56276.7711076840674   12.927                 0.00000
1                349.973 56279.0715024338542    5.226                 0.00000
1                349.973 56279.0722021501768    5.141                 0.00000
1                349.973 56279.0729011981577    5.783                 0.00000
1                349.973 56279.0736002796364    6.605                 0.00000
1                349.973 56279.0742993277738    5.735                 0.00000
1                349.973 56279.0749984093324    6.861                 0.00000
1                349.973 56279.0756974242982    5.661                 0.00000
1                349.973 56279.0763964721668    5.671                 0.00000
1                349.973 56279.0770955538650    5.634                 0.00000
1                349.973 56279.0777363173858    6.815                 0.00000
1                349.921 56297.5258427242267    4.739                 0.00000
1                349.921 56297.5265424352963    5.214                 0.00000
1                349.921 56297.5272414784858    5.305                 0.00000
1                349.921 56297.5279405217000    4.802                 0.00000
1                349.921 56297.5286395649260    5.187                 0.00000
1                349.921 56297.5293386415886    5.287                 0.00000
1                349.921 56297.5300376848308    5.265                 0.00000
1                349.921 56297.5307367280757    4.459                 0.00000
1                349.921 56297.5314358382141    5.984                 0.00000
1                349.921 56297.5320765973982    6.137                 0.00000
1                350.005 56401.9088173093561    8.468                 0.00000
1                350.005 56401.9095170064660    8.875                 0.00000
1                350.005 56401.9102160688230    7.798                 0.00000
1                350.005 56401.9109151314888    7.866                 0.00000
1                350.005 56401.9116141605234    8.225                 0.00000
1                350.026 56405.0785163938423    7.614                 0.00000
1                350.026 56405.0792161004799    9.607                 0.00000
1                350.026 56405.0799151390611    6.250                 0.00000
1                350.026 56405.0806142112253    8.415                 0.00000
1                350.026 56405.0813132495870    8.305                 0.00000
1                350.005 56458.7931459814530    0.992                 0.00000
1                350.005 56458.7938456973360    1.007                 0.00000
1                350.005 56458.7945447452634    1.159                 0.00000
1                350.005 56458.7952437932320    1.025                 0.00000
1                350.005 56458.7959428078221    0.979                 0.00000
1                350.005 56458.7966418892423    1.011                 0.00000
1                350.005 56458.7973409373182    1.067                 0.00000
1                350.005 56458.7980399519811    1.053                 0.00000
1                350.005 56458.7987390001299    1.024                 0.00000
1                350.005 56458.7993798332563    1.169                 0.00000
1                350.001 56460.0381923155926    2.047                 0.00000
1                350.001 56460.0388920249339    2.023                 0.00000
1                350.001 56460.0395910996539    1.964                 0.00000
1                350.001 56460.0402901410092    1.975                 0.00000
1                350.001 56460.0409891823575    1.891                 0.00000
1                350.001 56460.0416881903365    1.807                 0.00000
1                350.001 56460.0423872317498    1.999                 0.00000
1                350.001 56460.0430863065748    1.946                 0.00000
1                350.001 56460.0437853479819    1.750                 0.00000
1                350.001 56460.0444261694125    1.824                 0.00000
1                349.985 56664.2112941035907    4.654                 0.00000
1                349.985 56664.2119938290799    5.746                 0.00000
1                349.985 56664.2126928863588    5.500                 0.00000
1                349.985 56664.2133919104782    5.699                 0.00000
1                349.985 56664.2140910013955    5.920                 0.00000
1                349.960 56745.0287478027935    1.188                 0.00000
1                349.960 56745.0294475297455    1.379                 0.00000
1                349.960 56745.0301465553156    1.308                 0.00000
1                349.986 56745.0392339905781    1.300                 0.00000
1                349.986 56745.0399336847046    1.512                 0.00000
1                349.986 56745.0406327442855    1.459                 0.00000
1                349.892 56836.5356113182979    7.402                 0.00000
1                349.892 56836.5363110150435    9.952                 0.00000
1                349.892 56836.5370100437453   10.714                 0.00000
1                349.892 56836.5377091056765   24.596                 0.00000
1                349.892 56836.5384664200858    8.657                 0.00000
1                349.892 56836.5391071965213    8.803                 0.00000
1                349.892 56836.5398062585447   10.731                 0.00000
1                349.892 56836.5405053206625    9.933                 0.00000
1                349.892 56836.5412043496099   12.025                 0.00000
1                349.892 56836.5418450925489    8.927                 0.00000
1                349.845 56908.4746506450507    3.417                 0.00000
1                349.845 56908.4753503673745    4.236                 0.00000
1                349.845 56908.4760494217313    4.223                 0.00000
1                349.845 56908.4766319448428    4.952                 0.00000
1                349.845 56908.4775057794777    4.894                 0.00000
1                349.845 56908.4781465514321    3.357                 0.00000
1                349.845 56908.4788456058799    3.594                 0.00000
1                349.845 56908.4795445933916    4.398                 0.00000
1                349.845 56908.4802436812163    4.002                 0.00000
1                349.845 56908.4808844532294    3.665                 0.00000
TIME -0.00008192
C GUPPI PFB CORRECTION FOR 1500 MHZ/800 MHZ BW/2048 CHAN/INCOH
TIME +0.00000512
1               1529.621 56331.4075156529023    2.760                 0.00000
1               1529.621 56331.4082148773186    2.775                 0.00000
1               1529.621 56331.4089139347533    2.386                 0.00000
1               1529.621 56331.4094382277758    3.128                 0.00000
1               1529.621 56331.4103120496308    2.343                 0.00000
1               1529.621 56331.4109528524745    2.867                 0.00000
1               1563.599 56331.4118096922991   11.549                 0.00000
1               1563.599 56331.4125088833361    9.881                 0.00000
1               1563.599 56331.4132079408991   10.856                 0.00000
1               1563.599 56331.4139069986695   10.660                 0.00000
1               1563.599 56331.4146060229361    6.280                 0.00000
1               1563.599 56331.4152468588406   10.391                 0.00000
C 1               1561.549 56331.4161036456125    9.402                 0.00000
1               1561.549 56331.4168028376772   14.667                 0.00000
1               1561.549 56331.4175018616779    6.965                 0.00000
1               1561.549 56331.4182009194838   10.204                 0.00000
1               1561.549 56331.4188999771722    8.301                 0.00000
C 1               1561.549 56331.4195407640821   16.577                 0.00000
C 1               1567.756 56331.4289855742490   10.864                 0.00000
1               1567.756 56331.4296848321254   17.429                 0.00000
1               1567.756 56331.4303838901844   10.180                 0.00000
C 1               1567.756 56331.4310829142352   14.686                 0.00000
C 1               1567.756 56331.4317819392462   16.826                 0.00000
C 1               1567.756 56331.4324227747989   13.494                 0.00000
1               1564.515 56331.4332795975752    5.336                 0.00000
1               1564.515 56331.4339788224663    7.913                 0.00000
1               1564.515 56331.4346778472098    5.193                 0.00000
1               1564.515 56331.4353768718218    5.016                 0.00000
1               1564.515 56331.4360759634473    5.031                 0.00000
1               1564.515 56331.4367167665919    6.351                 0.00000
TIME -0.00000512
END
C LOFAR TOAS                                                                    
JUMP

SKIP
t                119.625 56640.1192707099359   12.212                 -0.000446 
t                139.091 56640.1192706986243   11.528                 -0.000446 
t                158.707 56640.1192707024149   12.990                 -0.000446 
C t                178.308 56640.1192707077086   74.260                 -0.000446 
t                119.603 56640.1204430022858   13.628                 -0.000446 
t                139.245 56640.1204429906095   11.623                 -0.000446 
t                158.690 56640.1204429821981   17.825                 -0.000446 
C t                178.320 56640.1204429913872   28.153                 -0.000446 
t                119.634 56640.1216724280410   11.752                 -0.000446 
t                139.176 56640.1216724454771   11.149                 -0.000446 
t                158.697 56640.1216724314968   15.766                 -0.000446 
C t                178.292 56640.1216724508782  114.505                 -0.000446 

t                119.666 56672.0206747564616    2.495                 -0.000109 
t                139.059 56672.0206747634496    2.876                 -0.000109 
t                158.702 56672.0206747519916    2.876                 -0.000109 
t                178.303 56672.0206747698357    7.084                 -0.000109 
t                119.709 56672.0218723633314    2.936                 -0.000109 
t                139.194 56672.0218723676970    3.236                 -0.000109 
t                158.722 56672.0218723543369    3.342                 -0.000109 
t                178.328 56672.0218723726738   10.253                 -0.000109 
t                119.702 56672.0230122657393    2.614                 -0.000109 
t                139.049 56672.0230122748824    2.622                 -0.000109 
t                158.715 56672.0230122533158    2.527                 -0.000109 
t                178.347 56672.0230122648138    9.605                 -0.000109 

t                118.954 56734.8575002590852    7.867                 0.000649 
t                139.587 56734.8575002521885    5.982                 0.000649 
t                158.887 56734.8575002548867    6.543                 0.000649 
t                178.330 56734.8575002657074   10.229                 0.000649 
C t                119.243 56734.8586577299040   14.681                 0.000649 
t                139.547 56734.8586577557927    8.501                 0.000649 
t                158.866 56734.8586577448937   10.076                 0.000649 
C t                178.355 56734.8586577418173   16.049                 0.000649 
C t                119.289 56734.8598751265507   15.155                 0.000649 
C t                139.642 56734.8598751081751   20.607                 0.000649 
t                158.829 56734.8598751270290   10.943                 0.000649 
C t                178.392 56734.8598751016924   30.235                 0.000649 

t                118.725 56783.7283080148906    3.767                 0.000586 
t                139.765 56783.7283080194918    4.299                 0.000586 
t                158.928 56783.7283080351201    4.803                 0.000586 
t                178.308 56783.7283080332191   10.273                 0.000586 
t                119.241 56783.7295448389851    2.914                 0.000586 
t                139.685 56783.7295448583523    2.910                 0.000586 
t                158.948 56783.7295448580393    3.699                 0.000586 
t                178.353 56783.7295448520450    7.675                 0.000586 
t                118.878 56783.7307309057265    3.011                 0.000586 
t                139.677 56783.7307309208722    3.263                 0.000586 
t                158.986 56783.7307309028047    3.721                 0.000586 
t                178.301 56783.7307309233867    7.926                 0.000586 

t                119.198 56820.5172369715029    5.526                 0.000092 
t                140.725 56820.5172369782860    5.019                 0.000092 
t                158.595 56820.5172369780038    5.272                 0.000092 
C t                180.146 56820.5172369649867   18.764                 0.000092 
t                119.014 56820.5184079176056    5.176                 0.000092 
t                140.295 56820.5184078905577    5.287                 0.000092 
t                158.597 56820.5184079005025    6.863                 0.000092 
C t                180.656 56820.5184078965845   20.981                 0.000092 
t                118.955 56820.5195599876336    5.695                 0.000092 
t                140.554 56820.5195599760231    5.144                 0.000092 
t                158.575 56820.5195599948554    5.981                 0.000092 
t                180.654 56820.5195599837773   15.832                 0.000092 

t                119.426 56851.4227894730511    7.150                 -0.000795 
t                140.102 56851.4227894628307   11.300                 -0.000795 
t                158.693 56851.4227894719654   12.617                 -0.000795 
C t                179.244 56851.4227894836319   29.982                 -0.000795 
t                119.467 56851.4239741209308    7.043                 -0.000795 
t                139.876 56851.4239741302887    9.119                 -0.000795 
t                158.690 56851.4239741222071   11.656                 -0.000795 
C t                180.579 56851.4239741385741   31.497                 -0.000795 
t                119.321 56851.4251235879542    7.695                 -0.000795 
t                139.857 56851.4251236174089    7.831                 -0.000795 
t                158.692 56851.4251235987502   16.293                 -0.000795 
C t                180.124 56851.4251236082226   43.652                 -0.000795 

t                119.353 56911.3269724115331    4.665                 -0.001209 
t                140.069 56911.3269724212233    5.293                 -0.001209 
t                158.690 56911.3269724128515    5.978                 -0.001209 
t                179.464 56911.3269724016189   11.247                 -0.001209 
t                119.436 56911.3281217921091    4.815                 -0.001209 
t                139.866 56911.3281218115120    5.573                 -0.001209 
t                158.690 56911.3281217968941    5.954                 -0.001209 
t                179.807 56911.3281218006691   13.989                 -0.001209 
t                119.387 56911.3292683118880    5.125                 -0.001209 
t                139.778 56911.3292683027886    4.894                 -0.001209
t                158.718 56911.3292682987144    5.483                 -0.001209
t                179.310 56911.3292683027957   14.292                 -0.001209

t                119.396 56943.2401532884785    9.256                 -0.001210
t                140.573 56943.2401533067267   18.046                 -0.001210
t                158.695 56943.2401532917668   15.711                 -0.001210
t                178.792 56943.2401532835808   18.702                 -0.001210
t                119.335 56943.2413404696985   10.087                 -0.001210
t                140.912 56943.2413404618297   12.265                 -0.001210
t                158.688 56943.2413404572983   14.888                 -0.001210
t                178.811 56943.2413404751623   17.474                 -0.001210
t                119.213 56943.2424766049860    8.803                 -0.001210
t                140.952 56943.2424766069809   19.287                 -0.001210
t                158.690 56943.2424765887959   12.574                 -0.001210
C t                178.748 56943.2424765896549   20.369                 -0.001210

t                119.588 56973.1575277272364    6.569                 -0.001046
t                139.481 56973.1575277435862    8.004                 -0.001046
t                158.695 56973.1575277246919    9.422                 -0.001046
t                178.669 56973.1575277136803   13.716                 -0.001046
t                119.635 56973.1586829849246    7.686                 -0.001046
t                139.689 56973.1586829977697    7.521                 -0.001046
t                158.690 56973.1586829901677    9.533                 -0.001046
t                179.753 56973.1586830073822   13.505                 -0.001046
t                119.575 56973.1598331897589    7.015                 -0.001046
t                139.325 56973.1598331777639    6.096                 -0.001046
t                158.690 56973.1598331777808    9.324                 -0.001046
t                178.398 56973.1598331667022   15.288                 -0.001046
JUMP
NOSKIP

t                119.643 56640.1189890819334   13.591                 0.00000   
t                139.120 56640.1189890703021   16.177                 0.00000   
t                158.719 56640.1189890850926   18.588                 0.00000   
C t                178.253 56640.1189890762902   78.568                 0.00000   
t                119.601 56640.1197636863631   16.384                 0.00000   
t                139.098 56640.1197636844846   14.984                 0.00000   
t                158.690 56640.1197636981322   16.466                 0.00000   
C t                178.326 56640.1197636725943   54.949                 0.00000   
t                119.598 56640.1203985202148   32.052                 0.00000   
t                139.327 56640.1203985273580   16.884                 0.00000   
t                158.690 56640.1203985293684   26.166                 0.00000   
t                178.319 56640.1203985060766   38.645                 0.00000   
t                119.622 56640.1211665901078   16.076                 0.00000   
t                139.226 56640.1211665708555   12.926                 0.00000   
t                158.690 56640.1211665860011   23.955                 0.00000   
t                178.334 56640.1211665915637   28.310                 0.00000   
t                119.638 56640.1219898403704   14.706                 0.00000   
t                139.121 56640.1219898238844   14.337                 0.00000   
t                158.703 56640.1219898449897   17.642                 0.00000   
C t                178.302 56640.1219898494601   63.715                 0.00000   
t                119.696 56672.0204552686684    3.329                 0.00000   
t                139.072 56672.0204552938223    3.597                 0.00000   
t                158.709 56672.0204552867864    3.473                 0.00000   
t                178.318 56672.0204552699539    9.312                 0.00000   
t                119.634 56672.0211568931564    3.179                 0.00000   
t                139.259 56672.0211569001964    3.928                 0.00000   
t                158.690 56672.0211568995371    3.636                 0.00000   
t                178.285 56672.0211568841571   10.249                 0.00000   
t                119.754 56672.0218950033439    3.891                 0.00000   
t                139.015 56672.0218950073678    4.140                 0.00000   
t                158.729 56672.0218949960997    4.612                 0.00000   
t                178.312 56672.0218949877236   12.616                 0.00000   
t                119.754 56672.0225100398568    3.278                 0.00000   
t                139.072 56672.0225100467353    3.577                 0.00000   
t                158.728 56672.0225100328791    3.604                 0.00000   
t                178.363 56672.0225100449012   13.049                 0.00000   
t                119.639 56672.0232487477583    3.130                 0.00000   
t                139.052 56672.0232487358601    3.134                 0.00000   
t                158.712 56672.0232487503768    3.073                 0.00000   
t                178.347 56672.0232487606504   13.245                 0.00000   
t                118.974 56734.8572880841078    9.147                 0.00000   
t                139.657 56734.8572880907425    7.456                 0.00000   
t                158.902 56734.8572880916953    7.396                 0.00000   
t                178.300 56734.8572880821029   11.518                 0.00000   
t                118.935 56734.8578743907381   15.278                 0.00000   
t                139.558 56734.8578743827878    9.205                 0.00000   
t                158.866 56734.8578744110291    8.597                 0.00000   
t                178.382 56734.8578744010253   17.429                 0.00000   
t                119.271 56734.8585823554045   14.467                 0.00000   
t                139.473 56734.8585823440198   10.311                 0.00000   
t                158.866 56734.8585823606703   13.135                 0.00000   
t                178.346 56734.8585823598456   19.914                 0.00000   
t                119.320 56734.8593443050913   29.238                 0.00000   
t                139.640 56734.8593443135757   23.444                 0.00000   
t                158.853 56734.8593442898808   13.922                 0.00000   
t                178.404 56734.8593443039711   28.487                 0.00000   
t                119.267 56734.8600422462919   20.619                 0.00000   
t                139.637 56734.8600422451803   23.967                 0.00000   
t                158.823 56734.8600422301124   12.589                 0.00000   
t                178.373 56734.8600422409351   34.537                 0.00000   
t                118.659 56783.7281820437883    4.304                 0.00000   
t                139.764 56783.7281820589628    4.924                 0.00000   
t                158.932 56783.7281820391921    5.826                 0.00000   
t                178.294 56783.7281820424432   13.869                 0.00000   
t                119.100 56783.7288867612484    4.138                 0.00000   
t                139.753 56783.7288867920207    4.880                 0.00000   
t                158.918 56783.7288867714926    5.972                 0.00000   
t                178.349 56783.7288867890689   10.460                 0.00000   
t                119.185 56783.7295215714881    3.932                 0.00000   
t                139.718 56783.7295215593106    4.001                 0.00000   
t                158.977 56783.7295215661290    5.648                 0.00000   
t                178.318 56783.7295215458863   10.273                 0.00000   
t                119.031 56783.7300958591216    3.690                 0.00000   
t                139.492 56783.7300958354028    3.608                 0.00000   
t                158.994 56783.7300958502960    4.512                 0.00000   
t                178.350 56783.7300958614505   11.436                 0.00000   
t                118.988 56783.7309103171964    3.450                 0.00000   
t                139.798 56783.7309102957720    3.496                 0.00000   
t                158.950 56783.7309102874436    4.343                 0.00000   
t                178.311 56783.7309102925748    8.524                 0.00000   
t                119.112 56820.5170040555392    7.696                 0.00000   
t                140.800 56820.5170040509467    6.826                 0.00000   
t                158.603 56820.5170040530300    7.425                 0.00000   
t                180.335 56820.5170040298754   20.252                 0.00000   
t                119.308 56820.5177117403467    6.830                 0.00000   
t                140.522 56820.5177117447739    6.964                 0.00000   
t                158.591 56820.5177117411050    7.562                 0.00000   
t                180.253 56820.5177117337869   42.293                 0.00000   
t                118.901 56820.5184119217276    6.847                 0.00000   
t                140.283 56820.5184119380411    5.955                 0.00000   
t                158.609 56820.5184119374321    8.168                 0.00000   
t                180.334 56820.5184119162834   22.654                 0.00000   
t                119.062 56820.5190944192785    6.758                 0.00000   
t                140.421 56820.5190944344073    6.640                 0.00000   
t                158.608 56820.5190944392626    7.788                 0.00000   
t                180.605 56820.5190944185693   32.238                 0.00000   
t                118.884 56820.5197941395645    6.584                 0.00000   
t                140.594 56820.5197941466157    6.345                 0.00000   
t                158.534 56820.5197941341142    7.551                 0.00000   
t                180.872 56820.5197941219971   16.925                 0.00000   
t                119.433 56851.4225619364870    9.816                 0.00000   
t                139.732 56851.4225619259394   15.058                 0.00000   
t                158.690 56851.4225619424182   17.191                 0.00000   
t                179.223 56851.4225619248409   26.733                 0.00000   
t                119.425 56851.4232530191265    8.573                 0.00000   
t                140.593 56851.4232530200834   14.816                 0.00000   
t                158.695 56851.4232530164891   12.772                 0.00000   
C t                179.680 56851.4232530214249   47.255                 0.00000   
t                119.487 56851.4239591737048    8.267                 0.00000   
t                139.878 56851.4239591653546   12.281                 0.00000   
t                158.690 56851.4239591919161   18.883                 0.00000   
C t                181.047 56851.4239591950267   46.198                 0.00000   
t                119.413 56851.4246377196682    9.584                 0.00000   
t                139.595 56851.4246377311678    9.501                 0.00000   
t                158.693 56851.4246377408026   19.414                 0.00000   
t                180.338 56851.4246377167697   34.209                 0.00000   
t                119.264 56851.4253441858930   10.200                 0.00000   
t                140.033 56851.4253441749222    9.695                 0.00000   
t                158.690 56851.4253441826737   22.402                 0.00000   
C t                179.685 56851.4253441659483   37.051                 0.00000   
t                119.341 56911.3267406881554    5.971                 0.00000   
t                140.047 56911.3267406991046    7.063                 0.00000   
t                158.690 56911.3267407127199    8.065                 0.00000   
t                179.555 56911.3267407122876   16.586                 0.00000   
t                119.392 56911.3274271293707    6.436                 0.00000   
t                140.335 56911.3274271335826    6.507                 0.00000   
t                158.690 56911.3274271303148    7.466                 0.00000   
t                179.498 56911.3274271104772   13.330                 0.00000   
t                119.409 56911.3281230171522    6.455                 0.00000   
t                139.654 56911.3281230252510    6.444                 0.00000   
t                158.690 56911.3281230325348    7.204                 0.00000   
t                179.118 56911.3281230071434   14.882                 0.00000   
t                119.461 56911.3288208456684    5.738                 0.00000   
t                139.668 56911.3288208566799    6.760                 0.00000   
t                158.711 56911.3288208640700    7.384                 0.00000   
t                180.098 56911.3288208708091   18.227                 0.00000   
t                119.358 56911.3295047454803    6.726                 0.00000   
t                139.861 56911.3295047349933    5.727                 0.00000   
t                158.715 56911.3295047421387    7.115                 0.00000   
t                179.322 56911.3295047423125   17.606                 0.00000   
t                119.411 56943.2399262763364   13.169                 0.00000   
t                140.118 56943.2399262767307   17.083                 0.00000   
t                158.698 56943.2399262912507   21.155                 0.00000   
t                178.760 56943.2399262922740   21.432                 0.00000   
t                119.280 56943.2406145659039   12.403                 0.00000   
t                142.005 56943.2406145575900   22.265                 0.00000   
t                158.692 56943.2406145722717   19.939                 0.00000   
t                178.646 56943.2406145662512   38.396                 0.00000   
t                119.393 56943.2413318710103   11.602                 0.00000   
t                140.521 56943.2413318800059   16.135                 0.00000   
t                158.685 56943.2413318753429   16.429                 0.00000   
t                178.753 56943.2413318732050   19.394                 0.00000   
t                119.032 56943.2420143107798   13.149                 0.00000   
t                140.596 56943.2420143088131   26.686                 0.00000   
t                158.690 56943.2420143077937   22.374                 0.00000   
t                178.915 56943.2420143000686   22.768                 0.00000   
t                119.441 56943.2427149000847   10.748                 0.00000   
t                141.067 56943.2427149024904   17.316                 0.00000   
t                158.690 56943.2427149095717   15.206                 0.00000   
t                178.847 56943.2427148856023   32.607                 0.00000   
t                119.613 56973.1572879570427    8.121                 0.00000   
t                139.530 56973.1572879684865   10.399                 0.00000   
t                158.699 56973.1572879740958   11.266                 0.00000   
t                178.773 56973.1572879719950   31.816                 0.00000   
t                119.577 56973.1579786143765    6.833                 0.00000   
t                139.570 56973.1579786412308    9.165                 0.00000   
t                158.690 56973.1579786376944   10.351                 0.00000   
t                178.709 56973.1579786147194   13.097                 0.00000   
t                119.640 56973.1586942351651   11.314                 0.00000   
t                139.779 56973.1586942380646   11.729                 0.00000   
t                158.690 56973.1586942446176   14.624                 0.00000   
t                180.130 56973.1586942356447   21.631                 0.00000   
t                119.612 56973.1593869228548   10.139                 0.00000   
t                139.255 56973.1593869457273    8.030                 0.00000   
t                158.690 56973.1593869420933   11.252                 0.00000   
t                178.612 56973.1593869435802   17.991                 0.00000   
t                119.554 56973.1600754612032    8.151                 0.00000   
t                139.372 56973.1600754400143    7.655                 0.00000   
t                158.690 56973.1600754648195   12.072                 0.00000   
t                178.241 56973.1600754602587   22.599                 0.00000   
JUMP

TIME -0.00000384                                                                
1                895.781 57079.5417945851326    4.304                 0.00000   
1                845.781 57079.5417945938207    4.065                 0.00000   
1                795.781 57079.5417945904711    3.749                 0.00000   
1                745.781 57079.5417945806043    5.592                 0.00000   
1                895.780 57101.9198785966373    7.532                 0.00000   
1                845.780 57101.9198786054892    8.173                 0.00000   
1                795.781 57101.9198786020341    5.874                 0.00000   
1                745.781 57101.9198785921693    4.545                 0.00000   
1                895.781 57101.9206234872698    9.086                 0.00000   
1                845.781 57101.9206234959825   10.726                 0.00000   
1                795.781 57101.9206234925958    5.804                 0.00000   
1                745.781 57101.9206234828728    2.928                 0.00000   
1                895.781 57101.9213684446651    5.970                 0.00000   
1                845.781 57101.9213684535955    6.456                 0.00000   
1                795.781 57101.9213684500303    6.471                 0.00000   
1                745.781 57101.9213684402850    4.002                 0.00000   
1                895.781 57101.9221133687660    7.353                 0.00000   
1                845.781 57101.9221133776341    9.190                 0.00000   
1                795.781 57101.9221133741090    5.298                 0.00000   
1                745.781 57101.9221133644045    4.012                 0.00000   
1                895.781 57101.9228582594721   12.990                 0.00000   
1                845.781 57101.9228582682797    7.050                 0.00000   
1                795.781 57101.9228582649563    4.435                 0.00000   
1                745.781 57101.9228582551541    3.297                 0.00000   
1                895.781 57101.9236031837967    9.557                 0.00000   
1                845.781 57101.9236031924109    7.168                 0.00000   
1                795.781 57101.9236031891544    4.516                 0.00000   
1                745.781 57101.9236031792118    3.449                 0.00000   
1                895.781 57101.9243481411928    8.422                 0.00000   
1                845.781 57101.9243481500658   12.824                 0.00000   
1                795.781 57101.9243481466117    4.924                 0.00000   
1                745.781 57101.9243481368597    2.886                 0.00000   
1                895.781 57101.9250930320834   10.012                 0.00000   
1                845.781 57101.9250930409241    8.923                 0.00000   
1                795.781 57101.9250930374286    4.357                 0.00000   
1                745.781 57101.9250930276562    2.912                 0.00000   
1                895.781 57101.9258379563059    9.554                 0.00000   
1                845.781 57101.9258379650451    4.966                 0.00000   
1                795.781 57101.9258379615177    4.913                 0.00000   
1                745.781 57101.9258379516978    3.344                 0.00000   
1                895.780 57131.8292998686681    5.946                 0.00000   
1                845.780 57131.8292998774501    3.313                 0.00000   
1                795.781 57131.8292998739843    3.177                 0.00000   
1                745.781 57131.8292998642690    8.208                 0.00000   
1                895.781 57131.8300447242127    5.246                 0.00000   
1                845.781 57131.8300447330831    3.731                 0.00000   
1                795.781 57131.8300447296907    3.304                 0.00000   
1                745.781 57131.8300447199094    9.971                 0.00000   
1                895.781 57131.8307897135643    4.864                 0.00000   
1                845.781 57131.8307897224301    3.789                 0.00000   
1                795.781 57131.8307897189867    2.809                 0.00000   
1                745.781 57131.8307897090910    8.597                 0.00000   
1                895.781 57131.8315346027356    5.044                 0.00000   
1                845.781 57131.8315346113754    4.024                 0.00000   
1                795.781 57131.8315346080890    2.485                 0.00000   
1                745.781 57131.8315345983268    7.017                 0.00000   
1                895.781 57131.8322795252778    5.545                 0.00000   
1                845.781 57131.8322795341892    4.098                 0.00000   
1                795.781 57131.8322795306542    3.663                 0.00000   
1                745.781 57131.8322795208656    9.530                 0.00000   
1                895.781 57131.8330244813451    5.951                 0.00000   
1                845.781 57131.8330244901803    3.462                 0.00000   
1                795.781 57131.8330244867169    4.064                 0.00000   
1                745.781 57131.8330244769323   11.745                 0.00000   
1                895.781 57131.8337694040768    4.807                 0.00000   
1                845.781 57131.8337694128089    5.403                 0.00000   
1                795.781 57131.8337694094064    4.402                 0.00000   
1                745.781 57131.8337693996684    5.994                 0.00000   
1                895.781 57131.8345143268541    5.831                 0.00000   
1                845.781 57131.8345143355469    3.017                 0.00000   
1                795.781 57131.8345143320473    3.046                 0.00000   
1                745.781 57131.8345143223700    8.060                 0.00000   
1                895.781 57131.8352592493885    8.605                 0.00000   
1                845.781 57131.8352592582210    3.462                 0.00000   
1                795.781 57131.8352592548100    3.153                 0.00000   
1                745.781 57131.8352592451270    8.099                 0.00000   
1                895.781 57131.8360041722447    4.541                 0.00000   
1                845.781 57131.8360041810630    4.035                 0.00000   
1                795.781 57131.8360041776054    3.987                 0.00000   
1                745.781 57131.8360041681033   13.815                 0.00000   
1                895.781 57131.8367491285506    7.938                 0.00000   
1                845.781 57131.8367491372037    3.976                 0.00000   
1                795.781 57131.8367491338295    2.986                 0.00000   
1                745.781 57131.8367491239917   10.233                 0.00000   
1                895.780 57161.5788947517577    9.016                 0.00000   
1                845.780 57161.5788947606064    5.704                 0.00000   
1                795.781 57161.5788947567170    8.696                 0.00000   
1                745.781 57161.5788947471792    7.624                 0.00000   
1                895.781 57161.5796396764950    8.086                 0.00000   
1                845.781 57161.5796396852030    6.803                 0.00000   
1                795.781 57161.5796396816560    7.010                 0.00000   
1                745.781 57161.5796396718237    7.574                 0.00000   
1                895.781 57161.5803846341872   14.434                 0.00000   
1                845.781 57161.5803846428648    5.576                 0.00000   
1                795.781 57161.5803846393121    8.003                 0.00000   
1                745.781 57161.5803846296506   10.809                 0.00000   
1                895.781 57161.5811295252363   10.830                 0.00000   
1                845.781 57161.5811295339051    5.390                 0.00000   
1                795.781 57161.5811295304511   10.262                 0.00000   
1                745.781 57161.5811295207500    5.052                 0.00000   
1                895.781 57161.5818744830771    7.749                 0.00000   
1                845.781 57161.5818744917575    6.670                 0.00000   
1                795.781 57161.5818744886004    7.336                 0.00000   
1                745.781 57161.5818744785561    9.028                 0.00000   
1                895.781 57161.5826193740392    8.041                 0.00000   
1                845.781 57161.5826193828434    5.842                 0.00000   
1                795.781 57161.5826193794641    6.212                 0.00000   
1                745.781 57161.5826193697677    7.614                 0.00000   
1                895.781 57161.5833642984959    9.916                 0.00000   
1                845.781 57161.5833643074779    5.845                 0.00000   
1                795.781 57161.5833643040475    6.816                 0.00000   
1                745.781 57161.5833642942254    5.731                 0.00000   
1                895.781 57161.5841091896703   15.987                 0.00000   
1                845.781 57161.5841091983520    5.517                 0.00000   
1                795.781 57161.5841091948960   10.360                 0.00000   
1                745.781 57161.5841091851598    6.412                 0.00000   
1                895.781 57161.5848541808325    6.431                 0.00000   
1                845.781 57161.5848541895412    6.768                 0.00000   
1                795.781 57161.5848541860505    8.701                 0.00000   
1                745.781 57161.5848541763486    5.430                 0.00000   
1                895.781 57161.5852886890141   15.738                 0.00000   
1                845.781 57161.5852886983026   14.419                 0.00000   
C 1                795.781 57161.5852886959959   17.392                 0.00000   
1                745.781 57161.5852886848633   16.850                 0.00000   
TIME -0.00000384                                                                
TIME +0.00003072                                                                
1                387.597 57169.9228863533535   10.717                 0.00000   
1                362.610 57169.9228863669263    8.295                 0.00000   
1                337.597 57169.9228863717525    5.841                 0.00000   
1                312.597 57169.9228863515197    9.439                 0.00000   
1                387.597 57169.9236203327465   17.982                 0.00000   
1                362.610 57169.9236203465453    9.105                 0.00000   
1                337.597 57169.9236203511578    7.236                 0.00000   
1                312.597 57169.9236203307635    6.165                 0.00000   
1                387.597 57169.9243543453323   14.682                 0.00000   
1                362.610 57169.9243543589655    9.976                 0.00000   
1                337.597 57169.9243543638124    5.812                 0.00000   
1                312.597 57169.9243543436021    6.369                 0.00000   
1                387.597 57169.9250883583690   15.947                 0.00000   
1                362.610 57169.9250883720141   11.206                 0.00000   
1                337.597 57169.9250883766940    7.154                 0.00000   
1                312.597 57169.9250883565624    6.472                 0.00000   
1                387.597 57169.9256388595404   18.207                 0.00000   
1                362.610 57169.9256388732232   12.135                 0.00000   
1                337.597 57169.9256388780723    8.919                 0.00000   
1                312.597 57169.9256388575203    8.704                 0.00000   
TIME -0.00003072                                                                
TIME +0.00000384                                                                
1                895.780 57192.4994040049935    2.632                 0.00000   
1                845.780 57192.4994040137750    1.368                 0.00000   
1                795.781 57192.4994040103477    1.506                 0.00000   
1                745.781 57192.4994040005912    7.310                 0.00000   
1                895.781 57192.5001489254543    2.436                 0.00000   
1                845.781 57192.5001489343155    1.196                 0.00000   
1                795.781 57192.5001489308861    1.429                 0.00000   
1                745.781 57192.5001489212312    6.769                 0.00000   
1                895.781 57192.5008939128121    2.485                 0.00000   
1                845.781 57192.5008939216432    1.358                 0.00000   
1                795.781 57192.5008939181978    1.609                 0.00000   
1                745.781 57192.5008939086266    8.780                 0.00000   
1                895.781 57192.5016388000211    2.520                 0.00000   
1                845.781 57192.5016388088104    1.251                 0.00000   
1                795.781 57192.5016388054052    1.362                 0.00000   
1                745.781 57192.5016387956911    5.126                 0.00000   
1                895.781 57192.5023837540374    2.472                 0.00000   
1                845.781 57192.5023837628090    1.342                 0.00000   
1                795.781 57192.5023837594057    1.703                 0.00000   
1                745.781 57192.5023837496980    5.348                 0.00000   
1                895.781 57192.5031286411889    2.632                 0.00000   
1                845.781 57192.5031286500150    1.459                 0.00000   
1                795.781 57192.5031286466346    1.708                 0.00000   
1                745.781 57192.5031286368489    9.587                 0.00000   
1                895.781 57192.5038735952711    2.712                 0.00000   
1                845.781 57192.5038736040576    1.410                 0.00000   
1                795.781 57192.5038736006520    1.819                 0.00000   
1                745.781 57192.5038735908959    5.439                 0.00000   
1                895.781 57192.5046185158535    3.348                 0.00000   
1                845.781 57192.5046185246849    1.297                 0.00000   
1                795.781 57192.5046185213073    1.748                 0.00000   
1                745.781 57192.5046185115445    5.990                 0.00000   
1                895.781 57192.5053634365080    2.409                 0.00000   
1                845.781 57192.5053634453245    1.258                 0.00000   
1                795.781 57192.5053634419185    1.674                 0.00000   
1                745.781 57192.5053634322237    6.279                 0.00000   
1                895.781 57192.5061083906327    2.425                 0.00000   
1                845.781 57192.5061083994219    1.344                 0.00000   
1                795.781 57192.5061083959935    2.084                 0.00000   
1                745.781 57192.5061083862204    5.223                 0.00000   
1                895.781 57192.5068532779345    2.680                 0.00000   
1                845.781 57192.5068532867034    1.362                 0.00000   
1                795.781 57192.5068532833067    1.954                 0.00000   
1                745.781 57192.5068532735185    7.411                 0.00000   
1                895.781 57192.5075982320015    2.568                 0.00000   
1                845.781 57192.5075982408104    1.265                 0.00000   
1                795.781 57192.5075982374001    1.803                 0.00000   
1                745.781 57192.5075982277081    8.113                 0.00000   
1                895.781 57192.5083431527335    2.270                 0.00000   
1                845.781 57192.5083431615591    1.398                 0.00000   
1                795.781 57192.5083431581658    1.889                 0.00000   
1                745.781 57192.5083431484142    8.462                 0.00000   
1                895.781 57192.5090259856448    2.740                 0.00000   
1                845.781 57192.5090259944331    1.364                 0.00000   
1                795.781 57192.5090259910570    2.563                 0.00000   
1                745.781 57192.5090259813128    7.246                 0.00000   
1                895.780 57220.3868924610610    8.424                 0.00000   
1                845.780 57220.3868924364609   12.521                 0.00000   
1                795.781 57220.3868924331475    6.646                 0.00000   
1                745.781 57220.3868924567570    6.606                 0.00000   
1                895.781 57220.3876373593143    6.573                 0.00000   
1                845.781 57220.3876373342144   10.517                 0.00000   
1                795.781 57220.3876373312610    8.525                 0.00000   
1                745.781 57220.3876373552864    6.303                 0.00000
1                895.781 57220.3883823243547    6.549                 0.00000
1                845.781 57220.3883823000437    8.343                 0.00000
1                795.781 57220.3883822964257    4.389                 0.00000
1                745.781 57220.3883823201087    6.772                 0.00000
1                895.781 57220.3891272227278   14.443                 0.00000
1                845.781 57220.3891271977399   11.704                 0.00000
1                795.781 57220.3891271946834    5.851                 0.00000
1                745.781 57220.3891272186387    5.644                 0.00000
1                895.781 57220.3898721204388   17.877                 0.00000
1                845.781 57220.3898720962050    7.024                 0.00000
1                795.781 57220.3898720927324    8.157                 0.00000
1                745.781 57220.3898721165927    5.860                 0.00000
1                895.781 57220.3906170526088   29.977                 0.00000
1                845.781 57220.3906170279163    9.534                 0.00000
1                795.781 57220.3906170244880    7.667                 0.00000
1                745.781 57220.3906170482963    6.560                 0.00000
1                895.781 57220.3913619841762   11.713                 0.00000
1                845.781 57220.3913619594399    9.083                 0.00000
1                795.781 57220.3913619560078    9.753                 0.00000
1                745.781 57220.3913619795882    4.768                 0.00000
1                895.781 57220.3921069153071   10.807                 0.00000
1                845.781 57220.3921068909190    8.762                 0.00000
1                795.781 57220.3921068875491    6.573                 0.00000
1                745.781 57220.3921069112224    6.879                 0.00000
1                895.781 57220.3928518470264   10.174                 0.00000
1                845.781 57220.3928518225248    6.684                 0.00000
1                795.781 57220.3928518191821    4.972                 0.00000
1                745.781 57220.3928518428418    6.356                 0.00000
1                895.781 57220.3935968119571   11.831                 0.00000
1                845.781 57220.3935967873926    9.344                 0.00000
1                795.781 57220.3935967839011    5.520                 0.00000
1                745.781 57220.3935968076679    5.059                 0.00000
1                895.781 57220.3943417432565   13.083                 0.00000
1                845.781 57220.3943417189121    9.013                 0.00000
1                795.781 57220.3943417153461    5.400                 0.00000
1                745.781 57220.3943417391869    5.344                 0.00000
1                895.781 57220.3950866414842   14.422                 0.00000
1                845.781 57220.3950866169268   11.668                 0.00000
1                795.781 57220.3950866136656    6.098                 0.00000
1                745.781 57220.3950866373053    5.096                 0.00000
1                895.781 57220.3958316063685    8.119                 0.00000
1                845.781 57220.3958315816426    6.937                 0.00000
1                795.781 57220.3958315783115    7.050                 0.00000
1                745.781 57220.3958316019810    5.763                 0.00000
1                895.781 57220.3965144853160   12.317                 0.00000
1                845.781 57220.3965144605426    6.315                 0.00000
1                795.781 57220.3965144571131    4.807                 0.00000
1                745.781 57220.3965144807858    5.929                 0.00000
TIME -0.00000384
SKIP
JUMP
t                148.589 56640.1203599242196    4.421                 0.00000
t                149.025 56672.0218489665214    1.311                 0.00000
t                149.810 56734.8586712104288    3.281                 0.00000
t                149.343 56783.7296454008771    1.427                 0.00000
t                145.796 56820.5183944000195    2.038                 0.00000
t                145.811 56851.4239453821122    3.162                 0.00000
t                147.740 56911.3281051768094    2.040                 0.00000
t                150.017 56943.2413236456705    4.052                 0.00000
t                146.718 56973.1586888048322    2.720                 0.00000
JUMP
NOSKIP
