MODE 1
EFACS 1.8955882635741339
1                350.012 56663.3872826200976  1812.30
1                350.012 57215.8483847578224  2077.95
1                350.012 57379.3750447818665  3651.65
1                350.012 57448.1088840409434  2615.93
1                350.012 57474.0407045646019  4204.49
1                350.012 57508.9445679785235  2484.52
1                350.012 57509.8428560308496  7224.26
1                350.012 57536.8540118058202  1833.23
1                350.012 57570.7667264416600  4137.66
1                350.012 57607.7788219779436  2476.76
1                350.012 57637.5818745634086  2602.16
1                350.012 57700.4370113994054  2960.41
1                350.012 57728.3567887005422  4283.63
1                350.012 57813.1369669702870  1212.73
1                820.049 57846.2364801278128 14846.13
