MODE 1
TIME +0.00008192
1                349.995 56046.9581796267320  929.137                 0.00000
1                349.995 56046.9590828454617  832.910                 0.00000
C 1                349.995 56046.9599222660057  2804.131                 0.00000
TIME -0.00008192                                                                
TIME +0.00002048
1                819.792 56329.3105853053803  1100.721                 0.00000
1                819.792 56329.3111787774789  1664.256                 0.00000
C 1                819.792 56329.3116476042728  4206.511                 0.00000
1                819.525 56329.3145332476524  1456.932                 0.00000
1                819.712 56329.3158750421951  421.091                 0.00000
1                819.712 56329.3164685375767  476.505                 0.00000
1                819.712 56329.3169329889460  669.015                 0.00000
1                819.873 56329.3176813159005  1042.324                 0.00000
1                819.873 56329.3182489998324  1158.436                 0.00000
C 1                819.873 56329.3187011005806  3423.320                 0.00000
1                894.232 56336.3454414856334  164.607                 0.00000
1                845.039 56336.3454416317459  332.378                 0.00000
1                795.048 56336.3454418270291  709.654                 0.00000
1                745.048 56336.3454420486491  299.531                 0.00000
1                894.232 56336.3463704347186  158.371                 0.00000
1                845.039 56336.3463705883300  290.448                 0.00000
1                795.048 56336.3463707897295  699.970                 0.00000
1                745.048 56336.3463710007471  273.987                 0.00000
1                894.232 56336.3472477721639  173.353                 0.00000
1                845.039 56336.3472479278938  253.360                 0.00000
1                795.048 56336.3472481126780  590.770                 0.00000
1                745.048 56336.3472483360764  261.202                 0.00000
1                894.635 56351.2639134246858  453.522                 0.00000
1                845.113 56351.2639135816610  144.392                 0.00000
1                795.048 56351.2639137667905  267.035                 0.00000
1                745.048 56351.2639139929135  201.936                 0.00000
1                894.635 56351.2648423933393  777.626                 0.00000
1                845.113 56351.2648425391258  139.733                 0.00000
1                795.048 56351.2648427291748  239.622                 0.00000
1                745.048 56351.2648429572548  218.026                 0.00000
1                894.635 56351.2657197342874  805.172                 0.00000
1                845.113 56351.2657198911999  216.239                 0.00000
1                795.048 56351.2657200824705  356.616                 0.00000
1                745.048 56351.2657203064355  306.859                 0.00000
1                819.336 56365.1643268535076  347.781                 0.00000
1                819.336 56365.1652558329911  350.727                 0.00000
1                819.336 56365.1661332077171  347.253                 0.00000
1                814.417 56385.0881302524027  523.682                 0.00000
1                894.565 56406.1007080942622  346.148                 0.00000
1                844.760 56406.1007082463002  279.341                 0.00000
1                795.048 56406.1007084106932  543.872                 0.00000
1                745.049 56406.1007086586262  667.471                 0.00000
1                894.565 56406.1016629146885  323.190                 0.00000
1                844.760 56406.1016630773761  272.233                 0.00000
1                795.048 56406.1016632604170  513.150                 0.00000
1                745.049 56406.1016634619441  772.646                 0.00000
1                894.565 56406.1025145004449  320.669                 0.00000
1                844.760 56406.1025146633490  338.585                 0.00000
1                795.048 56406.1025148397141  468.835                 0.00000
1                745.049 56406.1025150754419  741.546                 0.00000
1                819.241 56414.0410212996028  667.932                 0.00000
1                890.250 56415.9875593910264  292.395                 0.00000
1                844.937 56415.9875595346990  367.131                 0.00000
1                795.048 56415.9875597168281  823.757                 0.00000
1                745.050 56415.9875599609637  805.238                 0.00000
1                890.250 56415.9882561618742  272.992                 0.00000
1                844.937 56415.9882563026758  293.299                 0.00000
1                795.048 56415.9882564786311  467.573                 0.00000
1                745.050 56415.9882567154331  500.990                 0.00000
1                890.250 56415.9888754969763  279.095                 0.00000
1                844.937 56415.9888756437618  355.135                 0.00000
1                795.048 56415.9888758174129  1004.642                 0.00000
1                745.050 56415.9888760412747  816.507                 0.00000
1                819.130 56415.0215677079435  1396.829                 0.00000
1                819.130 56415.0224451134389  868.207                 0.00000
1                819.130 56415.0231934873783  1193.664                 0.00000
1                894.818 56416.0462419740171  174.952                 0.00000
1                844.904 56416.0462421277619  283.239                 0.00000
1                795.048 56416.0462423214386  766.794                 0.00000
1                745.048 56416.0462425425586  716.634                 0.00000
1                894.818 56416.0469387405023  143.565                 0.00000
1                844.904 56416.0469388976332  283.472                 0.00000
1                795.048 56416.0469390844851  1146.924                 0.00000
1                745.048 56416.0469393073256  781.114                 0.00000
1                894.818 56416.0475838861280  232.737                 0.00000
1                844.904 56416.0475840367110  483.283                 0.00000
1                795.048 56416.0475842137993  1409.788                 0.00000
1                745.048 56416.0475844622452  1331.146                 0.00000
1                814.300 56417.9939935299444  469.300                 0.00000
1                814.300 56417.9946902796981  571.465                 0.00000
1                814.300 56417.9953354489255  837.899                 0.00000
1                817.568 56423.0398184661597  570.084                 0.00000
1                817.568 56423.0406442773472  438.473                 0.00000
1                817.568 56423.0413926328027  724.194                 0.00000
1                814.503 56431.9490817496409  555.481                 0.00000
1                814.503 56431.9500107661989  445.471                 0.00000
1                814.503 56431.9508623725206  732.066                 0.00000
1                894.003 56449.8984366942520  265.560                 0.00000
1                844.959 56449.8984368527584  192.514                 0.00000
1                795.048 56449.8984370316922  238.767                 0.00000
1                745.050 56449.8984372635500  188.481                 0.00000
1                894.003 56449.8993657021449  549.437                 0.00000
1                844.959 56449.8993658565291  265.286                 0.00000
1                795.048 56449.8993660460390  464.359                 0.00000
1                745.050 56449.8993662732658  310.167                 0.00000
1                894.003 56449.9002430904553  655.600                 0.00000
1                844.959 56449.9002432383726  234.393                 0.00000
1                795.048 56449.9002434240632  325.549                 0.00000
1                745.050 56449.9002436540651  259.894                 0.00000
1                818.936 56470.9660776940764  396.083                 0.00000
1                895.163 56494.9580591575137  807.913                 0.00000
1                845.002 56494.9580593148252  433.343                 0.00000
1                795.048 56494.9580595058140  727.833                 0.00000
1                745.925 56494.9580597227148  566.449                 0.00000
1                895.163 56494.9589365125787  655.661                 0.00000
1                845.002 56494.9589366589864  364.357                 0.00000
1                795.048 56494.9589368416859  767.839                 0.00000
1                745.925 56494.9589370639955  613.535                 0.00000
1                895.163 56494.9598138559598  697.253                 0.00000
1                845.002 56494.9598139898431  435.743                 0.00000
1                795.048 56494.9598141960044  864.632                 0.00000
1                745.925 56494.9598144218504  809.870                 0.00000
1                894.760 56520.7846831688097  1197.857                 0.00000
1                847.258 56520.7846833290595  614.088                 0.00000
1                794.423 56520.7846835260447  1071.468                 0.00000
1                745.048 56520.7846837547734  506.238                 0.00000
1                894.760 56520.7856120805838  917.071                 0.00000
1                847.258 56520.7856122349172  440.450                 0.00000
1                794.423 56520.7856124474510  863.264                 0.00000
1                745.048 56520.7856126618224  456.680                 0.00000
1                894.760 56520.7864893909368  1162.904                 0.00000
1                847.258 56520.7864895452501  579.072                 0.00000
1                794.423 56520.7864897308252  1276.121                 0.00000
1                745.048 56520.7864899566960  549.626                 0.00000
1                819.015 56547.7364758219877  452.324                 0.00000
1                819.015 56547.7374047062288  300.016                 0.00000
1                819.015 56547.7382561804758  472.286                 0.00000
1                819.314 56585.5571301619938  405.492                 0.00000
1                897.095 56611.5855607212023  1153.516                 0.00000
1                846.358 56611.5855608800367  605.488                 0.00000
1                795.048 56611.5855610803552  692.081                 0.00000
1                745.992 56611.5855613286895  626.892                 0.00000
1                897.095 56611.5863863688447  605.281                 0.00000
1                846.358 56611.5863865250509  313.339                 0.00000
1                795.048 56611.5863867162894  403.524                 0.00000
1                745.992 56611.5863869410693  320.322                 0.00000
1                897.095 56611.5872636067162  794.710                 0.00000
1                846.358 56611.5872637586431  513.410                 0.00000
1                795.048 56611.5872639554925  661.678                 0.00000
1                745.992 56611.5872641776740  499.732                 0.00000
1                894.914 56637.4265297121117  826.860                 0.00000
1                844.979 56637.4265298739613  548.411                 0.00000
1                795.048 56637.4265300549895  836.412                 0.00000
1                745.048 56637.4265302819482  1048.338                 0.00000
1                894.914 56637.4275101881211  524.970                 0.00000
1                844.979 56637.4275103445201  425.844                 0.00000
1                795.048 56637.4275105399214  561.706                 0.00000
1                745.048 56637.4275107630226  534.419                 0.00000
1                894.914 56637.4283616351509  537.771                 0.00000
1                844.979 56637.4283617842381  356.846                 0.00000
1                795.048 56637.4283619818481  477.913                 0.00000
1                745.048 56637.4283622074796  578.659                 0.00000
1                895.796 56669.4024117901142  131.453                 0.00000
1                846.396 56669.4024119464752  297.457                 0.00000
1                794.812 56669.4024121401534  750.761                 0.00000
1                745.048 56669.4024123657857  402.181                 0.00000
1                895.796 56669.4033406762349  165.105                 0.00000
1                846.396 56669.4033408412905  440.071                 0.00000
1                794.812 56669.4033410171392  815.936                 0.00000
1                745.048 56669.4033412565054  383.454                 0.00000
1                895.796 56669.4041663638333  238.276                 0.00000
1                846.396 56669.4041665246392  663.063                 0.00000
1                794.812 56669.4041667083309  1509.378                 0.00000
1                745.048 56669.4041669415296  911.549                 0.00000
TIME -0.00002048
C LOFAR DATA
JUMP
t                148.920 56468.6405727272938  700.420                 0.00000
JUMP
