 GUPPI_J0957-06_0_57071    864.410  57071.1799505032027    0.00  604.53        1
 GUPPI_J0957-06_0_57071    769.605  57071.1799310161568    0.00  649.06        1
 GUPPI_J0957-06_0_57071    864.311  57071.1830627314846    0.00  383.55        1
 GUPPI_J0957-06_0_57071    769.679  57071.1830432433424    0.00  373.26        1
 GUPPI_J0957-06_57079_3    864.753  57079.3849590973321    0.00  621.79        1
 GUPPI_J0957-06_57079_3    769.509  57079.3849396060913    0.00  471.91        1
 GUPPI_J0957-06_57079_3    864.784  57079.3883706380318    0.00  695.00        1
 GUPPI_J0957-06_57079_3    769.562  57079.3883710836463    0.00  533.89        1
 GUPPI_J0957-06_57100_1    866.687  57100.2233636476527    0.00  651.98        1
 GUPPI_J0957-06_57100_1    769.475  57100.2233441822933    0.00  516.44        1
 GUPPI_J0957-06_57100_1    866.891  57100.2267952453001    0.00  623.58        1
 GUPPI_J0957-06_57100_1    769.472  57100.2267757661063    0.00  523.90        1
 GUPPI_J0957-06_57130_1    865.123  57130.1754249178449    0.00  704.72        1
 GUPPI_J0957-06_57130_1    769.312  57130.1754453286498    0.00  708.23        1
 GUPPI_J0957-06_57130_1    865.139  57130.1788766051844    0.00  961.34        1
 GUPPI_J0957-06_57130_1    769.394  57130.1788571137370    0.00  907.64        1
 GUPPI_J0957-06_57163_1    865.064  57163.1273231361768    0.00 1458.53        1
 GUPPI_J0957-06_57163_1    770.283  57163.1273036353594    0.00 1505.68        1
 GUPPI_J0957-06_57163_1    865.225  57163.1303757896510    0.00 1218.46        1
C GUPPI_J0957-06_57163_1    770.029  57163.1303756065014    0.00 3135.78        1
 GUPPI_J0957-06_57193_0    864.603  57193.0880965496259    0.00  738.85        1
 GUPPI_J0957-06_57193_0    771.245  57193.0880970064347    0.00  827.62        1
 GUPPI_J0957-06_57193_0    864.290  57193.0915482464496    0.00 1004.90        1
 GUPPI_J0957-06_57193_0    771.208  57193.0915287653778    0.00 1109.89        1
 GUPPI_J0957-06_57222_7    865.724  57222.8973296626692    0.00  531.55        1
 GUPPI_J0957-06_57222_7    768.821  57222.8973301127118    0.00  534.65        1
 GUPPI_J0957-06_57222_7    865.516  57222.9007812563749    0.00  800.56        1
 GUPPI_J0957-06_57222_7    768.894  57222.9007817340308    0.00  633.97        1
 GUPPI_J0957-06_57248_7    865.447  57248.8661087049311    0.00  791.02        1
 GUPPI_J0957-06_57248_7    769.552  57248.8660892159124    0.00  992.45        1
 GUPPI_J0957-06_57248_7    865.346  57248.8679840461389    0.00 2865.16        1
C GUPPI_J0957-06_57248_7    769.561  57248.8679840686633    0.00 5104.72        1
 GUPPI_J0957-06_57278_6    865.866  57278.7236805612404    0.00 1443.68        1
C GUPPI_J0957-06_57278_6    769.506  57278.7236897821324    0.00 3408.63        1
 GUPPI_J0957-06_57278_6    865.501  57278.7271717601126    0.00 1485.03        1
C GUPPI_J0957-06_57278_6    769.471  57278.7271599796746    0.00 3070.64        1
 GUPPI_J0957-06_57307_5    866.915  57307.6482702501301    0.00  934.71        1
 GUPPI_J0957-06_57307_5    770.960  57307.6482507793984    0.00  960.47        1
 GUPPI_J0957-06_57307_5    867.274  57307.6517014653293    0.00 1482.83        1
 GUPPI_J0957-06_57307_5    770.888  57307.6517019548495    0.00 1352.57        1
C GUPPI_J0957-06_57333_5    864.873  57333.6014936913912    0.00 3840.98        1
 GUPPI_J0957-06_57333_5    768.951  57333.6014787130843    0.00 1250.03        1
 GUPPI_J0957-06_57333_5    865.753  57333.6049293741828    0.00 1521.36        1
 GUPPI_J0957-06_57333_5    769.379  57333.6049098684818    0.00 1330.45        1
 GUPPI_J0957-06_57334_5    865.144  57334.6422739051255    0.00 1105.77        1
 GUPPI_J0957-06_57334_5    769.231  57334.6422544333007    0.00 1381.10        1
 GUPPI_J0957-06_57334_5    865.460  57334.6450866306720    0.00 1860.25        1
 GUPPI_J0957-06_57334_5    769.370  57334.6450671922654    0.00 1621.32        1
 GUPPI_J0957-06_57335_5    865.458  57335.5909864983806    0.00 1335.93        1
 GUPPI_J0957-06_57335_5    767.927  57335.5909869647532    0.00 1303.83        1
 GUPPI_J0957-06_57335_5    865.310  57335.5944375832242    0.00 1159.08        1
 GUPPI_J0957-06_57335_5    768.030  57335.5944181008301    0.00 1208.47        1
 GUPPI_J0957-06_57337_5    865.807  57337.5901079665099    0.00  732.13        1
 GUPPI_J0957-06_57337_5    769.418  57337.5901084254836    0.00  746.41        1
 GUPPI_J0957-06_57337_5    866.224  57337.5935390986315    0.00  882.21        1
 GUPPI_J0957-06_57337_5    769.498  57337.5935196300215    0.00  688.06        1
 GUPPI_J0957-06_57340_4    865.448  57340.5681403080231    0.00  583.59        1
 GUPPI_J0957-06_57340_4    768.369  57340.5681208232955    0.00  615.51        1
 GUPPI_J0957-06_57340_4    865.679  57340.5715514993343    0.00 1497.64        1
 GUPPI_J0957-06_57340_4    768.349  57340.5715519716432    0.00  711.89        1
 GUPPI_J0957-06_57353_4    866.391  57353.5224538712607    0.00  661.41        1
 GUPPI_J0957-06_57353_4    768.942  57353.5224343955046    0.00  601.42        1
 GUPPI_J0957-06_57353_4    866.760  57353.5259448657176    0.00  611.40        1
 GUPPI_J0957-06_57353_4    768.756  57353.5259253816768    0.00  666.64        1
 GUPPI_J0957-06_57364_4    867.625  57364.4991177615182    0.00  839.17        1
 GUPPI_J0957-06_57364_4    769.493  57364.4991182393143    0.00  718.11        1
 GUPPI_J0957-06_57364_4    867.747  57364.5023095501240    0.00 1463.66        1
 GUPPI_J0957-06_57364_4    769.678  57364.5022900384222    0.00  955.98        1
 GUPPI_J0957-06_57369_4    867.794  57369.5351398939921    0.00  882.09        1
 GUPPI_J0957-06_57369_4    770.660  57369.5351403489560    0.00  818.20        1
 GUPPI_J0957-06_57369_4    868.395  57369.5386109344514    0.00  782.70        1
 GUPPI_J0957-06_57369_4    770.779  57369.5385914620619    0.00  641.32        1
