MODE 1
EFAC 1.1679

# 350 MHz (Incoherent)
TIME +0.00008192
1                345.581 57542.8597076425626  207.013                 0.00000
1                345.581 57542.8604074359640  214.063                 0.00000
1                345.581 57542.8611062639213  230.807                 0.00000
1                345.581 57542.8618060581325  230.519                 0.00000
1                345.581 57542.8623893705009  291.796                 0.00000
1                344.625 57569.9706571691880  363.292                 0.00000
1                344.625 57569.9713579230241  411.383                 0.00000
1                344.625 57569.9720567562658  445.889                 0.00000
1                344.625 57569.9727555831996  353.196                 0.00000
1                344.625 57569.9734544246896  284.899                 0.00000
1                344.728 57570.9542573268917  310.616                 0.00000
1                344.728 57570.9549581565308  260.000                 0.00000
1                344.728 57570.9556570649476  237.255                 0.00000
1                344.728 57570.9563559728559  311.858                 0.00000
1                344.728 57570.9569383976124  361.914                 0.00000
1                345.821 57637.7888402840334  397.629                 0.00000
1                345.821 57637.7895407875242  369.849                 0.00000
C 1                345.821 57637.7902393653291  526.906                 0.00000
1                345.821 57637.7909389123775  407.033                 0.00000
1                345.821 57637.7916374680113  276.150                 0.00000
1                345.891 57659.4925668012567  322.199                 0.00000
1                345.891 57659.4932674512513  424.597                 0.00000
1                345.891 57659.4939661725991  416.878                 0.00000
1                345.891 57659.4946658635633  367.662                 0.00000
1                345.891 57659.4953645955659  307.994                 0.00000
1                326.372 57660.5657599228512  244.486                 0.00000
1                326.372 57660.5664616234185  350.576                 0.00000
1                326.372 57660.5671604409607  320.993                 0.00000
1                326.372 57660.5678592363454  290.723                 0.00000
1                326.372 57660.5685590149729  325.132                 0.00000
1                326.769 57661.5915624795948  273.028                 0.00000
1                326.769 57661.5920293422870  240.682                 0.00000
1                326.769 57661.5924942880673  294.649                 0.00000
1                326.769 57661.5928437077958  335.129                 0.00000
1                338.866 57689.7165932859066  197.339                 0.00000
1                338.866 57689.7172929643992  220.142                 0.00000
1                338.866 57689.7179926463066  156.965                 0.00000
1                338.866 57689.7185749144091  335.876                 0.00000
1                345.855 57694.4924738385839  203.405                 0.00000
1                345.855 57694.4929415176889  250.817                 0.00000
1                345.855 57694.4934072731982  236.951                 0.00000
1                345.855 57694.4938739853482  178.693                 0.00000
1                348.120 57694.5968946071627  141.894                 0.00000
1                348.120 57694.5973632481325  153.047                 0.00000
1                348.120 57694.5978290106836  202.666                 0.00000
1                348.120 57694.5982947723122  134.538                 0.00000
1                330.865 57696.4263167587693  203.424                 0.00000
1                330.865 57696.4270174592573  192.767                 0.00000
1                330.865 57696.4277181590869  180.254                 0.00000
1                330.865 57696.4284169355007  237.579                 0.00000
1                330.865 57696.4289992456949  319.745                 0.00000
1                332.750 57696.5996857014824  477.285                 0.00000
C 1                332.750 57696.6003865787541  871.062                 0.00000
1                332.750 57696.6010861563335  446.712                 0.00000
1                332.750 57696.6017849396779  383.453                 0.00000
1                332.750 57696.6023672534744  297.546                 0.00000
1                335.787 57698.3737115952042  485.750                 0.00000
C 1                335.787 57698.3741793628868  670.742                 0.00000
1                335.787 57698.3746461670717  349.704                 0.00000
1                335.787 57698.3751110412433  453.806                 0.00000
1                335.787 57698.3754604352533  409.254                 0.00000
1                330.207 57699.6056906578224  375.913                 0.00000
1                330.207 57699.6063911570776  480.862                 0.00000
1                330.207 57699.6070897517347  372.215                 0.00000
C 1                330.207 57699.6077885897096  651.193                 0.00000
C 1                330.207 57699.6084870302417  1755.427                 0.00000
1                333.758 57751.2921617739815  469.205                 0.00000
1                333.758 57751.2928615588722  376.293                 0.00000
1                333.758 57751.2935603647766  324.268                 0.00000
1                333.758 57751.2942601660741  235.865                 0.00000
1                333.758 57751.2949589787837  347.893                 0.00000
1                344.707 57754.3757943051681  399.001                 0.00000
1                344.707 57754.3764947539017  432.412                 0.00000
C 1                344.707 57754.3771932842952  500.247                 0.00000
1                344.707 57754.3777773095982  482.138                 0.00000
C 1                346.142 57756.4521043904308  680.650                 0.00000
1                346.142 57756.4528049016742  483.945                 0.00000
C 1                346.142 57756.4535044337273  658.795                 0.00000
C 1                346.142 57756.4540870833342  663.579                 0.00000
C 1                344.567 57763.2957018527215  508.111                 0.00000
C 1                344.567 57763.2964023159675  697.461                 0.00000
C 1                344.567 57763.2971014710028  919.715                 0.00000
C 1                344.567 57763.2978001880542  674.834                 0.00000
1                344.567 57763.2984988802060  390.521                 0.00000
1                344.972 57789.1860629784980  348.246                 0.00000
1                344.972 57789.1867625858075  283.968                 0.00000
1                344.972 57789.1874612227178  358.488                 0.00000
1                344.972 57789.1881588901341  300.429                 0.00000
1                344.972 57789.1887410939051  295.964                 0.00000
C 1                343.217 57789.3193127252811  509.620                 0.00000
C 1                343.217 57789.3200142357151  751.743                 0.00000
1                343.217 57789.3207118938133  495.882                 0.00000
C 1                343.217 57789.3214114667687  772.159                 0.00000
C 1                343.217 57789.3219936409309  689.782                 0.00000
1                345.031 57791.1070802117952  333.264                 0.00000
1                345.031 57791.1077806903192  393.932                 0.00000
1                345.031 57791.1084792320591  373.647                 0.00000
1                345.031 57791.1091787647931  361.679                 0.00000
1                345.031 57791.1097618474859  387.231                 0.00000
1                344.956 57792.1121037427075  274.271                 0.00000
C 1                344.956 57792.1128042628200  521.867                 0.00000
1                344.956 57792.1135028532318  458.919                 0.00000
1                344.956 57792.1142023874857  487.834                 0.00000
C 1                344.956 57792.1149019542443  686.532                 0.00000
C 1                346.819 57813.3117340995889  559.249                 0.00000
C 1                346.819 57813.3124339095764  742.194                 0.00000
C 1                346.819 57813.3131327498938  688.814                 0.00000
C 1                346.819 57813.3138315828006  600.230                 0.00000
C 1                346.819 57813.3145304297632  631.086                 0.00000
1                343.649 57814.0452399947978  327.038                 0.00000
1                343.649 57814.0459398303000  278.358                 0.00000
1                343.649 57814.0466387073009  369.169                 0.00000
1                343.649 57814.0473385491465  345.934                 0.00000
1                343.649 57814.0480364562696  407.518                 0.00000
C 1                345.419 57816.1599976349039  542.157                 0.00000
C 1                345.419 57816.1606982279579  540.204                 0.00000
C 1                345.419 57816.1613968752627  664.267                 0.00000
1                345.419 57816.1620955569571  484.486                 0.00000
C 1                345.419 57816.1627951837890  638.856                 0.00000
1                343.985 57819.2344649694201  313.369                 0.00000
1                343.985 57819.2351655218166  322.888                 0.00000
1                343.985 57819.2358641517768  382.548                 0.00000
1                343.985 57819.2365627769710  367.218                 0.00000
1                343.985 57819.2371459241338  497.066                 0.00000
C 1                344.373 57820.3635875724597  506.571                 0.00000
1                344.373 57820.3641688573413  315.357                 0.00000
1                344.373 57820.3648694865391  372.992                 0.00000
1                344.373 57820.3655681801791  377.603                 0.00000
1                344.373 57820.3662668840827  391.131                 0.00000
1                346.975 57821.2853445685541  270.730                 0.00000
1                346.975 57821.2860452564142  305.477                 0.00000
1                346.975 57821.2867440243101  333.753                 0.00000
1                346.975 57821.2874427891530  340.071                 0.00000
1                346.975 57821.2881425159831  305.109                 0.00000
C 1                344.786 57822.0330649085902  678.823                 0.00000
C 1                344.786 57822.0337656537347  654.947                 0.00000
C 1                344.786 57822.0344644786628  1218.984                 0.00000
C 1                344.786 57822.0351642736367  795.503                 0.00000
1                344.786 57822.0358630854726  486.841                 0.00000
1                344.315 57850.9805196746845  202.614                 0.00000
1                344.315 57850.9819183798352  241.276                 0.00000
1                344.315 57850.9833161251384  354.488                 0.00000
1                344.315 57850.9847148304155  280.374                 0.00000
1                344.315 57850.9859960808252  410.444                 0.00000
1                343.887 57851.2317666387168  408.339                 0.00000
1                343.887 57851.2324664188401  450.752                 0.00000
C 1                343.887 57851.2331662255849  775.301                 0.00000
1                343.887 57851.2338650605653  362.086                 0.00000
1                343.887 57851.2345639034428  415.204                 0.00000
1                328.950 57852.0822202575810  447.039                 0.00000
C 1                328.950 57852.0829208757192  616.128                 0.00000
C 1                328.950 57852.0836169761164  586.715                 0.00000
C 1                328.950 57852.0843173178136  529.751                 0.00000
1                328.950 57852.0848995609786  446.733                 0.00000
1                333.199 57854.0886773963324  322.712                 0.00000
1                333.199 57854.0893779463881  330.057                 0.00000
1                333.199 57854.0900775256795  338.628                 0.00000
1                333.199 57854.0907761605805  490.999                 0.00000
1                333.199 57854.0914747568414  435.922                 0.00000
1                341.677 57855.1222319926718  413.347                 0.00000
C 1                341.677 57855.1229325799047  576.065                 0.00000
1                341.677 57855.1236312361159  346.323                 0.00000
1                341.677 57855.1243308642078  300.411                 0.00000
1                341.677 57855.1249121174321  325.528                 0.00000
C 1                344.843 57879.8863286717671  726.882                 0.00000
C 1                344.843 57879.8870292583379  548.755                 0.00000
C 1                344.843 57879.8877278851988  805.953                 0.00000
1                344.843 57879.8884274945356  461.663                 0.00000
1                344.843 57879.8891261534038  401.075                 0.00000
1                344.014 57880.8888746317752  296.111                 0.00000
C 1                344.014 57880.8895751931825  708.183                 0.00000
C 1                344.014 57880.8902738342260  527.844                 0.00000
1                344.014 57880.8909734311477  294.026                 0.00000
1                344.014 57880.8916720705533  416.590                 0.00000
C 1                344.668 57881.9313290293193  638.982                 0.00000
1                344.668 57881.9320286580640  344.017                 0.00000
1                344.668 57881.9327282997775  413.341                 0.00000
1                344.668 57881.9334269765492  335.359                 0.00000
1                344.668 57881.9341256329567  370.366                 0.00000
1                341.402 57906.0438274039890  294.187                 0.00000
1                341.402 57906.0445270916137  285.276                 0.00000
1                341.402 57906.0452258170451  385.326                 0.00000
1                341.402 57906.0459254983477  328.075                 0.00000
1                341.402 57906.0465077675063  339.641                 0.00000
1                347.669 57992.5687932202366  161.878                 0.00000
1                347.669 57992.5694929941494  190.090                 0.00000
1                347.669 57992.5701918102511  180.571                 0.00000
1                347.669 57992.5708915865626  180.656                 0.00000
1                347.669 57992.5715903982142  156.509                 0.00000
C 1                347.685 57997.5746963425516  518.355                 0.00000
C 1                347.685 57997.5753974652387  1173.968                 0.00000
1                347.685 57997.5760963911653  364.688                 0.00000
1                347.685 57997.5767949772272  461.796                 0.00000
C 1                347.685 57997.5773780821858  990.600                 0.00000
1                348.222 57997.6846268059466  443.948                 0.00000
1                348.222 57997.6853273147636  241.316                 0.00000
1                348.222 57997.6860268580979  317.796                 0.00000
1                348.222 57997.6867254420311  295.714                 0.00000
1                348.222 57997.6873085601315  249.365                 0.00000
1                348.270 57998.6527974564557  325.037                 0.00000
1                348.270 57998.6534980050122  353.352                 0.00000
1                348.270 57998.6541966125445  409.847                 0.00000
1                348.270 57998.6548961884915  241.025                 0.00000
1                348.270 57998.6554793308332  362.219                 0.00000
1                347.874 57999.7947303719267  354.805                 0.00000
1                347.874 57999.7954309746083  327.514                 0.00000
1                347.874 57999.7961306054460  290.039                 0.00000
1                347.874 57999.7968292847902  324.310                 0.00000
1                347.874 57999.7974115178344  394.312                 0.00000
C 1                348.894 58000.6121612861769  666.456                 0.00000
C 1                348.894 58000.6128609689764  1060.122                 0.00000
C 1                348.894 58000.6135596953846  773.598                 0.00000
1                348.894 58000.6142584323811  395.147                 0.00000
C 1                348.894 58000.6148437521589  705.964                 0.00000
C 1                348.412 58001.6504011228253  633.469                 0.00000
1                348.412 58001.6512173792841  463.797                 0.00000
1                348.412 58001.6519171419911  432.125                 0.00000
C 1                348.412 58001.6524994930174  676.735                 0.00000
1                348.412 58001.6533147688145  354.767                 0.00000
1                347.565 58002.7026246393837  339.709                 0.00000
1                347.565 58002.7033254376595  310.656                 0.00000
1                347.565 58002.7040252730875  280.610                 0.00000
1                347.565 58002.7047241451156  369.524                 0.00000
1                347.565 58002.7053065527611  386.744                 0.00000
TIME -0.00008192

# 820 MHz (Coherent)
TIME +0.00000384
1                894.999 58092.2758428478251   86.094                 0.00000                                  
1                845.781 58092.2758429690733   63.181                 0.00000                                  
1                795.781 58092.2758431209122   50.791                 0.00000                                  
1                745.781 58092.2758433010938   63.169                 0.00000
1                894.999 58092.2786977310800   83.735                 0.00000
1                845.781 58092.2786978563304   55.945                 0.00000
1                795.781 58092.2786980049535   50.649                 0.00000
1                745.781 58092.2786981857605   59.563                 0.00000
1                894.999 58092.2815535816836   95.090                 0.00000
1                845.781 58092.2815537035649   59.576                 0.00000
1                795.781 58092.2815538535482   59.243                 0.00000
1                745.781 58092.2815540345893   58.100                 0.00000
1                894.999 58092.2844094310177   83.588                 0.00000
1                845.781 58092.2844095527380   54.787                 0.00000
1                795.781 58092.2844097027488   52.583                 0.00000
1                745.781 58092.2844098819960   63.762                 0.00000
1                894.999 58092.2872643178998   88.395                 0.00000
1                845.781 58092.2872644411434   53.689                 0.00000
1                795.781 58092.2872645895357   50.021                 0.00000
1                745.781 58092.2872647707529   61.366                 0.00000
1                894.999 58092.2901201655117   92.163                 0.00000
1                845.781 58092.2901202905767   53.789                 0.00000
1                795.781 58092.2901204401928   55.399                 0.00000
1                745.781 58092.2901206202036   80.877                 0.00000
1                894.999 58092.2929452150583  112.241                 0.00000
1                845.781 58092.2929453411482   63.655                 0.00000
1                795.781 58092.2929454905856   61.435                 0.00000
1                745.781 58092.2929456723904   65.481                 0.00000
1                894.999 58092.2958309095951  103.229                 0.00000
1                845.781 58092.2958310317060   56.946                 0.00000
1                795.781 58092.2958311814645   66.350                 0.00000
1                745.781 58092.2958313615056   68.596                 0.00000
1                894.999 58092.2986857980878   94.351                 0.00000
1                845.781 58092.2986859221208   67.571                 0.00000
1                795.781 58092.2986860699672   67.650                 0.00000
1                745.781 58092.2986862506898   65.278                 0.00000
1                894.999 58092.3010613438184  116.528                 0.00000
1                845.781 58092.3010614667157   83.239                 0.00000
1                795.781 58092.3010616156935   82.254                 0.00000
1                745.781 58092.3010617980519   83.775                 0.00000
1                895.000 58092.2758428478233   86.098                 0.00000
1                845.781 58092.2758429690747   63.173                 0.00000
1                795.781 58092.2758431209120   50.793                 0.00000
1                745.781 58092.2758433010932   63.175                 0.00000
1                895.000 58092.2786977310754   83.717                 0.00000
1                845.781 58092.2786978563316   55.936                 0.00000
1                795.781 58092.2786980049540   50.655                 0.00000
1                745.781 58092.2786981857599   59.560                 0.00000
1                895.000 58092.2815535816804   95.094                 0.00000
1                845.781 58092.2815537035641   59.575                 0.00000
1                795.781 58092.2815538535483   59.244                 0.00000
1                745.781 58092.2815540345882   58.101                 0.00000
1                895.000 58092.2844094310182   83.592                 0.00000
1                845.781 58092.2844095527385   54.788                 0.00000
1                795.781 58092.2844097027481   52.585                 0.00000
1                745.781 58092.2844098819951   63.767                 0.00000
1                895.000 58092.2872643178995   88.447                 0.00000
1                845.781 58092.2872644411430   53.688                 0.00000
1                795.781 58092.2872645895365   50.022                 0.00000
1                745.781 58092.2872647707533   61.368                 0.00000
1                895.000 58092.2901201655109   92.177                 0.00000
1                845.781 58092.2901202905772   53.790                 0.00000
1                795.781 58092.2901204401933   55.397                 0.00000
1                745.781 58092.2901206202040   80.878                 0.00000
1                895.000 58092.2929452150562  112.185                 0.00000
1                845.781 58092.2929453411476   63.660                 0.00000
1                795.781 58092.2929454905862   61.428                 0.00000
1                745.781 58092.2929456723892   65.484                 0.00000
1                895.000 58092.2958309095933  103.234                 0.00000
1                845.781 58092.2958310317067   56.949                 0.00000
1                795.781 58092.2958311814647   66.356                 0.00000
1                745.781 58092.2958313615059   68.594                 0.00000
1                895.000 58092.2986857980837   94.355                 0.00000
1                845.781 58092.2986859221208   67.573                 0.00000
1                795.781 58092.2986860699673   67.653                 0.00000
1                745.781 58092.2986862506906   65.278                 0.00000
1                895.000 58092.3010613438190  116.555                 0.00000
1                845.781 58092.3010614667167   83.238                 0.00000
1                795.781 58092.3010616156946   82.246                 0.00000
1                745.781 58092.3010617980518   83.777                 0.00000
1                890.719 58367.5306905559283  166.456                 0.00000
1                844.825 58367.5306906723033  324.766                 0.00000
1                795.781 58367.5306908172663  125.371                 0.00000
1                748.583 58367.5306909865254  203.557                 0.00000
1                890.719 58367.5331252005882  154.342                 0.00000
1                844.825 58367.5331253079769  360.210                 0.00000
1                795.780 58367.5331254614103  118.066                 0.00000
1                748.583 58367.5331256386775  290.408                 0.00000
1                890.719 58367.5356570306507  128.040                 0.00000
1                844.825 58367.5356571522399  239.047                 0.00000
1                795.781 58367.5356572975482  106.895                 0.00000
1                748.583 58367.5356574640960  309.603                 0.00000
1                890.719 58367.5381397933255  157.511                 0.00000
1                844.825 58367.5381399089842  337.768                 0.00000
1                795.781 58367.5381400521582  122.973                 0.00000
1                748.583 58367.5381402266104  180.277                 0.00000
1                890.719 58367.5406225516115  126.230                 0.00000
1                844.825 58367.5406226705311  370.521                 0.00000
1                795.781 58367.5406228113967  111.994                 0.00000
1                748.583 58367.5406229814913  360.599                 0.00000
1                890.719 58367.5431053060521  170.109                 0.00000
1                844.825 58367.5431054174895  540.853                 0.00000
1                795.781 58367.5431055690911  130.396                 0.00000
1                748.583 58367.5431057426103  234.197                 0.00000
1                890.719 58367.5455880652884  137.872                 0.00000
1                844.825 58367.5455881841756  273.064                 0.00000
1                795.781 58367.5455883267213  132.498                 0.00000
1                748.583 58367.5455885027718  405.262                 0.00000
1                890.719 58367.5481208675321  124.593                 0.00000
1                844.825 58367.5481209755638  530.541                 0.00000
1                795.780 58367.5481211297113  150.140                 0.00000
1                748.583 58367.5481212967133  187.320                 0.00000
1                890.719 58367.5505901568523  125.698                 0.00000
1                844.825 58367.5505902700062  299.239                 0.00000
1                795.780 58367.5505904204456  150.358                 0.00000
1                748.583 58367.5505905918361  295.739                 0.00000
1                890.720 58367.5527361035972  135.116                 0.00000
1                844.825 58367.5527362200781  760.179                 0.00000
1                795.781 58367.5527363726586  176.475                 0.00000
1                748.583 58367.5527365433070  262.902                 0.00000
1                895.000 58452.3348268858397   27.473                 0.00000
1                845.781 58452.3348270091929   21.673                 0.00000
1                795.781 58452.3348271582119   24.585                 0.00000
1                745.781 58452.3348273402264  125.801                 0.00000
1                895.000 58452.3380870577542   30.288                 0.00000
1                845.781 58452.3380871798907   20.731                 0.00000
1                795.781 58452.3380873290546   23.298                 0.00000
1                745.781 58452.3380875114950  135.334                 0.00000
1                895.000 58452.3413154624970   23.980                 0.00000
1                845.781 58452.3413155853652   20.798                 0.00000
1                795.781 58452.3413157349742   21.744                 0.00000
1                745.781 58452.3413159167348  125.122                 0.00000
1                895.000 58452.3445438681690   23.150                 0.00000
1                845.781 58452.3445439911605   23.092                 0.00000
1                795.781 58452.3445441409130   20.002                 0.00000
1                745.781 58452.3445443198183  148.781                 0.00000
1                895.000 58452.3477713111586   23.009                 0.00000
1                845.781 58452.3477714340871   22.136                 0.00000
1                795.781 58452.3477715838453   21.563                 0.00000
1                745.781 58452.3477717671093  127.309                 0.00000
1                895.000 58452.3509997157354   24.258                 0.00000
1                845.781 58452.3509998388024   24.713                 0.00000
1                795.781 58452.3509999886418   19.354                 0.00000
1                745.781 58452.3510001718149  124.071                 0.00000
1                895.000 58452.3542261949300   22.395                 0.00000
1                845.781 58452.3542263178002   25.509                 0.00000
1                795.781 58452.3542264674953   19.139                 0.00000
1                745.781 58452.3542266504278  116.213                 0.00000
1                895.000 58452.3574536364621   22.350                 0.00000
1                845.781 58452.3574537597392   25.706                 0.00000
1                795.781 58452.3574539091244   19.530                 0.00000
1                745.781 58452.3574540906107  121.262                 0.00000
1                895.000 58452.3606830028736   21.311                 0.00000
1                845.781 58452.3606831264310   26.698                 0.00000
1                795.781 58452.3606832755057   19.709                 0.00000
1                745.781 58452.3606834551950  151.589                 0.00000
1                895.000 58452.3637227452092   24.507                 0.00000
1                845.781 58452.3637228688753   35.298                 0.00000
1                795.781 58452.3637230180871   23.063                 0.00000
1                745.781 58452.3637232027068  162.322                 0.00000
1                895.781 58452.3661445272227   26.900                 0.00000
1                845.780 58452.3661446517708   40.637                 0.00000
1                795.780 58452.3661448016918   23.032                 0.00000
1                745.780 58452.3661449775223  211.587                 0.00000
1                895.781 58452.3683795750729   26.813                 0.00000
1                845.780 58452.3683797002972   41.650                 0.00000
1                795.780 58452.3683798499741   24.275                 0.00000
1                745.781 58452.3683800317429  138.434                 0.00000
1                895.781 58452.3706136608753   25.939                 0.00000
1                845.780 58452.3706137848586   43.920                 0.00000
1                795.780 58452.3706139351222   22.221                 0.00000
1                745.780 58452.3706141162084  170.017                 0.00000
1                895.781 58452.3728487076118   26.145                 0.00000
1                845.780 58452.3728488327954   42.652                 0.00000
1                795.780 58452.3728489828731   22.110                 0.00000
1                745.780 58452.3728491632981  139.715                 0.00000
1                895.781 58452.3750856806135   25.232                 0.00000
1                845.780 58452.3750858054666   47.241                 0.00000
1                795.780 58452.3750859551445   22.712                 0.00000
1                745.780 58452.3750861368580  153.103                 0.00000
1                895.781 58452.3773197654475   26.794                 0.00000
1                845.780 58452.3773198903169   52.796                 0.00000
1                795.780 58452.3773200399020   22.394                 0.00000
1                745.780 58452.3773202202145  154.821                 0.00000
1                895.781 58452.3795548122607   25.024                 0.00000
1                845.780 58452.3795549370805   47.753                 0.00000
1                795.780 58452.3795550860516   20.352                 0.00000
1                745.780 58452.3795552685615  182.511                 0.00000
1                895.781 58452.3817898588394   24.984                 0.00000
1                845.780 58452.3817899841987   56.504                 0.00000
1                795.780 58452.3817901333574   22.070                 0.00000
1                745.780 58452.3817903150062  176.023                 0.00000
1                895.781 58452.3840249056313   24.751                 0.00000
1                845.780 58452.3840250307260   55.188                 0.00000
1                795.780 58452.3840251804358   22.655                 0.00000
1                745.780 58452.3840253611700  144.738                 0.00000
1                896.243 58452.3860385633889   32.554                 0.00000
1                845.781 58452.3860386889395   59.899                 0.00000
1                795.781 58452.3860388392137   22.065                 0.00000
1                745.781 58452.3860390206813  157.196                 0.00000
TIME -0.00000384

# 820 MHz (Incoherent)
TIME +0.00002048
1                819.377 57936.7906438183820   27.680                 0.00000
1                819.377 57936.7920403007991   24.739                 0.00000
1                819.377 57936.7934387086901   25.031                 0.00000
1                819.377 57936.7949535714689   24.711                 0.00000
1                819.377 57936.7961190719322   25.575                 0.00000
1                817.647 57985.8699576928661  250.381                 0.00000
1                817.647 57985.8706574878355  232.215                 0.00000
1                817.647 57985.8713563180046  342.342                 0.00000
1                817.647 57985.8720551567360  270.148                 0.00000
C 1                817.647 57985.8726375512412  719.135                 0.00000
1                822.529 58042.6276537656112  153.718                 0.00000
1                822.529 58042.6283532670724  162.186                 0.00000
1                822.529 58042.6290518063301  141.089                 0.00000
1                822.529 58042.6297513105564  148.761                 0.00000
1                822.529 58042.6303343888813  180.441                 0.00000
1                818.819 58070.5701882968630   67.227                 0.00000
1                818.819 58070.5708868517999   59.305                 0.00000
1                818.819 58070.5715863686037   57.343                 0.00000
1                818.819 58070.5722858852115   56.097                 0.00000
1                818.819 58070.5728689770742   68.560                 0.00000
1                818.499 58095.5131181290878  303.772                 0.00000
1                818.499 58095.5138166579307  318.098                 0.00000
1                818.499 58095.5145161408969  237.183                 0.00000
1                818.499 58095.5152146727526  260.510                 0.00000
1                818.499 58095.5157977406003  300.153                 0.00000
1                820.009 58097.5155828495862  343.870                 0.00000
C 1                820.009 58097.5162827680456  663.336                 0.00000
1                820.009 58097.5169809081771  347.843                 0.00000
1                820.009 58097.5176804302285  295.875                 0.00000
1                820.009 58097.5182635043343  573.956                 0.00000
1                817.309 58098.4998772005009  105.519                 0.00000
1                817.309 58098.5005758063780  122.212                 0.00000
1                817.309 58098.5012753715725  116.882                 0.00000
1                817.309 58098.5019739778173   92.242                 0.00000
1                817.309 58098.5025561470134  103.632                 0.00000
1                823.676 58131.4834981958952  231.598                 0.00000
1                823.676 58131.4841967272821  357.716                 0.00000
1                823.676 58131.4848962435242  374.181                 0.00000
1                823.676 58131.4855947765496  344.319                 0.00000
1                823.676 58131.4861778582829  454.937                 0.00000
1                823.799 58185.2717849251805  138.564                 0.00000
1                823.799 58185.2724844861489  127.078                 0.00000
1                823.799 58185.2731830834115  123.855                 0.00000
1                823.799 58185.2738826450055   98.660                 0.00000
1                823.799 58185.2744648119664  148.431                 0.00000
1                828.897 58237.1016600751900   60.624                 0.00000
1                828.897 58237.1023589842995   61.116                 0.00000
1                828.897 58237.1030578910478   61.646                 0.00000
1                828.897 58237.1037567993131   57.466                 0.00000
1                828.897 58237.1043372974719   65.328                 0.00000
1                825.895 58266.0954102550586  277.010                 0.00000
1                825.895 58266.0961089245947  226.415                 0.00000
1                825.895 58266.0968085409277  219.615                 0.00000
1                825.895 58266.0975071997915  205.909                 0.00000
1                825.895 58266.0980894113913  322.927                 0.00000
1                825.363 58304.0077467151657  102.975                 0.00000
1                825.363 58304.0084463395469  161.847                 0.00000
1                825.363 58304.0091450031580  179.870                 0.00000
1                825.363 58304.0098446279497  133.872                 0.00000
1                825.363 58304.0104278106281  231.223                 0.00000
TIME -0.00002048
