MODE 1
EFAC 1.3027

# 350 MHz (Incoherent)
TIME +0.00008192
1                345.193 57478.1994272179456   69.277                 0.00000
1                345.193 57478.2023402052087   87.587                 0.00000
C 1                345.193 57478.2043790449213  107.068                 0.00000
1                344.984 57478.2107212632285   57.544                 0.00000
C 1                344.984 57478.2130517632462  108.770                 0.00000
1                344.984 57478.2153232641133   57.346                 0.00000
C 1                347.362 57507.2015817831532   89.669                 0.00000
C 1                347.362 57507.2050773835026  162.869                 0.00000
C 1                347.362 57507.2085137224656  212.793                 0.00000
C 1                330.284 57541.9396793180338  175.149                 0.00000
1                330.284 57541.9403391546129   56.376                 0.00000
1                330.284 57541.9414270050210   50.345                 0.00000
1                346.364 57569.9758794813644    8.103                 0.00000
1                346.364 57569.9770450377240    8.732                 0.00000
1                346.364 57569.9782100376689    9.231                 0.00000
1                345.159 57634.5143748130085   71.653                 0.00000
1                345.159 57634.5155405083345   89.771                 0.00000
1                345.159 57634.5167053736672   64.258                 0.00000
1                327.797 57655.6950343098830   90.695                 0.00000
1                327.797 57655.6961994731140   62.814                 0.00000
C 1                327.797 57655.6973649093957   77.793                 0.00000
1                339.004 57690.6187375660163   86.490                 0.00000
1                339.004 57690.6196701582164   66.626                 0.00000
C 1                339.004 57690.6206021974548  100.672                 0.00000
1                346.871 57694.4953916098960   44.664                 0.00000
1                346.871 57694.4960911979611   66.608                 0.00000
1                346.871 57694.4967320704146   61.657                 0.00000
1                347.811 57694.5941069979815   95.542                 0.00000
C 1                347.811 57694.5948065920566  100.825                 0.00000
1                347.811 57694.5954474656346   73.062                 0.00000
1                345.974 57751.2853382747550   71.045                 0.00000
C 1                345.974 57751.2873193874613  127.603                 0.00000
1                345.974 57751.2892999398264   65.438                 0.00000
1                332.406 57754.2336335918344   40.756                 0.00000
1                332.406 57754.2347989465960   47.594                 0.00000
1                332.406 57754.2359640243417   39.616                 0.00000
1                341.342 57754.3799291377987   13.979                 0.00000
1                341.342 57754.3808615873542   15.955                 0.00000
1                341.342 57754.3817356020005   18.348                 0.00000
1                347.544 57789.1905205567898   34.706                 0.00000
1                347.544 57789.1916856945561   48.513                 0.00000
1                347.544 57789.1927926581660   41.034                 0.00000
1                345.086 57789.3238772170353   23.868                 0.00000
1                345.086 57789.3250426455690   20.715                 0.00000
1                345.086 57789.3261496217311   22.385                 0.00000
C 1                344.559 57791.1117517952054  158.825                 0.00000
1                344.559 57791.1127619515313   69.106                 0.00000
C 1                344.559 57791.1138689793187  121.578                 0.00000
1                344.231 57813.3168858741220   49.033                 0.00000
1                344.231 57813.3180515527023   35.301                 0.00000
1                344.231 57813.3192163979317   38.527                 0.00000
C 1                344.843 57816.1551151247532  120.896                 0.00000
C 1                344.843 57816.1562811389559  112.650                 0.00000
C 1                344.843 57816.1574463208221  173.581                 0.00000
1                330.027 57817.4114350846883   46.206                 0.00000
1                330.027 57817.4126005746192   66.671                 0.00000
1                330.027 57817.4137655094017   46.491                 0.00000
C 1                344.343 57819.2396104085333  119.561                 0.00000
1                344.343 57819.2419409148937   91.746                 0.00000
C 1                344.343 57819.2442128198685   92.288                 0.00000
C 1                335.797 57820.3687037970838  240.666                 0.00000
1                335.797 57820.3698693033727   59.917                 0.00000
1                335.797 57820.3710342551180   60.199                 0.00000
1                342.811 57822.0383795290574   89.948                 0.00000
1                342.811 57822.0395450675365   82.783                 0.00000
1                342.811 57822.0407100472713   88.221                 0.00000
C 1                345.281 57850.9726082391658  144.029                 0.00000
C 1                345.281 57850.9749384852560  151.252                 0.00000
C 1                345.281 57850.9772102848912  128.382                 0.00000
1                329.089 57852.0782057704406   47.439                 0.00000
1                329.089 57852.0793713729608   32.035                 0.00000
1                329.089 57852.0804782358472   44.393                 0.00000
1                332.235 57874.9772105549910   18.739                 0.00000
1                332.235 57874.9783760554778   18.220                 0.00000
1                332.235 57874.9794822651149   23.055                 0.00000
1                345.086 57879.8816779430748   48.912                 0.00000
1                345.086 57879.8828433245157   57.431                 0.00000
1                345.086 57879.8840084267759   45.387                 0.00000
1                335.806 57880.8939815876549   46.297                 0.00000
1                335.806 57880.8951470821627   42.592                 0.00000
1                335.806 57880.8963114612401   77.322                 0.00000
1                339.135 57881.9364814091529   24.406                 0.00000
1                339.135 57881.9376464470817   22.570                 0.00000
1                339.135 57881.9388117624697   23.813                 0.00000
1                348.461 57992.5739352058628   49.141                 0.00000
1                348.461 57992.5751004765591   67.850                 0.00000
1                348.461 57992.5762657455377   59.313                 0.00000
1                351.043 57992.7619328311055   47.375                 0.00000
1                351.043 57992.7630981201541   49.296                 0.00000
1                351.043 57992.7642634088097   61.534                 0.00000
1                348.490 57997.5791319979671   77.668                 0.00000
1                348.490 57997.5802972042825   50.545                 0.00000
1                348.490 57997.5814042318826   43.466                 0.00000
1                348.706 57997.6890272333368   42.227                 0.00000
1                348.706 57997.6901929895319   52.284                 0.00000
1                348.706 57997.6912994510710   87.043                 0.00000
1                348.723 57998.6587266589387   37.387                 0.00000
1                348.723 57998.6598923078101   31.531                 0.00000
1                348.723 57998.6609989529046   71.782                 0.00000
1                348.369 57999.7993165763424   95.299                 0.00000
1                348.369 57999.8004821036247   58.232                 0.00000
1                348.369 57999.8015886303992   80.885                 0.00000
1                348.416 58000.6166432832707   30.211                 0.00000
1                348.416 58000.6178087536897   29.458                 0.00000
1                348.416 58000.6189157844084   33.071                 0.00000
1                345.625 58001.6556128041721   83.971                 0.00000
1                345.625 58001.6567788188149   59.816                 0.00000
1                345.625 58001.6579440004880   67.930                 0.00000
1                348.275 58002.7071527165425   30.866                 0.00000
1                348.275 58002.7083179560038   50.516                 0.00000
1                348.275 58002.7094247523820   36.755                 0.00000
1                352.723 58058.4857423433167   81.977                 0.00000
1                352.723 58058.4869406173557   73.767                 0.00000
C 1                352.723 58058.4881828729645  141.301                 0.00000
C 1                345.315 58079.4380665349588  146.283                 0.00000
C 1                345.315 58079.4392319246328  106.920                 0.00000
C 1                345.315 58079.4403388586371  163.995                 0.00000
1                327.485 58081.5318285259206   69.645                 0.00000
1                327.485 58081.5329939805419   75.290                 0.00000
1                327.485 58081.5341007193212   51.334                 0.00000
C 1                345.159 58085.5530377779537  131.353                 0.00000
1                345.159 58085.5551861632060   98.669                 0.00000
1                345.159 58085.5575521651582   80.051                 0.00000
C 1                345.159 58107.3692472206453  115.162                 0.00000
1                345.159 58107.3704131099638   62.790                 0.00000
1                345.159 58107.3715781619375   97.087                 0.00000
1                345.159 58109.3729856626193   76.778                 0.00000
1                345.159 58109.3741516480726   55.310                 0.00000
1                345.159 58109.3753162413825   57.054                 0.00000
1                340.617 58109.5839270033177   52.432                 0.00000
C 1                340.617 58109.5862578534504  234.610                 0.00000
1                340.617 58109.5884709682509   62.412                 0.00000
C 1                345.159 58107.3692472206476  114.971                 0.00000
1                345.159 58107.3704131099639   62.770                 0.00000
1                345.159 58107.3715781619392   97.053                 0.00000
1                345.159 58109.3729856626181   76.803                 0.00000
1                345.159 58109.3741516480725   55.310                 0.00000
1                345.159 58109.3753162413830   57.067                 0.00000
1                340.618 58109.5839270033062   52.437                 0.00000
C 1                340.618 58109.5862578534232  234.040                 0.00000
1                340.618 58109.5884709682396   62.400                 0.00000
C 1                325.655 58172.1860644645076  123.069                 0.00000
1                325.655 58172.1872302055021   77.849                 0.00000
1                325.655 58172.1882781928899   86.917                 0.00000
1                344.989 58173.1972909155298   27.080                 0.00000
1                344.989 58173.1984571054386   32.557                 0.00000
1                344.989 58173.1996221828286   32.021                 0.00000
C 1                306.651 58203.9540966443630  153.321                 0.00000
1                306.651 58203.9552626203992   82.200                 0.00000
C 1                306.651 58203.9563112680537  117.206                 0.00000
1                330.162 58228.9352656233094   52.055                 0.00000
1                330.162 58228.9364315182206   45.805                 0.00000
1                330.162 58228.9375963000654   43.520                 0.00000
TIME -0.00008192

# 820 MHz (Incoherent)
TIME +0.00002048
C 1                819.593 58097.5201101115902  205.679                 0.00000
C 1                819.593 58097.5212749323288  271.052                 0.00000
1                819.594 58097.5223236735167  135.697                 0.00000
1                813.917 58098.4955383797399   99.924                 0.00000
1                813.917 58098.4967035223702   83.693                 0.00000
1                813.917 58098.4977520379151  107.360                 0.00000
1                815.603 58101.4893149957327   94.620                 0.00000
1                815.603 58101.4916454757128  131.554                 0.00000
1                815.603 58101.4938593460124  148.911                 0.00000
C 1                819.104 58013.8087328319140  108.964                 0.00000
1                819.104 58013.8098978515938  126.909                 0.00000
1                819.104 58013.8110047065510   71.387                 0.00000
C 1                816.189 58131.4886088478309  174.628                 0.00000
1                816.189 58131.4909395521115  145.206                 0.00000
1                816.189 58131.4931530884331  132.551                 0.00000
1                822.479 58159.3298709297307   48.108                 0.00000
1                822.479 58159.3322012714968   68.805                 0.00000
1                822.479 58159.3344144292890   56.679                 0.00000
1                813.587 58185.2769421656934   74.268                 0.00000
1                813.587 58185.2792723041276   78.091                 0.00000
1                813.587 58185.2814863908345   69.661                 0.00000
1                819.998 58213.1783547135994  130.461                 0.00000
1                819.998 58213.1806849635657  144.569                 0.00000
1                819.998 58213.1828985775472   96.215                 0.00000
1                820.224 58237.1067799976375   61.157                 0.00000
1                820.224 58237.1091105426952   73.657                 0.00000
1                820.224 58237.1113239192562   89.729                 0.00000
1                870.236 58304.0123907390159   64.963                 0.00000
1                771.114 58304.0123908225835   75.275                 0.00000
1                870.236 58304.0137891156216   75.774                 0.00000
1                771.114 58304.0137891989593   66.134                 0.00000
1                870.236 58304.0151872113070   67.637                 0.00000
1                771.114 58304.0151872945150   62.711                 0.00000
1                870.236 58304.0165853083561   53.126                 0.00000
1                771.114 58304.0165853895203   55.568                 0.00000
1                870.236 58304.0178670370939   81.060                 0.00000
1                771.114 58304.0178671186677   85.000                 0.00000
TIME -0.00002048
