MODE 1
1                325.012 56478.2474024923506 16341.94
C 1                375.012 56478.2473954911002 28414.85
C 1                325.012 56478.2491476083825 45463.65
1                375.012 56478.2491657712449 10831.04

1                325.012 56746.0760917536284  3910.30
1                375.012 56746.0760895234989  9805.27
1                325.012 56746.0778569081751  4731.61
1                375.012 56746.0778549760556  8911.70


1                325.012 56752.2039309204696 11672.61
1                375.012 56752.2039286039131 15774.42
1                325.012 56752.2074192878966  5406.87
1                375.012 56752.2074171443181  7994.56


1                325.012 56773.0635640140309  5469.11
1                375.012 56773.0635619713725  7586.92
1                325.012 56773.0670525440717  3680.96
1                375.012 56773.0670504174312  6194.63


1                325.012 56929.6661580151356  4797.59
1                375.012 56929.6661558618075  7874.86
1                325.012 56929.6679230448948 26287.07
1                375.012 56929.6679211609586 17115.83


1                325.012 57089.3457142047516  5834.19
C 1                375.012 57089.3457026959693 21641.16
1                325.012 57089.3469751176651  6000.62
C 1                375.012 57089.3469620639334 15658.74


C 1                325.012 57090.0264987484088 10528.19
C 1                375.012 57090.0265103577824 21420.93
1                325.012 57090.0277596518001  8212.33
C 1                375.012 57090.0277739699293 13661.98


1                325.012 57090.5710259709130  6548.97
C 1                375.012 57090.5710198216410 22791.96
1                325.012 57090.5722868679580  7193.05
C 1                375.012 57090.5722846975866 29773.14


1                325.012 57092.2605490199114  3812.12
C 1                375.012 57092.2605512692871  9930.01
1                325.012 57092.2618098392745  6668.08
C 1                375.012 57092.2618227219621 24263.91


1                325.012 57094.1879592407012 12779.18
C 1                375.012 57094.1879708393896 13631.59
1                325.012 57094.1892200224889  4600.87
C 1                375.012 57094.1892423703985 14965.71


C 1                325.012 57097.1315750627928 17666.39
C 1                375.012 57097.1315789712436 15013.24
1                325.012 57097.1328564747299  6366.25
C 1                375.012 57097.1328542320722 20401.99


1                325.012 57215.8037299669055  9492.60
C 1                375.012 57215.8037369669705 39815.62
1                325.012 57215.8049905960254 12939.53
C 1                375.012 57215.8049970549025 30972.44
JUMP
t                119.681 56452.9399115132699  3910.806                 0.00000
C t                140.072 56452.9399446483599  19392.275                 0.00000
C t                158.718 56452.9399523717624  13006.536                 0.00000
C t                178.069 56452.9399402047336  9148.144                 0.00000
t                119.651 56452.9406259742959  1802.209                 0.00000
t                140.078 56452.9406505984716  2493.927                 0.00000
C t                158.696 56452.9406575507483  10009.363                 0.00000
C t                178.076 56452.9406514426246  6511.912                 0.00000
t                119.740 56452.9412983391943  1025.658                 0.00000
t                140.068 56452.9413230855106  1493.419                 0.00000
t                158.699 56452.9413126640480  2809.919                 0.00000
C t                178.088 56452.9413010101107  17344.260                 0.00000
t                119.643 56452.9420129412056  1116.046                 0.00000
t                140.118 56452.9420375201676  1760.341                 0.00000
t                158.675 56452.9420271537873  3595.589                 0.00000
C t                178.057 56452.9420250669631  15270.280                 0.00000
t                119.586 56452.9426854912303  1047.127                 0.00000
t                140.154 56452.9427099642079  1794.310                 0.00000
t                158.694 56452.9426995710933  4479.222                 0.00000
C t                177.982 56452.9427057172182  8123.772                 0.00000
JUMP
