MODE 1
EFACS 1.7004511192621798
1                350.012 57213.8200268325685  2046.74
1                350.012 57448.1692518794140  1582.47
1                350.012 57474.1136330829367  1074.14
1                350.012 57480.1533768368664   357.28
1                350.012 57509.1557366205329   214.99
1                350.012 57509.2265126158689   841.44
1                350.012 57535.8982137556707   784.12
1                350.012 57536.9167688567458   773.12
1                350.012 57537.8783609010073   835.48
1                350.012 57539.8782113845358   540.59
1                350.012 57542.0261197733959   964.34
1                350.012 57570.9001916419438   438.22
1                350.012 57637.6463691516227  1205.57
1                350.012 57700.4972681988743  1166.74
1                350.012 57728.4042901968788  1932.53
1                350.012 57813.2233332143926   313.02
