MODE 1
EFAC 1.2736

# 350 MHz (Incoherent)
TIME +0.00008192
1                344.639 57449.3330316937514  138.317                 0.00000
1                344.639 57449.3341973809185   72.849                 0.00000
1                344.639 57449.3352460481471   79.955                 0.00000
1                344.804 57451.3531244173868  158.261                 0.00000
1                344.804 57451.3542901111042  134.608                 0.00000
1                344.804 57451.3554552606373  130.238                 0.00000
1                344.563 57453.3191541995565  111.920                 0.00000
1                344.563 57453.3203200750923  155.422                 0.00000
1                344.563 57453.3213687525977  166.146                 0.00000
1                344.630 57475.2268627420399   86.026                 0.00000
1                344.630 57475.2280285651415  147.979                 0.00000
1                344.630 57475.2291935680772  113.528                 0.00000
1                344.637 57478.2197836123769  126.061                 0.00000
1                344.637 57478.2221141738227   68.345                 0.00000
1                344.637 57478.2243278903513  104.462                 0.00000
1                344.736 57479.1765153516301   84.629                 0.00000
1                344.736 57479.1776813584149  116.820                 0.00000
1                344.736 57479.1788465513564   75.093                 0.00000
1                344.639 57511.0576035195989  124.273                 0.00000
1                344.639 57511.0587693029546  105.994                 0.00000
1                344.639 57511.0598179682447  154.484                 0.00000
1                344.587 57536.0959483945830   83.305                 0.00000
1                344.587 57536.0971142950236   71.979                 0.00000
1                344.587 57536.0982793805487   85.312                 0.00000
1                344.767 57539.9026380803533   80.372                 0.00000
1                344.767 57539.9038039836671  100.167                 0.00000
1                344.767 57539.9048525807117  108.843                 0.00000
1                344.639 57539.9339692348961   91.954                 0.00000
1                344.639 57539.9351350488037   80.888                 0.00000
1                344.639 57539.9363001344792   88.091                 0.00000
1                335.565 57541.8919206755017  100.349                 0.00000
1                335.565 57541.8930865784218  103.162                 0.00000
1                335.565 57541.8942515793167  166.264                 0.00000
1                330.162 57541.8980356288474  273.112                 0.00000
1                330.162 57541.8987345713656  116.903                 0.00000
1                330.162 57541.8997831707976  142.137                 0.00000
1                344.639 57541.9504622592384  101.520                 0.00000
1                344.639 57541.9516281647736  109.604                 0.00000
1                344.639 57541.9527932531266   84.432                 0.00000
1                344.639 57569.9813532908016   73.367                 0.00000
1                344.639 57569.9825192036952   93.033                 0.00000
1                344.639 57569.9835678114633   62.601                 0.00000
1                344.639 57637.7832516482743   75.103                 0.00000
1                344.639 57637.7844175065832   64.537                 0.00000
1                344.639 57637.7855825470314   82.968                 0.00000
1                334.972 57662.6335177678371  147.680                 0.00000
1                334.972 57662.6342168402531  193.487                 0.00000
C 1                334.972 57662.6347993336326  184.014                 0.00000
1                344.838 57696.6048993179013   53.674                 0.00000
1                344.838 57696.6072299469533   47.449                 0.00000
1                344.838 57696.6094435535870   58.847                 0.00000
1                344.838 57696.6124751285450   71.329                 0.00000
1                344.838 57696.6134082140079  126.705                 0.00000
1                344.838 57696.6141072567775  144.326                 0.00000
1                344.767 57698.6032169743699   65.444                 0.00000
1                344.767 57698.6043827386077   82.529                 0.00000
1                344.767 57698.6055477787539   62.141                 0.00000
1                340.196 57699.6164808149433   78.005                 0.00000
1                340.196 57699.6176467599856   69.014                 0.00000
1                340.196 57699.6188117984431   73.027                 0.00000
1                344.232 57700.5103801979145   68.491                 0.00000
1                344.232 57700.5113133685100  114.117                 0.00000
1                344.232 57700.5121288835563  116.999                 0.00000
1                344.639 57728.4165944018010   88.984                 0.00000
1                344.639 57728.4172946051265  252.412                 0.00000
1                344.639 57728.4179937236730  258.360                 0.00000
1                344.771 57751.3193048057221  121.670                 0.00000
1                344.771 57751.3204707131415  156.220                 0.00000
1                344.771 57751.3216358039426  129.955                 0.00000
1                344.755 57756.4485284712974  128.612                 0.00000
1                344.755 57756.4494615241629  120.127                 0.00000
1                344.755 57756.4502771068001  183.382                 0.00000
1                344.639 57756.4616764115137  132.714                 0.00000
1                344.639 57756.4626094683576  107.024                 0.00000
1                344.639 57756.4635416147253  114.587                 0.00000
1                344.639 57763.3065733819056  194.516                 0.00000
1                344.639 57763.3077392967877   97.367                 0.00000
1                344.639 57763.3089042965042  146.639                 0.00000
1                341.608 57789.2507764700348  192.444                 0.00000
1                341.608 57789.2524081196212  123.112                 0.00000
1                341.608 57789.2538528038698  119.776                 0.00000
1                343.540 57791.2095058028571  153.864                 0.00000
1                343.540 57791.2118363008341  155.488                 0.00000
1                343.540 57791.2140499617813  144.049                 0.00000
1                344.564 57792.3082202918471  104.648                 0.00000
1                344.564 57792.3103179357074   89.176                 0.00000
1                344.564 57792.3124150395658  151.701                 0.00000
1                343.404 57813.2968163388913  158.157                 0.00000
1                343.404 57813.2979821214117  176.866                 0.00000
1                343.404 57813.2991472651240  210.102                 0.00000
1                344.639 57819.2205664268296  157.919                 0.00000
1                344.639 57819.2217322990436  133.771                 0.00000
1                344.639 57819.2227808824479  192.851                 0.00000
1                344.240 58057.4971637323501  128.737                 0.00000
1                344.240 58057.4983295967423  107.907                 0.00000
1                344.240 58057.4993781704854  142.609                 0.00000
1                344.767 58085.5617354614313  125.037                 0.00000
1                344.767 58085.5629012024859   88.522                 0.00000
1                344.767 58085.5640663091994  139.931                 0.00000
1                343.690 58087.4648255692498  119.797                 0.00000
1                343.690 58087.4659914041310  157.422                 0.00000
1                343.690 58087.4671565052746  123.195                 0.00000
1                344.639 58088.5140081759803   91.526                 0.00000
1                344.639 58088.5163387444854   70.483                 0.00000
1                344.639 58088.5185523876418   72.021                 0.00000
1                344.639 58107.3635061039340   88.814                 0.00000
1                344.639 58107.3646720986557  219.532                 0.00000
1                344.639 58107.3658371961036  117.899                 0.00000
1                344.639 58109.3787492228652  127.994                 0.00000
1                344.639 58109.3799151315496  190.387                 0.00000
1                344.639 58109.3810800412060  125.590                 0.00000
1                344.639 58171.1890732977268  180.013                 0.00000
1                344.639 58171.1902391547591  117.275                 0.00000
1                344.639 58171.1912877175897  220.264                 0.00000
1                344.639 58172.1911102243738  236.690                 0.00000
1                344.639 58172.1922761719436  147.370                 0.00000
1                344.639 58172.1933247390421  145.688                 0.00000
1                344.639 58173.2029853999860  181.689                 0.00000
1                344.639 58173.2041512513202  153.004                 0.00000
1                344.639 58173.2053163871765   98.412                 0.00000
1                344.767 58174.1635410852730  160.289                 0.00000
1                344.767 58174.1647069468726  171.113                 0.00000
1                344.767 58174.1657555150947  129.640                 0.00000
1                344.639 58175.3237030399025  131.538                 0.00000
1                344.639 58175.3248689120777  137.793                 0.00000
1                344.639 58175.3260339549687  254.810                 0.00000
1                344.639 58200.2200498419530  145.032                 0.00000
1                344.639 58200.2223803776258   93.470                 0.00000
1                344.639 58200.2245940669731   78.598                 0.00000
1                342.054 58201.0992041888996  134.109                 0.00000
1                342.054 58201.1013017610867   93.558                 0.00000
1                342.054 58201.1031659192979  135.136                 0.00000
1                344.639 58202.1520245986240  139.081                 0.00000
1                344.639 58202.1531905940993  120.789                 0.00000
1                344.639 58202.1542390213603  117.285                 0.00000
1                344.639 58202.2451150533418  112.932                 0.00000
1                344.639 58202.2462809622042  161.638                 0.00000
1                344.639 58202.2474460504801  170.249                 0.00000
1                344.878 58204.0800572994201  125.590                 0.00000
1                344.878 58204.0812231132617  139.157                 0.00000
1                344.878 58204.0822717257266  185.268                 0.00000
1                344.639 58205.0773299709906  103.911                 0.00000
1                344.639 58205.0796605214717  110.016                 0.00000
1                344.639 58205.0818741305458  109.749                 0.00000
1                345.176 58228.0124457037603  145.097                 0.00000
1                345.176 58228.0147763218742  123.322                 0.00000
1                345.176 58228.0169899146999   99.905                 0.00000
1                342.282 58229.0090964480136  159.057                 0.00000
1                342.282 58229.0102623955119  210.518                 0.00000
1                342.282 58229.0114275261623  135.993                 0.00000
1                344.767 58229.1397215920858  133.895                 0.00000
1                344.767 58229.1408874477823  127.452                 0.00000
1                344.767 58229.1420525810095  149.697                 0.00000
1                344.207 58230.0061913448874  187.161                 0.00000
1                344.207 58230.0073572079110  192.590                 0.00000
1                344.207 58230.0084058552069  151.662                 0.00000
1                348.755 58234.0044595174498  159.290                 0.00000
1                348.755 58234.0067900663933  121.679                 0.00000
1                348.755 58234.0085376334966  213.162                 0.00000
1                344.380 58234.1346254175097   82.159                 0.00000
1                344.380 58234.1381211060681  107.388                 0.00000
1                344.380 58234.1414998535738  135.983                 0.00000
1                344.380 58234.1804589243246   77.887                 0.00000
1                344.380 58234.1839544327280   93.850                 0.00000
1                344.380 58234.1873331818495  105.048                 0.00000
1                343.895 58249.0006903138199   88.797                 0.00000
1                343.895 58249.0040962412672   76.551                 0.00000
1                343.895 58249.0075644968304  112.211                 0.00000
1                344.240 58250.0110724383406   99.499                 0.00000
1                344.240 58250.0145679134707  103.052                 0.00000
1                344.240 58250.0179466275992  144.334                 0.00000
1                343.506 58254.9600421738489   86.578                 0.00000
1                343.506 58254.9635376635154   72.865                 0.00000
1                343.506 58254.9669330010681   90.930                 0.00000
TIME -0.00008192

# 820 MHz (Incoherent)
TIME +0.00002048
1                867.704 58013.8000170661654   87.572                 0.00000
1                770.048 58013.8000171088297   98.778                 0.00000
1                867.704 58013.8011823612458  150.607                 0.00000
1                770.048 58013.8011824065591  122.117                 0.00000
1                867.704 58013.8022310830161  140.470                 0.00000
1                770.048 58013.8022311314691   77.019                 0.00000
1                869.190 58042.6233158353673  147.553                 0.00000
1                770.048 58042.6233158873577   68.287                 0.00000
1                869.190 58042.6244810852750  164.667                 0.00000
1                770.048 58042.6244811395977  123.469                 0.00000
C 1                869.190 58042.6255296670826  319.315                 0.00000
1                770.048 58042.6255296436349  107.371                 0.00000
1                869.805 58070.5757040667483  186.816                 0.00000
1                770.047 58070.5757040351283  206.868                 0.00000
1                869.805 58070.5780343125869  169.121                 0.00000
1                770.047 58070.5780343693457  125.206                 0.00000
1                869.805 58070.5802478995504  117.887                 0.00000
1                770.047 58070.5802479540624  174.822                 0.00000
1                866.532 58095.5180264593850   92.707                 0.00000
1                770.048 58095.5180264989781  102.089                 0.00000
1                866.532 58095.5191917414736   99.501                 0.00000
1                770.048 58095.5191917800398   83.284                 0.00000
1                866.532 58095.5202403650903  123.055                 0.00000
1                770.048 58095.5202404051093  105.883                 0.00000
1                867.313 58097.5085510343353   82.417                 0.00000
1                770.047 58097.5085510777618  145.811                 0.00000
1                867.313 58097.5108815925753   78.062                 0.00000
1                770.047 58097.5108816349014   83.831                 0.00000
1                867.313 58097.5130951324939   79.867                 0.00000
1                770.047 58097.5130951772163   86.037                 0.00000
1                866.923 58098.5050904488266  119.210                 0.00000
1                770.047 58098.5050904894674   78.742                 0.00000
1                866.923 58098.5074207340290   64.267                 0.00000
1                770.047 58098.5074207744061   69.337                 0.00000
1                866.923 58098.5096343657523   84.178                 0.00000
1                770.047 58098.5096344034851  106.496                 0.00000
1                869.999 58101.5015371375269   61.445                 0.00000
1                770.047 58101.5015371969121   67.523                 0.00000
1                869.999 58101.5040422221843   77.443                 0.00000
1                770.047 58101.5040422779424   75.602                 0.00000
1                869.999 58101.5060810476524   62.247                 0.00000
1                770.047 58101.5060811052871   61.936                 0.00000
1                869.387 58103.5392688441952   76.770                 0.00000
1                770.047 58103.5392688968554   90.236                 0.00000
1                869.387 58103.5415990316624  100.186                 0.00000
1                770.047 58103.5415990884750   72.454                 0.00000
1                869.387 58103.5438126595926   85.150                 0.00000
1                770.047 58103.5438127126111  136.045                 0.00000
1                869.805 58131.4764332011381  146.348                 0.00000
1                770.047 58131.4764332572544   97.514                 0.00000
1                869.805 58131.4787633934333  112.717                 0.00000
1                770.047 58131.4787634483000  108.418                 0.00000
1                869.805 58131.4809770175638  205.115                 0.00000
1                770.047 58131.4809770724606   93.404                 0.00000
1                866.531 58185.2647318339313   84.674                 0.00000
1                770.047 58185.2647318713074   66.186                 0.00000
1                866.531 58185.2670491674994   71.504                 0.00000
1                770.047 58185.2670492077258  106.196                 0.00000
1                866.531 58185.2692757841036   70.943                 0.00000
1                770.047 58185.2692758229945   96.681                 0.00000
1                869.999 58213.1662839443213  116.323                 0.00000
1                779.699 58213.1662839213787  127.541                 0.00000
1                869.999 58213.1684392540007   88.812                 0.00000
1                779.699 58213.1684393223416   87.631                 0.00000
1                869.999 58213.1706530716806   91.879                 0.00000
1                779.699 58213.1706530506852   84.309                 0.00000
1                869.999 58237.0887208092406   52.276                 0.00000
1                773.984 58237.0887208337894   52.089                 0.00000
1                869.999 58237.0933812875155   42.220                 0.00000
1                773.984 58237.0933813123026   53.573                 0.00000
1                869.999 58237.0979251892626   43.795                 0.00000
1                773.984 58237.0979252144287   48.147                 0.00000
1                869.999 58266.0825635559670   57.724                 0.00000
1                771.756 58266.0825636002412   59.233                 0.00000
1                869.999 58266.0872238033008   64.103                 0.00000
1                771.756 58266.0872238489064  115.112                 0.00000
1                869.999 58266.0917676511922   53.325                 0.00000
1                771.756 58266.0917676950822   82.774                 0.00000
TIME -0.00002048
