MODE 1
EFAC 1.2066

# 350 MHz (Incoherent; orig 350_FT3.tim, EMAX 30.0)
TIME +0.00008192
1                345.159 57906.0572330738031    9.671                 0.00000
1                345.159 57906.0583989440466   11.221                 0.00000
1                345.159 57906.0594475219104   15.914                 0.00000
C 1                345.158 57906.8477828871203   23.957                 0.00000
1                345.158 57906.8505794120505   10.136                 0.00000
C 1                345.159 57906.8529095894890   37.255                 0.00000
1                346.437 57908.0398951093996    8.715                 0.00000
1                346.437 57908.0410609641276    8.567                 0.00000
1                346.437 57908.0422260351772    9.684                 0.00000
1                346.408 57909.0351613106757    6.778                 0.00000
1                346.408 57909.0363271874701    5.542                 0.00000
1                346.408 57909.0374922582121    6.828                 0.00000
1                348.805 57909.2205664116670    7.535                 0.00000
1                348.805 57909.2217322687519    8.508                 0.00000
1                348.805 57909.2228973643432    8.761                 0.00000
1                344.131 57997.5913186938693   22.582                 0.00000
C 1                344.131 57997.5923680330236   51.463                 0.00000
1                344.131 57997.5935331445353   24.165                 0.00000
1                349.999 57997.6935061881169   19.660                 0.00000
1                349.999 57997.6946720583675   16.160                 0.00000
1                349.999 57997.6957206186307   15.402                 0.00000
1                348.791 57998.6658831325056   19.465                 0.00000
1                348.791 57998.6682136576978   15.083                 0.00000
1                348.791 57998.6704273226947   18.349                 0.00000
1                348.461 57999.8039344765489   25.420                 0.00000
1                348.461 57999.8051003434280   27.560                 0.00000
1                348.461 57999.8061489013640   29.761                 0.00000
C 1                348.461 58000.6210872569229   30.401                 0.00000
1                348.461 58000.6222531225919   24.996                 0.00000
1                348.461 58000.6233016793941   26.527                 0.00000
1                348.461 58002.7117700640348   20.152                 0.00000
1                348.461 58002.7129359489239   20.181                 0.00000
1                348.461 58002.7139845241040   23.997                 0.00000
1                345.397 58051.5742585197099   19.987                 0.00000
1                345.397 58051.5754244201585   17.129                 0.00000
1                345.397 58051.5764729780464   14.043                 0.00000
1                345.307 58057.5066427763528    9.998                 0.00000
1                345.307 58057.5078086164467   19.924                 0.00000
1                345.307 58057.5088571803893   12.430                 0.00000
1                343.448 58058.4911352897785   24.300                 0.00000
1                343.448 58058.4927669650727   13.925                 0.00000
1                343.448 58058.4942815667002   28.531                 0.00000
1                342.755 58079.4501960292147   17.913                 0.00000
1                342.755 58079.4513619113711   17.747                 0.00000
1                342.755 58079.4524104773559   15.446                 0.00000
1                345.861 58079.4992469555418   15.375                 0.00000
1                345.861 58079.5004127795025   16.531                 0.00000
1                345.861 58079.5015778647163   14.089                 0.00000
1                345.039 58079.5425339753546   14.972                 0.00000
1                345.039 58079.5436998522807   16.529                 0.00000
1                345.039 58079.5448649010027   13.235                 0.00000
1                344.817 58079.5986335344961   16.586                 0.00000
1                344.817 58079.5997993941236   19.570                 0.00000
1                344.817 58079.6009644696733   12.801                 0.00000
1                345.861 58079.6472562001682   23.669                 0.00000
1                345.861 58079.6484220328550   19.919                 0.00000
1                345.861 58079.6495871269069   18.892                 0.00000
1                345.720 58081.5365039074521   18.047                 0.00000
1                345.720 58081.5376697646048   23.817                 0.00000
1                345.721 58081.5387183471265   15.874                 0.00000
1                345.257 58081.6767700861129   25.395                 0.00000
1                345.257 58081.6779359674256   28.039                 0.00000
1                345.258 58081.6789845318658   16.453                 0.00000
1                345.016 58082.5233441665723   11.984                 0.00000
1                345.016 58082.5245100437614   26.763                 0.00000
1                345.016 58082.5256751151788   17.161                 0.00000
1                344.817 58085.5709714886825    8.973                 0.00000
1                344.817 58085.5721373171000   11.122                 0.00000
1                344.817 58085.5733024513810   10.564                 0.00000
1                345.562 58085.7071833243202   18.799                 0.00000
1                345.562 58085.7076512930306   22.440                 0.00000
1                345.562 58085.7081173355495   19.751                 0.00000
1                346.931 58107.5510412915518   20.346                 0.00000
C 1                346.931 58107.5522067956530   44.057                 0.00000
C 1                346.931 58107.5533718963300   39.916                 0.00000
1                345.087 58109.5918399067650    8.996                 0.00000
1                345.087 58109.5930053885905   17.768                 0.00000
1                345.087 58109.5941705123065    8.477                 0.00000
1                345.087 58109.5953355913224    9.265                 0.00000
1                345.087 58109.5965006706877   10.304                 0.00000
1                345.087 58109.5976074961629    9.072                 0.00000
1                346.944 58111.6433214295821   13.166                 0.00000
1                346.944 58111.6444869079755   12.087                 0.00000
1                346.944 58111.6456519609594   10.832                 0.00000
1                346.944 58111.6468170363301   14.495                 0.00000
1                346.944 58111.6479821119279   12.369                 0.00000
1                346.944 58111.6490889328676   23.876                 0.00000
C Added the following to eclipse.tim
SKIP
1                346.001 58116.4133338173762   29.785                 0.00000
1                346.001 58116.4147322494852   43.816                 0.00000
1                346.001 58116.4161250599383   18.001                 0.00000
1                346.001 58116.4175284142907    8.563                 0.00000
1                346.001 58116.4189265314821    8.785                 0.00000
1                346.001 58116.4203246262349    9.948                 0.00000
NOSKIP
1                346.001 58116.4217227427965    8.162                 0.00000
1                346.001 58116.4231208368344    7.356                 0.00000
1                346.001 58116.4245189307699    7.252                 0.00000
1                346.001 58116.4259170468342    7.398                 0.00000
1                346.001 58116.4273151626050    8.842                 0.00000
1                346.001 58116.4287132779829    7.326                 0.00000
1                346.001 58116.4301113709638    8.710                 0.00000
1                346.001 58116.4315094859867    7.557                 0.00000
1                346.001 58116.4327910707208   10.603                 0.00000
TIME -0.00008192

# 820 MHz (Coherent fold; orig 820_F2T5_coh-fold.tim, EMAX 12.0)
TIME +0.00000384
C 1                870.000 58097.5420934008684   19.645                 0.00000
1                770.780 58097.5420934176055    3.852                 0.00000
C 1                870.000 58097.5443281857734   13.784                 0.00000
1                770.780 58097.5443282029747    4.055                 0.00000
1                870.000 58097.5465629708695   10.254                 0.00000
1                770.780 58097.5465629881391    4.650                 0.00000
C 1                870.000 58097.5487977480960   18.894                 0.00000
1                770.780 58097.5487977507267    4.579                 0.00000
C 1                870.000 58097.5509704586363   25.653                 0.00000
1                770.780 58097.5509704756256    3.522                 0.00000
1                870.000 58098.5713684692407   10.814                 0.00000
1                771.134 58098.5713684625632    3.025                 0.00000
1                870.000 58098.5750930931073   10.699                 0.00000
1                771.134 58098.5750930865783    3.437                 0.00000
1                870.000 58098.5788177153131   10.975                 0.00000
1                771.134 58098.5788177089097    3.797                 0.00000
1                870.000 58098.5825423361080    8.645                 0.00000
1                771.134 58098.5825423296563    3.075                 0.00000
1                870.000 58098.5859565382254    9.408                 0.00000
1                771.134 58098.5859565320474    3.727                 0.00000
C Added the following to eclipse.tim
SKIP
1                820.781 58095.5388274540049   14.933                 0.00000
1                820.781 58095.5403173108911   12.253                 0.00000
1                820.781 58095.5418071214860    6.730                 0.00000
1                820.781 58095.5432969774933    5.663                 0.00000
1                820.781 58095.5447868107956    5.180                 0.00000
1                820.781 58095.5462766884830    5.949                 0.00000
1                820.781 58095.5477665211000    6.428                 0.00000
1                820.781 58095.5492563755831    6.231                 0.00000
1                820.781 58095.5507462295894    5.269                 0.00000
1                818.129 58095.5517488988054   10.119                 0.00000
NOSKIP
TIME -0.00000384

# 820 MHz (Coherent search; orig 820_F2T5_coh-search.tim, EMAX 12.0)
TIME +0.00033152
1                869.205 58004.9126793081842    2.766                 0.00000                 
1                770.781 58004.9126793008833    4.350                 0.00000                 
1                869.205 58004.9138447930603    2.610                 0.00000                 
1                770.781 58004.9138447859192    5.252                 0.00000                 
1                869.205 58004.9150087332417    2.799                 0.00000                 
1                770.781 58004.9150087258899    5.867                 0.00000                 
1                869.205 58004.9161726959701    2.598                 0.00000                 
1                770.781 58004.9161726886010    5.870                 0.00000                 
1                869.205 58004.9168710111389    4.746                 0.00000                 
C 1                770.781 58004.9168710037174   14.370                 0.00000                 
TIME -0.00033152

# 820 MHz (Incoherent, orig 820_F2T5.tim, EMAX 10.0)
TIME +0.00002048
1                866.922 57927.9473418669917    5.216                 0.00000
1                781.767 57927.9473418618301    6.214                 0.00000
1                866.922 57927.9480412724898    3.931                 0.00000
1                781.767 57927.9480412673584    6.985                 0.00000
1                866.922 57927.9487403421547    3.673                 0.00000
C 1                781.767 57927.9487403369772   10.515                 0.00000
1                866.922 57927.9494393893329    5.487                 0.00000
1                781.767 57927.9494393841620    4.960                 0.00000
1                866.923 57927.9500219512446    5.496                 0.00000
1                781.767 57927.9500219461214    9.861                 0.00000
1                819.999 57927.9556884824192    4.723                 0.00000
1                819.999 57927.9568537630824    6.399                 0.00000
1                819.999 57927.9579023337907    8.383                 0.00000
C 1                819.999 57927.9857425456484   11.952                 0.00000
1                819.999 57927.9892378565466    2.716                 0.00000
C 1                819.999 57927.9926166382102   20.987                 0.00000
1                819.999 57927.9965296168693    8.643                 0.00000
1                819.999 57928.0000248873566    3.048                 0.00000
C 1                819.999 57928.0034036735317   20.075                 0.00000
1                866.196 58101.5133397429887    5.887                 0.00000
1                773.172 58101.5133397427357    2.681                 0.00000
1                866.196 58101.5147380268372    5.597                 0.00000
1                773.172 58101.5147380265629    2.910                 0.00000
1                866.196 58101.5161361320468    5.324                 0.00000
1                773.172 58101.5161361316851    3.210                 0.00000
1                866.196 58101.5175342150646    3.911                 0.00000
1                773.172 58101.5175342147335    2.925                 0.00000
1                866.196 58101.5188158121054    4.857                 0.00000
1                773.173 58101.5188158116695    2.648                 0.00000
1                866.922 58101.5341622869849    4.457                 0.00000
1                770.047 58101.5341622767883    2.309                 0.00000
1                866.922 58101.5357935719397    4.096                 0.00000
1                770.047 58101.5357935617549    2.695                 0.00000
1                866.922 58101.5374246782347    3.830                 0.00000
1                770.047 58101.5374246679894    2.664                 0.00000
1                866.922 58101.5390558073737    6.391                 0.00000
1                770.047 58101.5390557971004    2.563                 0.00000
1                866.922 58101.5406869144785    4.549                 0.00000
1                770.047 58101.5406869042897    2.706                 0.00000
1                869.999 57936.0491821631469    1.025                 0.00000
1                770.048 57936.0491821602430    1.216                 0.00000
1                869.999 57936.0498815249042    1.072                 0.00000
1                770.048 57936.0498815220270    1.243                 0.00000
1                869.999 57936.0505805731599    1.032                 0.00000
1                770.048 57936.0505805702597    1.261                 0.00000
1                869.999 57936.0512795990150    1.093                 0.00000
1                770.048 57936.0512795961019    1.256                 0.00000
1                869.999 57936.0518621615614    1.164                 0.00000
1                770.048 57936.0518621586938    1.523                 0.00000
C 1                869.999 57985.8881636725606   12.180                 0.00000
1                770.048 57985.8881636697533    8.057                 0.00000
C 1                869.999 57985.8888630318227   11.910                 0.00000
1                770.048 57985.8888630288487    5.441                 0.00000
1                869.999 57985.8895620776833    8.974                 0.00000
1                770.048 57985.8895620746129    7.835                 0.00000
1                869.999 57985.8902611456025    9.617                 0.00000
1                770.048 57985.8902611428822    7.534                 0.00000
C 1                869.999 57985.8908436649399   22.654                 0.00000
1                770.048 57985.8908436619310    8.636                 0.00000
1                870.185 58013.8173071564685    4.393                 0.00000
1                769.291 58013.8173071565781    5.222                 0.00000
1                870.185 58013.8180065376576    5.205                 0.00000
1                769.291 58013.8180065379718    7.692                 0.00000
1                870.185 58013.8187055831206    6.065                 0.00000
1                769.291 58013.8187055833030    4.849                 0.00000
1                870.185 58013.8194046063916    5.024                 0.00000
1                769.291 58013.8194046063589    5.587                 0.00000
1                870.185 58013.8199871517455    6.604                 0.00000
1                769.292 58013.8199871519232    9.167                 0.00000
1                869.795 58042.6406173679643    9.298                 0.00000
C 1                770.048 58042.6406173648230   11.524                 0.00000
1                869.795 58042.6413167339860    9.778                 0.00000
1                770.048 58042.6413167305763    5.470                 0.00000
C 1                869.795 58042.6420157867920   19.951                 0.00000
1                770.048 58042.6420157827949    5.504                 0.00000
C 1                869.795 58042.6427148385068   17.087                 0.00000
1                770.048 58042.6427148350369    7.834                 0.00000
C 1                869.796 58042.6432973744534   28.036                 0.00000
1                770.048 58042.6432973711450    8.407                 0.00000
1                870.209 58070.5875063553861    3.991                 0.00000
1                769.912 58070.5875063534690    8.345                 0.00000
1                870.209 58070.5889046503409    4.696                 0.00000
1                769.912 58070.5889046484301    8.988                 0.00000
1                870.209 58070.5903027217065    3.491                 0.00000
1                769.912 58070.5903027198931    9.154                 0.00000
1                870.209 58070.5917008382326    3.993                 0.00000
1                769.912 58070.5917008365430    9.818                 0.00000
1                870.209 58070.5929824433546    4.479                 0.00000
1                769.912 58070.5929824414022    8.858                 0.00000
C Added the following to eclipse.tim
SKIP
1                816.683 58098.5892904378547    5.082                 0.00000
1                816.683 58098.5911546153838    4.861                 0.00000
1                816.683 58098.5930187474318    5.399                 0.00000
1                816.684 58098.5948246692008    5.858                 0.00000
1                817.964 58098.5967469844712    5.878                 0.00000
1                817.964 58098.5986111822773    6.741                 0.00000
1                817.964 58098.6004714396088    4.652                 0.00000
1                817.964 58098.6022812098534    7.870                 0.00000
1                817.876 58098.6042035043903    6.184                 0.00000
1                817.876 58098.6060676999929    8.679                 0.00000
1                817.876 58098.6078569167857    8.947                 0.00000
1                817.876 58098.6097377014611   11.501                 0.00000
1                817.385 58098.6116600617081    7.897                 0.00000
1                817.385 58098.6135242552517    7.878                 0.00000
1                817.385 58098.6153884263805    9.345                 0.00000
1                817.385 58098.6171942740499    9.858                 0.00000
1                821.358 58098.6191166198823    9.566                 0.00000
1                821.358 58098.6209807893185   10.190                 0.00000
1                821.358 58098.6228449345045   17.952                 0.00000
1                821.358 58098.6246508031147   17.602                 0.00000
1                815.134 58098.6265731539064   13.968                 0.00000
1                815.134 58098.6284373198241   15.866                 0.00000
1                815.134 58098.6303014631182    7.926                 0.00000
1                815.135 58098.6321073293674    9.811                 0.00000
1                820.572 58098.6340296428732    5.964                 0.00000
1                820.572 58098.6358938742809    6.119                 0.00000
1                820.572 58098.6377580155632    4.968                 0.00000
1                820.572 58098.6395639019552    6.250                 0.00000
1                814.895 58098.6414862457985    4.887                 0.00000
1                814.895 58098.6433504297827    4.013                 0.00000
1                814.895 58098.6452145686949    3.084                 0.00000
1                814.895 58098.6470204306759    3.104                 0.00000
NOSKIP
1                814.107 58098.6489427354930    2.779                 0.00000
1                814.107 58098.6508068954643    2.560                 0.00000
1                814.107 58098.6526710548520    2.142                 0.00000
1                814.107 58098.6544769370905    2.149                 0.00000
1                818.385 58098.6563993149821    2.680                 0.00000
1                818.385 58098.6582634953519    2.277                 0.00000
1                818.385 58098.6601276303628    2.384                 0.00000
1                818.385 58098.6619335108237    2.614                 0.00000
1                817.416 58098.6638558572184    2.490                 0.00000
1                817.416 58098.6657200356962    2.537                 0.00000
1                817.416 58098.6675841241617    2.837                 0.00000
1                817.416 58098.6693900252623    2.570                 0.00000
1                813.746 58098.6713123553359    2.231                 0.00000
1                813.746 58098.6731765321887    2.308                 0.00000
1                813.746 58098.6750406638403    2.801                 0.00000
1                813.746 58098.6768465857844    2.344                 0.00000
1                818.041 58098.6790602063531    2.053                 0.00000
1                818.041 58098.6815069447364    2.217                 0.00000
1                818.041 58098.6839536154140    2.294                 0.00000
1                818.041 58098.6863420314767    2.567                 0.00000
1                870.526 58131.5000502015694    5.214                 0.00000
1                769.198 58131.5000502029444    2.245                 0.00000
1                870.526 58131.5007495864138    3.785                 0.00000
1                769.198 58131.5007495878327    2.054                 0.00000
1                870.526 58131.5014486130399    4.517                 0.00000
1                769.198 58131.5014486144107    1.818                 0.00000
1                870.526 58131.5021476619808    4.366                 0.00000
1                769.198 58131.5021476632767    1.736                 0.00000
1                870.526 58131.5027302249706    5.513                 0.00000
1                769.198 58131.5027302264524    1.864                 0.00000
1                868.868 58159.3412654672852    4.246                 0.00000
1                770.445 58159.3412654604381    6.024                 0.00000
1                868.868 58159.3419648441521    5.190                 0.00000
1                770.445 58159.3419648372881    6.157                 0.00000
1                868.868 58159.3426638850968    3.874                 0.00000
1                770.445 58159.3426638781928    5.226                 0.00000
1                868.868 58159.3433629708245    4.298                 0.00000
1                770.445 58159.3433629639909    4.556                 0.00000
1                868.868 58159.3439455235128    4.577                 0.00000
C 1                770.445 58159.3439455165280   10.509                 0.00000
C 1                870.566 58185.2883720060610    6.343                 0.00000
1                770.104 58185.2883720042588    3.538                 0.00000
1                870.566 58185.2890713646195    5.483                 0.00000
1                770.104 58185.2890713629289    4.034                 0.00000
1                870.566 58185.2897704098396    9.009                 0.00000
1                770.104 58185.2897704082638    4.481                 0.00000
1                870.566 58185.2904694776230    6.731                 0.00000
1                770.104 58185.2904694760239    4.559                 0.00000
1                870.566 58185.2910520082132    8.516                 0.00000
1                770.104 58185.2910520062495    4.279                 0.00000
C 1                869.952 58213.1897376876679   14.803                 0.00000
1                770.817 58213.1897377045906    3.118                 0.00000
1                869.952 58213.1904370659174    9.480                 0.00000
1                770.817 58213.1904370825185    4.646                 0.00000
C 1                869.952 58213.1911361440229   26.792                 0.00000
1                770.817 58213.1911361470619    4.522                 0.00000
C 1                869.952 58213.1918351500025   15.770                 0.00000
1                770.817 58213.1918351668877    4.307                 0.00000
C 1                869.952 58213.1924177155289   12.119                 0.00000
1                770.817 58213.1924177320447    5.335                 0.00000
C 1                870.082 58237.1181405096327   11.147                 0.00000
C 1                768.346 58237.1181405130005   18.999                 0.00000
1                870.082 58237.1188398885268    6.351                 0.00000
1                768.346 58237.1188398916192    7.266                 0.00000
1                870.082 58237.1195389318102    6.537                 0.00000
C 1                768.346 58237.1195389352205   12.246                 0.00000
1                870.082 58237.1202379751447    6.496                 0.00000
C 1                768.346 58237.1202379782915   11.151                 0.00000
C 1                870.082 58237.1208205372473   11.876                 0.00000
C 1                768.346 58237.1208205405167   15.042                 0.00000
1                870.204 58266.1119830747575    6.525                 0.00000
1                769.576 58266.1119830739664    5.539                 0.00000
1                870.204 58266.1126824572838    5.777                 0.00000
1                769.576 58266.1126824565781    6.601                 0.00000
1                870.204 58266.1133815266192    5.717                 0.00000
1                769.576 58266.1133815257190    5.891                 0.00000
1                870.204 58266.1140805510675    7.043                 0.00000
1                769.576 58266.1140805502498    7.331                 0.00000
1                870.204 58266.1146631349278    5.984                 0.00000
1                769.576 58266.1146631340842    6.855                 0.00000
1                870.143 58304.0243326012738    7.236                 0.00000
C 1                772.111 58304.0243325984445   14.709                 0.00000
C 1                870.143 58304.0250319983892   16.705                 0.00000
C 1                772.111 58304.0250319814425   14.201                 0.00000
1                870.143 58304.0257310366998    8.653                 0.00000
C 1                772.111 58304.0257310272261   12.692                 0.00000
C 1                870.143 58304.0264300756445   15.010                 0.00000
C 1                772.111 58304.0264300585367   11.575                 0.00000
1                870.143 58304.0270126263975    8.053                 0.00000
C 1                772.111 58304.0270126119164   18.486                 0.00000
TIME -0.00002048
