MODE 1
EFACS 1.8640304021125835
1                350.012 57385.4746088222453   266.36
1                350.012 57452.3132940911302   284.27
1                350.012 57480.1690184182930    82.99
1                350.012 57509.1711614670885   146.88
1                350.012 57570.9235985349825   112.63
1                350.012 57637.7445924085405   138.51
1                350.012 57789.2573323451997   416.68
1                350.012 57813.2336103147232   290.92
1                350.012 57813.3028968945731   491.84
1                350.012 57814.2782986943300   291.31
1                350.012 57817.2860249890130   229.49
1                350.012 57817.2966911082730   448.46
1                350.012 57818.3812357928365   160.43
1                350.012 57819.3405024983560   220.57
