 guppi_57509_1239+32_00    387.108  57509.0105550134747    0.00   34.16        1
 guppi_57509_1239+32_00    362.787  57509.0105550542899    0.00   23.90        1
 guppi_57509_1239+32_00    337.508  57509.0105550306397    0.00   15.51        1
 guppi_57509_1239+32_00    312.647  57509.0105550089944    0.00   19.55        1
 guppi_57536_1239+32_00    387.125  57536.8773458266135    0.00   27.89        1
 guppi_57536_1239+32_00    360.876  57536.8773458245521    0.00   13.78        1
 guppi_57536_1239+32_00    337.890  57536.8773458284743    0.00    9.43        1
 guppi_57536_1239+32_00    312.890  57536.8773458641196    0.00   10.34        1
 guppi_57536_1239+32_00    387.185  57536.8800971822160    0.00   25.01        1
 guppi_57536_1239+32_00    361.550  57536.8800972126782    0.00   14.56        1
 guppi_57536_1239+32_00    337.890  57536.8800971853383    0.00    8.33        1
 guppi_57536_1239+32_00    312.890  57536.8800972207673    0.00    9.13        1
 guppi_57570_1239+32_00    387.139  57570.7924433235867    0.00   36.39        1
 guppi_57570_1239+32_00    362.441  57570.7924433231324    0.00   26.50        1
 guppi_57570_1239+32_00    337.890  57570.7924433256765    0.00   20.20        1
 guppi_57570_1239+32_00    312.890  57570.7924433611080    0.00   18.13        1
 guppi_57607_1239+32_00    387.282  57607.7063443621528    0.00   40.12        1
 guppi_57607_1239+32_00    362.533  57607.7063443632416    0.00   26.26        1
 guppi_57607_1239+32_00    337.890  57607.7063443690804    0.00   13.13        1
 guppi_57607_1239+32_00    312.890  57607.7063444054804    0.00   23.75        1
 guppi_57637_1239+32_00    387.199  57637.6052807354012    0.00   38.17        1
 guppi_57637_1239+32_00    361.322  57637.6052807748397    0.00   44.10        1
 guppi_57637_1239+32_00    337.890  57637.6052807401410    0.00   29.03        1
 guppi_57637_1239+32_00    312.890  57637.6052807755973    0.00   38.38        1
 guppi_57662_1239+32_00    387.108  57662.5375484769328    0.00   69.86        1
 guppi_57662_1239+32_00    362.916  57662.5375485157868    0.00   43.76        1
 guppi_57662_1239+32_00    337.838  57662.5375484820080    0.00   21.12        1
 guppi_57662_1239+32_00    312.890  57662.5375485156460    0.00   23.74        1
C guppi_57700_1239+32_00    388.151  57700.4594349766162    0.00  122.45        1
 guppi_57700_1239+32_00    359.524  57700.4594349962281    0.00   25.57        1
 guppi_57700_1239+32_00    337.776  57700.4594349592013    0.00   13.82        1
 guppi_57700_1239+32_00    312.890  57700.4594349901100    0.00   11.31        1
C guppi_57728_1239+32_00    387.882  57728.3792734006907    0.00  107.04        1
C guppi_57728_1239+32_00    360.504  57728.3792733821455    0.00   49.60        1
 guppi_57728_1239+32_00    337.890  57728.3792733716294    0.00   34.39        1
 guppi_57728_1239+32_00    312.890  57728.3792734078635    0.00   35.41        1
C guppi_57754_1239+32_00    387.625  57754.2939683920674    0.00  156.02        1
 guppi_57754_1239+32_00    361.635  57754.2939683839213    0.00   76.33        1
 guppi_57754_1239+32_00    337.776  57754.2939683645627    0.00   35.56        1
 guppi_57754_1239+32_00    312.890  57754.2939683949030    0.00   48.40        1
 GUPPI_1239+32_56807_82    387.933  56807.9606084355937    0.00   44.22        1
 GUPPI_1239+32_56807_82    362.112  56807.9606084138432    0.00   26.22        1
 GUPPI_1239+32_56807_82    337.483  56807.9606084232526    0.00   18.01        1
 GUPPI_1239+32_56807_82    312.386  56807.9606084137025    0.00   22.15        1
 GUPPI_1239+32_56807_82    387.623  56807.9637164915387    0.00   42.07        1
 GUPPI_1239+32_56807_82    362.215  56807.9637164574683    0.00   22.09        1
 GUPPI_1239+32_56807_82    337.418  56807.9637164727504    0.00   18.42        1
 GUPPI_1239+32_56807_82    312.414  56807.9637164589794    0.00   23.96        1
 GUPPI_1239+32_56807_82    387.609  56807.9655838877180    0.00   57.44        1
 GUPPI_1239+32_56807_82    362.261  56807.9655838518003    0.00   68.10        1
 GUPPI_1239+32_56807_82    337.421  56807.9655838692830    0.00   33.01        1
 GUPPI_1239+32_56807_82    312.420  56807.9655838544988    0.00   57.18        1
 GUPPI_1239+32_56808_12    387.801  56808.1467199154531    0.00   43.52        1
 GUPPI_1239+32_56808_12    361.935  56808.1467198964719    0.00   29.43        1
 GUPPI_1239+32_56808_12    337.504  56808.1467198984763    0.00   13.46        1
 GUPPI_1239+32_56808_12    312.474  56808.1467198856005    0.00   17.45        1
 GUPPI_1239+32_56808_12    387.709  56808.1498096514943    0.00   44.53        1
 GUPPI_1239+32_56808_12    362.219  56808.1498096189938    0.00   31.23        1
 GUPPI_1239+32_56808_12    337.527  56808.1498096304500    0.00   15.67        1
 GUPPI_1239+32_56808_12    312.489  56808.1498096173686    0.00   18.47        1
 GUPPI_1239+32_56808_66    387.552  56808.7752191918320    0.00   49.21        1
 GUPPI_1239+32_56808_66    362.953  56808.7752191858059    0.00   46.05        1
 GUPPI_1239+32_56808_66    337.355  56808.7752191732765    0.00   30.55        1
 GUPPI_1239+32_56808_66    312.465  56808.7752191546982    0.00   22.64        1
 GUPPI_1239+32_56808_66    387.521  56808.7783644121474    0.00   50.03        1
 GUPPI_1239+32_56808_66    362.696  56808.7783643602527    0.00   39.54        1
 GUPPI_1239+32_56808_66    337.371  56808.7783643932622    0.00   30.85        1
 GUPPI_1239+32_56808_66    312.494  56808.7783643736281    0.00   20.42        1
C GUPPI_1239+32_56808_66    387.518  56808.7802248941745    0.00  183.41        1
 GUPPI_1239+32_56808_66    362.623  56808.7802248442165    0.00   79.79        1
 GUPPI_1239+32_56808_66    337.357  56808.7802248753549    0.00   56.02        1
 GUPPI_1239+32_56808_66    312.508  56808.7802248546425    0.00   38.93        1
 GUPPI_1239+32_56809_73    387.303  56809.8487074920243    0.00   34.40        1
 GUPPI_1239+32_56809_73    362.276  56809.8487075005398    0.00   24.81        1
 GUPPI_1239+32_56809_73    337.422  56809.8487075177390    0.00   19.66        1
 GUPPI_1239+32_56809_73    312.457  56809.8487075022806    0.00   16.15        1
 GUPPI_1239+32_56809_73    387.333  56809.8518555126601    0.00   51.25        1
 GUPPI_1239+32_56809_73    362.287  56809.8518555228346    0.00   26.40        1
 GUPPI_1239+32_56809_73    337.420  56809.8518555402478    0.00   20.78        1
 GUPPI_1239+32_56809_73    312.432  56809.8518555263182    0.00   17.68        1
 GUPPI_1239+32_56809_73    387.240  56809.8537203746745    0.00   65.22        1
 GUPPI_1239+32_56809_73    362.194  56809.8537203865268    0.00   80.46        1
 GUPPI_1239+32_56809_73    337.389  56809.8537204023344    0.00   36.39        1
 GUPPI_1239+32_56809_73    312.428  56809.8537203867247    0.00   34.48        1
 GUPPI_1239+32_56810_03    387.979  56810.0416405295920    0.00   40.61        1
 GUPPI_1239+32_56810_03    360.577  56810.0416405066888    0.00   27.24        1
 GUPPI_1239+32_56810_03    337.476  56810.0416405173644    0.00   21.21        1
 GUPPI_1239+32_56810_03    312.460  56810.0416405040031    0.00   17.02        1
 GUPPI_1239+32_56810_03    387.919  56810.0447851120832    0.00   38.37        1
 GUPPI_1239+32_56810_03    360.910  56810.0447850773210    0.00   22.50        1
 GUPPI_1239+32_56810_03    337.478  56810.0447850995262    0.00   19.44        1
 GUPPI_1239+32_56810_03    312.449  56810.0447850865993    0.00   16.27        1
C GUPPI_1239+32_56810_03    387.808  56810.0466478842048    0.00   76.58        1
 GUPPI_1239+32_56810_03    361.170  56810.0466478848702    0.00   61.59        1
 GUPPI_1239+32_56810_03    337.460  56810.0466478632729    0.00   63.50        1
 GUPPI_1239+32_56810_03    312.450  56810.0466478488436    0.00   27.42        1
 GUPPI_1239+32_56813_79    387.620  56813.9227883993043    0.00   34.65        1
 GUPPI_1239+32_56813_79    361.033  56813.9227883510324    0.00   31.58        1
 GUPPI_1239+32_56813_79    337.422  56813.9227883803991    0.00   17.76        1
 GUPPI_1239+32_56813_79    312.463  56813.9227883642264    0.00   19.45        1
 GUPPI_1239+32_56813_79    387.653  56813.9259287496099    0.00   39.71        1
 GUPPI_1239+32_56813_79    361.223  56813.9259287513057    0.00   29.81        1
 GUPPI_1239+32_56813_79    337.426  56813.9259287326651    0.00   19.59        1
 GUPPI_1239+32_56813_79    312.458  56813.9259287170286    0.00   20.16        1
C GUPPI_1239+32_56813_79    387.663  56813.9277945348582    0.00   90.17        1
 GUPPI_1239+32_56813_79    361.199  56813.9277945388569    0.00   48.03        1
 GUPPI_1239+32_56813_79    337.429  56813.9277945185576    0.00   46.52        1
 GUPPI_1239+32_56813_79    312.465  56813.9277945020062    0.00   37.31        1
 GUPPI_1239+32_56814_69    387.145  56814.8039229872228    0.00   74.71        1
 GUPPI_1239+32_56814_69    362.374  56814.8039229881083    0.00   36.01        1
 GUPPI_1239+32_56814_69    337.423  56814.8039230087329    0.00   21.49        1
 GUPPI_1239+32_56814_69    312.486  56814.8039229914110    0.00   14.67        1
 GUPPI_1239+32_56814_69    387.180  56814.8070627582915    0.00   44.21        1
 GUPPI_1239+32_56814_69    362.554  56814.8070627560202    0.00   39.29        1
 GUPPI_1239+32_56814_69    337.422  56814.8070627832433    0.00   20.68        1
 GUPPI_1239+32_56814_69    312.504  56814.8070627643371    0.00   16.94        1
C GUPPI_1239+32_56814_69    387.167  56814.8089280267745    0.00   68.50        1
 GUPPI_1239+32_56814_69    362.557  56814.8089280201929    0.00   82.86        1
 GUPPI_1239+32_56814_69    337.452  56814.8089280466210    0.00   64.65        1
 GUPPI_1239+32_56814_69    312.508  56814.8089280294236    0.00   39.23        1
 GUPPI_1239+32_56814_75    387.370  56814.8702043586393    0.00   75.09        1
 GUPPI_1239+32_56814_75    361.974  56814.8702043796434    0.00   50.00        1
 GUPPI_1239+32_56814_75    337.464  56814.8702043856089    0.00   22.24        1
 GUPPI_1239+32_56814_75    312.452  56814.8702043722605    0.00   20.16        1
 GUPPI_1239+32_56814_75    387.521  56814.8733509871295    0.00   44.78        1
 GUPPI_1239+32_56814_75    361.603  56814.8733509716222    0.00   54.43        1
 GUPPI_1239+32_56814_75    337.431  56814.8733509655882    0.00   18.89        1
 GUPPI_1239+32_56814_75    312.437  56814.8733509514217    0.00   21.47        1
C GUPPI_1239+32_56814_75    387.558  56814.8750386410823    0.00  129.70        1
C GUPPI_1239+32_56814_75    361.755  56814.8750386671077    0.00  240.83        1
 GUPPI_1239+32_56814_75    337.399  56814.8750386694691    0.00   50.86        1
 GUPPI_1239+32_56814_75    312.450  56814.8750386540083    0.00   45.54        1
 GUPPI_1239+32_56815_80    387.822  56815.9380725567675    0.00   69.23        1
 GUPPI_1239+32_56815_80    361.023  56815.9380725152985    0.00   45.58        1
 GUPPI_1239+32_56815_80    337.493  56815.9380725410132    0.00   22.81        1
 GUPPI_1239+32_56815_80    312.531  56815.9380725239986    0.00   16.22        1
 GUPPI_1239+32_56815_80    387.751  56815.9412199945132    0.00   80.34        1
 GUPPI_1239+32_56815_80    361.218  56815.9412199971259    0.00   32.28        1
 GUPPI_1239+32_56815_80    337.485  56815.9412199749636    0.00   23.91        1
 GUPPI_1239+32_56815_80    312.478  56815.9412199616668    0.00   18.08        1
C GUPPI_1239+32_56815_80    387.732  56815.9430840960852    0.00  113.42        1
C GUPPI_1239+32_56815_80    361.209  56815.9430841030127    0.00  124.52        1
C GUPPI_1239+32_56815_80    337.468  56815.9430840785993    0.00   51.71        1
 GUPPI_1239+32_56815_80    312.485  56815.9430840648209    0.00   49.28        1
 GUPPI_1239+32_56816_06    387.607  56816.0819243179375    0.00   53.27        1
 GUPPI_1239+32_56816_06    362.049  56816.0819242886171    0.00   40.28        1
 GUPPI_1239+32_56816_06    337.469  56816.0819242965524    0.00   26.72        1
 GUPPI_1239+32_56816_06    312.455  56816.0819242827261    0.00   25.90        1
 GUPPI_1239+32_56835_67    387.524  56835.7869641329438    0.00   19.79        1
 GUPPI_1239+32_56835_67    362.297  56835.7869640930532    0.00   16.67        1
 GUPPI_1239+32_56835_67    337.513  56835.7869641069129    0.00   12.47        1
 GUPPI_1239+32_56835_67    312.507  56835.7869640930427    0.00   20.00        1
 GUPPI_1239+32_56835_67    387.544  56835.7901074184118    0.00   23.84        1
 GUPPI_1239+32_56835_67    362.272  56835.7901073804886    0.00   14.81        1
 GUPPI_1239+32_56835_67    337.499  56835.7901073943117    0.00   14.48        1
 GUPPI_1239+32_56835_67    312.496  56835.7901073801846    0.00   15.52        1
 GUPPI_1239+32_56836_66    387.550  56836.7658303138393    0.00   20.51        1
 GUPPI_1239+32_56836_66    362.328  56836.7658302745604    0.00   11.79        1
 GUPPI_1239+32_56836_66    337.478  56836.7658302908299    0.00   13.30        1
 GUPPI_1239+32_56836_66    312.425  56836.7658302793924    0.00   12.51        1
 GUPPI_1239+32_56836_66    387.552  56836.7689741288472    0.00   18.23        1
 GUPPI_1239+32_56836_66    362.326  56836.7689740893386    0.00   11.78        1
 GUPPI_1239+32_56836_66    337.485  56836.7689741054348    0.00   14.72        1
 GUPPI_1239+32_56836_66    312.439  56836.7689740931827    0.00   13.00        1
 GUPPI_1239+32_56836_66    387.544  56836.7708381842502    0.00   46.84        1
 GUPPI_1239+32_56836_66    362.301  56836.7708381453365    0.00   27.30        1
 GUPPI_1239+32_56836_66    337.483  56836.7708381600051    0.00   33.25        1
 GUPPI_1239+32_56836_66    312.438  56836.7708381483540    0.00   27.49        1
 GUPPI_1239+32_57063_24    390.334  57063.2863420525251    0.00   39.40        1
 GUPPI_1239+32_57063_24    355.104  57063.2863420699477    0.00   45.10        1
 GUPPI_1239+32_57063_24    337.420  57063.2863420538273    0.00   23.68        1
 GUPPI_1239+32_57063_24    312.618  57063.2863420304928    0.00   20.94        1
 GUPPI_1239+32_57063_24    390.310  57063.2895312237052    0.00   43.76        1
 GUPPI_1239+32_57063_24    355.030  57063.2895312441404    0.00   47.43        1
 GUPPI_1239+32_57063_24    337.462  57063.2895312230163    0.00   29.60        1
 GUPPI_1239+32_57063_24    312.601  57063.2895312018273    0.00   28.58        1
C GUPPI_1239+32_57063_24    390.363  57063.2913929785663    0.00   61.89        1
C GUPPI_1239+32_57063_24    355.083  57063.2913930015106    0.00   94.60        1
 GUPPI_1239+32_57063_24    337.447  57063.2913929834800    0.00   70.64        1
 GUPPI_1239+32_57063_24    312.600  57063.2913929614280    0.00   65.92        1
 GUPPI_1239+32_57448_14    388.890  57448.1649322510608    0.00   51.99        1
 GUPPI_1239+32_57448_14    357.927  57448.1649322384257    0.00   49.25        1
 GUPPI_1239+32_57448_14    337.319  57448.1649322716311    0.00   23.47        1
 GUPPI_1239+32_57448_14    312.482  57448.1649322503429    0.00   28.30        1
 GUPPI_1239+32_57474_09    389.004  57474.1079653569884    0.00   70.55        1
 GUPPI_1239+32_57474_09    357.698  57474.1079653544017    0.00   49.41        1
 GUPPI_1239+32_57474_09    337.377  57474.1079653778768    0.00   26.83        1
 GUPPI_1239+32_57474_09    312.505  57474.1079653579351    0.00   27.25        1
 GUPPI_1239+32_57474_09    388.995  57474.1096593686900    0.00   77.92        1
C GUPPI_1239+32_57474_09    357.196  57474.1096593760688    0.00  176.62        1
 GUPPI_1239+32_57474_09    337.432  57474.1096593881361    0.00   76.15        1
C GUPPI_1239+32_57474_09    312.505  57474.1096593683817    0.00   95.29        1
 GUPPI_GBNCC35124_56054    387.584  56054.1305789788795    0.00   75.48        1
 GUPPI_GBNCC35124_56054    362.241  56054.1305789429614    0.00   63.83        1
 GUPPI_GBNCC35124_56054    337.464  56054.1305789562137    0.00   40.13        1
 GUPPI_GBNCC35124_56054    312.464  56054.1305789423094    0.00   59.80        1
 VEGAS_1239+32_59411_79    389.907  59411.9173080859432    0.00   66.02        1
 VEGAS_1239+32_59411_79    355.767  59411.9173080687288    0.00   48.82        1
 VEGAS_1239+32_59411_79    337.348  59411.9173080785288    0.00   22.49        1
 VEGAS_1239+32_59411_79    312.449  59411.9173080599736    0.00   13.73        1
 VEGAS_1239+32_59411_79    389.884  59411.9206860784937    0.00   68.03        1
 VEGAS_1239+32_59411_79    355.598  59411.9206860668243    0.00   32.42        1
 VEGAS_1239+32_59411_79    337.346  59411.9206860702394    0.00   20.84        1
 VEGAS_1239+32_59411_79    312.437  59411.9206860523411    0.00   14.89        1
C VEGAS_1239+32_59411_79    389.859  59411.9224889133821    0.00  148.83        1
C VEGAS_1239+32_59411_79    355.052  59411.9224889108030    0.00  217.71        1
 VEGAS_1239+32_59411_79    337.384  59411.9224888989213    0.00   56.50        1
 VEGAS_1239+32_59411_79    312.428  59411.9224888822555    0.00   42.62        1
 VEGAS_1239+32_59411_86    389.747  59412.0013231223235    0.00   55.10        1
 VEGAS_1239+32_59411_86    356.659  59412.0013231238169    0.00   29.18        1
 VEGAS_1239+32_59411_86    337.321  59412.0013231124866    0.00   18.12        1
 VEGAS_1239+32_59411_86    312.451  59412.0013230930424    0.00   14.10        1
C VEGAS_1239+32_59411_86    389.639  59412.0047022768665    0.00   86.49        1
 VEGAS_1239+32_59411_86    356.730  59412.0047022739758    0.00   50.12        1
 VEGAS_1239+32_59411_86    337.346  59412.0047022646370    0.00   17.30        1
 VEGAS_1239+32_59411_86    312.435  59412.0047022469267    0.00   12.71        1
C VEGAS_1239+32_59411_86    389.794  59412.0065053432775    0.00  180.01        1
C VEGAS_1239+32_59411_86    356.292  59412.0065053444931    0.00   98.08        1
C VEGAS_1239+32_59411_86    337.296  59412.0065053782092    0.00   94.20        1
 VEGAS_1239+32_59411_86    312.423  59412.0065053583893    0.00   52.29        1
 GUPPI_1239+32_57985_77    864.721  57985.8988512817165    0.00   60.58        1
 GUPPI_1239+32_57985_77    770.803  57985.8988512904744    0.00   18.09        1
 GUPPI_1239+32_58013_72    866.581  58013.8423552237187    0.00   35.40        1
 GUPPI_1239+32_58013_72    769.693  58013.8423552402433    0.00   44.87        1
 GUPPI_1239+32_58042_56    865.279  58042.6568578124854    0.00   11.86        1
 GUPPI_1239+32_58042_56    769.201  58042.6568578274369    0.00   28.48        1
 GUPPI_1239+32_58070_48    865.855  58070.5603245087790    0.00   31.01        1
 GUPPI_1239+32_58070_48    770.022  58070.5603245215932    0.00    9.62        1
 GUPPI_1239+32_58103_50    866.379  58103.5872119697547    0.00    9.01        1
 GUPPI_1239+32_58103_50    770.458  58103.5872119830014    0.00    6.72        1
 GUPPI_1239+32_58131_45    866.370  58131.5239721968192    0.00   44.08        1
 GUPPI_1239+32_58131_45    770.173  58131.5239722115292    0.00   52.58        1
 GUPPI_1239+32_58159_26    866.503  58159.3117700847646    0.00   13.80        1
 GUPPI_1239+32_58159_26    769.688  58159.3117701014398    0.00   16.89        1
 GUPPI_1239+32_58185_26    866.117  58185.3108257758933    0.00   19.60        1
 GUPPI_1239+32_58185_26    773.831  58185.3108257767611    0.00    8.07        1
 GUPPI_1239+32_58213_18    866.307  58213.2129433382035    0.00   34.15        1
 GUPPI_1239+32_58213_18    772.728  58213.2129433433321    0.00   26.94        1
 GUPPI_1239+32_58237_11    866.075  58237.1373745822348    0.00   27.59        1
 GUPPI_1239+32_58237_11    770.163  58237.1373745949856    0.00   31.05        1
 GUPPI_J1239+32_57079_3    865.464  57079.4223277550062    0.00   17.64        1
 GUPPI_J1239+32_57079_3    769.357  57079.4223277700954    0.00   16.16        1
 GUPPI_J1239+32_57079_3    865.653  57079.4258265429054    0.00   23.68        1
 GUPPI_J1239+32_57079_3    769.420  57079.4258265582550    0.00   14.49        1
 GUPPI_J1239+32_57079_3    865.845  57079.4292622170597    0.00   22.13        1
 GUPPI_J1239+32_57079_3    769.393  57079.4292622322513    0.00   19.51        1
 GUPPI_J1239+32_57100_1    865.083  57100.2324903041542    0.00   79.79        1
 GUPPI_J1239+32_57100_1    769.568  57100.2324903168014    0.00   49.17        1
 GUPPI_J1239+32_57100_1    865.016  57100.2359247970896    0.00   53.73        1
 GUPPI_J1239+32_57100_1    769.611  57100.2359248109906    0.00   42.79        1
 GUPPI_J1239+32_57130_1    864.041  57130.1844171690277    0.00   15.06        1
 GUPPI_J1239+32_57130_1    771.593  57130.1844171725591    0.00   27.79        1
 GUPPI_J1239+32_57130_1    863.541  57130.1875046986115    0.00   16.56        1
 GUPPI_J1239+32_57130_1    771.641  57130.1875047007298    0.00   26.38        1
 GUPPI_J1239+32_57163_1    864.111  57163.1358180618037    0.00   25.34        1
 GUPPI_J1239+32_57163_1    771.540  57163.1358180659320    0.00   12.59        1
 GUPPI_J1239+32_57163_1    864.083  57163.1389087887548    0.00   25.22        1
 GUPPI_J1239+32_57163_1    771.342  57163.1389087935279    0.00   14.17        1
 GUPPI_J1239+32_57193_0    865.773  57193.0972843228721    0.00   49.28        1
 GUPPI_J1239+32_57193_0    768.801  57193.0972843407822    0.00   21.24        1
 GUPPI_J1239+32_57193_0    865.781  57193.1007926644646    0.00   37.72        1
 GUPPI_J1239+32_57193_0    768.608  57193.1007926823713    0.00   21.22        1
C GUPPI_J1239+32_57193_0    865.729  57193.1042290196046    0.00   41.35        1
 GUPPI_J1239+32_57193_0    768.653  57193.1042290364063    0.00   23.72        1
 GUPPI_J1239+32_57222_7    865.473  57222.9063514184063    0.00    6.44        1
 GUPPI_J1239+32_57222_7    769.024  57222.9063514345050    0.00   19.58        1
 GUPPI_J1239+32_57222_7    865.552  57222.9098459029852    0.00    5.74        1
 GUPPI_J1239+32_57222_7    769.014  57222.9098459187520    0.00   29.60        1
 GUPPI_J1239+32_57222_7    865.044  57222.9132872252976    0.00    6.31        1
 GUPPI_J1239+32_57222_7    769.198  57222.9132872396126    0.00   23.27        1
C GUPPI_J1239+32_57248_7    864.335  57248.8753389037901    0.00   78.70        1
 GUPPI_J1239+32_57248_7    771.881  57248.8753389033633    0.00   36.35        1
 GUPPI_J1239+32_57248_7    864.612  57248.8788389524499    0.00   56.26        1
 GUPPI_J1239+32_57248_7    770.964  57248.8788389602057    0.00   27.52        1
C GUPPI_J1239+32_57248_7    864.592  57248.8822657098101    0.00  118.35        1
 GUPPI_J1239+32_57248_7    770.332  57248.8822657196847    0.00   30.79        1
 GUPPI_J1239+32_57278_6    865.769  57278.7329534812699    0.00   13.98        1
 GUPPI_J1239+32_57278_6    769.536  57278.7329534964706    0.00   15.54        1
 GUPPI_J1239+32_57278_6    865.625  57278.7364485914445    0.00   14.35        1
 GUPPI_J1239+32_57278_6    769.443  57278.7364486064146    0.00   16.58        1
 GUPPI_J1239+32_57278_6    865.336  57278.7398824927666    0.00   14.80        1
 GUPPI_J1239+32_57278_6    769.544  57278.7398825064316    0.00   16.43        1
 GUPPI_J1239+32_57307_5    866.529  57307.6579054489997    0.00   26.98        1
 GUPPI_J1239+32_57307_5    769.567  57307.6579054657976    0.00   32.91        1
 GUPPI_J1239+32_57307_5    866.379  57307.6614075197912    0.00   28.55        1
 GUPPI_J1239+32_57307_5    769.547  57307.6614075370138    0.00   25.76        1
 GUPPI_J1239+32_57307_5    865.962  57307.6648375036228    0.00   24.11        1
 GUPPI_J1239+32_57307_5    769.644  57307.6648375190137    0.00   37.33        1
 GUPPI_J1239+32_57340_4    865.158  57340.5773985125915    0.00   28.27        1
 GUPPI_J1239+32_57340_4    768.807  57340.5773985285078    0.00   29.65        1
 GUPPI_J1239+32_57340_4    864.692  57340.5808921207299    0.00   34.39        1
 GUPPI_J1239+32_57340_4    769.506  57340.5808921336215    0.00   30.75        1
 GUPPI_J1239+32_57340_4    864.603  57340.5843269175455    0.00   31.93        1
 GUPPI_J1239+32_57340_4    769.395  57340.5843269298458    0.00   40.65        1
C GUPPI_J1239+32_57369_4    864.810  57369.5448482157756    0.00  120.40        1
 GUPPI_J1239+32_57369_4    773.546  57369.5448482156969    0.00   65.06        1
 GUPPI_J1239+32_57369_4    865.132  57369.5483291291262    0.00   52.27        1
 GUPPI_J1239+32_57369_4    771.531  57369.5483291368388    0.00   62.77        1
 GUPPI_J1239+32_57369_4    864.977  57369.5517540595230    0.00   54.13        1
 GUPPI_J1239+32_57369_4    771.711  57369.5517540644335    0.00   66.25        1
 GUPPI_J1239+32_57399_4    865.166  57399.5250917659799    0.00   26.55        1
 GUPPI_J1239+32_57399_4    766.878  57399.5250917890377    0.00   21.83        1
 GUPPI_J1239+32_57399_4    865.167  57399.5285838791538    0.00   28.66        1
 GUPPI_J1239+32_57399_4    766.746  57399.5285839026623    0.00   21.52        1
 GUPPI_J1239+32_57399_4    865.286  57399.5320281121167    0.00   22.26        1
 GUPPI_J1239+32_57399_4    766.471  57399.5320281371398    0.00   20.05        1
 guppi_57533_1239+32_00    866.692  57533.0573887641185    0.00    5.45        1
 guppi_57533_1239+32_00    768.103  57533.0573887867527    0.00   12.22        1
 guppi_57533_1239+32_00    866.569  57533.0608151883070    0.00    5.35        1
 guppi_57533_1239+32_00    768.092  57533.0608152103117    0.00   12.37        1
