MODE 1
EFAC 1.2961

# 350 MHz (Incoherent, EMAX 45.0)
TIME +0.00008192
1                378.201 57909.0408557534913   36.732                 0.00000
1                325.011 57909.0408557475348   15.855                 0.00000
1                378.201 57909.0420215593467   22.049                 0.00000
1                325.011 57909.0420215538045   16.265                 0.00000
1                378.201 57909.0431866257110   32.493                 0.00000
1                325.011 57909.0431866188682   14.973                 0.00000
C 1                377.586 57992.0307862613210   51.422                 0.00000
1                325.011 57992.0307862575357   26.213                 0.00000
1                377.586 57992.0319521546152   29.671                 0.00000
1                325.011 57992.0319521503467   39.701                 0.00000
1                377.586 57992.0330007294538   25.579                 0.00000
1                325.011 57992.0330007247803   27.964                 0.00000
1                377.179 57997.6977654709650   22.725                 0.00000
1                325.011 57997.6977654453392   28.328                 0.00000
1                377.179 57997.6989313488299   27.475                 0.00000
1                325.011 57997.6989313575702   25.268                 0.00000
1                377.180 57997.6999799531437   36.624                 0.00000
1                325.011 57997.6999799269419   43.950                 0.00000
1                377.686 57998.6746447196382   21.646                 0.00000
1                325.011 57998.6746446867591   20.372                 0.00000
1                377.686 57998.6769752875984   17.106                 0.00000
1                325.011 57998.6769752547359   14.207                 0.00000
1                377.686 57998.6791889546891   43.053                 0.00000
1                325.011 57998.6791889222334   17.731                 0.00000
1                345.312 57998.8814555332267   31.242                 0.00000
1                345.312 57998.8821558908303   26.115                 0.00000
1                345.312 57998.8828549023503   20.193                 0.00000
1                345.312 57998.8835539486634   29.011                 0.00000
1                345.312 57998.8841365200782   32.447                 0.00000
1                377.586 57999.8082631527126   40.539                 0.00000
1                325.011 57999.8082631486040   25.797                 0.00000
1                377.586 57999.8094290291505   29.962                 0.00000
1                325.011 57999.8094290247880   29.211                 0.00000
C 1                377.586 57999.8104775916343   64.283                 0.00000
1                325.011 57999.8104775873894   22.601                 0.00000
C 1                377.414 58000.7132226243129   57.679                 0.00000
C 1                325.011 58000.7132226349939   46.526                 0.00000
1                377.414 58000.7160192107130   20.936                 0.00000
1                325.011 58000.7160191975527   26.079                 0.00000
1                377.414 58000.7186988598499   43.058                 0.00000
1                325.011 58000.7186988809759   27.240                 0.00000
C 1                377.340 58000.7220305709972   46.846                 0.00000
C 1                325.011 58000.7220305581219   59.359                 0.00000
C 1                377.340 58000.7248271061738   65.004                 0.00000
1                325.011 58000.7248271227471   18.955                 0.00000
C 1                377.340 58000.7275068160613   34.582                 0.00000
C 1                325.011 58000.7275068245241   68.429                 0.00000
1                375.843 58002.7167932210053   35.403                 0.00000
1                325.011 58002.7167931928996   19.561                 0.00000
1                375.843 58002.7179591323415   40.534                 0.00000
1                325.011 58002.7179591371465   20.752                 0.00000
1                375.843 58002.7190076966025   32.120                 0.00000
1                325.011 58002.7190076668835   17.633                 0.00000
1                379.047 58051.5786104213979   34.180                 0.00000
1                325.011 58051.5786104264973   19.652                 0.00000
1                379.047 58051.5797762588684   38.808                 0.00000
1                325.011 58051.5797762303710   23.971                 0.00000
C 1                379.047 58051.5808248591498   41.496                 0.00000
1                325.011 58051.5808248286608   32.665                 0.00000
1                378.349 58057.5108789375927   41.939                 0.00000
1                325.059 58057.5108789366409   23.791                 0.00000
1                378.349 58057.5120447859317   23.402                 0.00000
1                325.059 58057.5120447839380   15.568                 0.00000
C 1                378.349 58057.5130933664586   53.585                 0.00000
1                325.059 58057.5130933654819   17.819                 0.00000
1                378.568 58079.4544553344202   34.729                 0.00000
1                325.059 58079.4544553436268   14.201                 0.00000
1                378.568 58079.4556211693758   31.247                 0.00000
1                325.059 58079.4556211799580   27.781                 0.00000
1                378.568 58079.4566697386448   32.897                 0.00000
1                325.059 58079.4566697493643   29.006                 0.00000
1                378.249 58081.5408441677691   33.625                 0.00000
1                325.011 58081.5408441985423   17.966                 0.00000
1                378.249 58081.5420099906053   32.721                 0.00000
1                325.011 58081.5420099884293   15.708                 0.00000
C 1                378.249 58081.5430585505667   63.014                 0.00000
1                325.011 58081.5430585481279   30.185                 0.00000
1                378.249 58082.5283325547515   23.165                 0.00000
1                325.011 58082.5283325530712   15.574                 0.00000
1                378.249 58082.5294984375629   22.389                 0.00000
1                325.011 58082.5294984347199   20.693                 0.00000
1                378.249 58082.5306634769618   27.309                 0.00000
1                325.011 58082.5306634750189   13.690                 0.00000
1                377.439 58085.5760293650331   27.315                 0.00000
1                325.318 58085.5760293623938   17.575                 0.00000
1                377.439 58085.5771952530700   28.291                 0.00000
1                325.318 58085.5771952499144   22.501                 0.00000
C 1                377.439 58085.5783603341178   54.557                 0.00000
1                325.318 58085.5783603316396   14.181                 0.00000
1                377.829 58087.4593858162339   27.064                 0.00000
1                325.011 58087.4593857915146   18.489                 0.00000
1                377.829 58087.4605517193358   44.119                 0.00000
1                325.011 58087.4605516962892   19.631                 0.00000
1                377.829 58087.4617167872296   24.568                 0.00000
1                325.011 58087.4617167619525   19.528                 0.00000
1                376.810 58088.4148761804770   36.445                 0.00000
1                325.059 58088.4148761990146   17.992                 0.00000
1                376.810 58088.4172067129600   43.959                 0.00000
1                325.059 58088.4172067319454   12.098                 0.00000
1                376.810 58088.4194203565828   39.144                 0.00000
1                325.059 58088.4194203754686   15.372                 0.00000
1                378.568 58107.5107863628919   27.634                 0.00000
1                325.011 58107.5107863768526   13.638                 0.00000
C 1                378.568 58107.5119521795906   49.582                 0.00000
1                325.011 58107.5119521601730   19.724                 0.00000
1                378.568 58107.5131172909680   34.368                 0.00000
1                325.011 58107.5131172718013   20.643                 0.00000
C 1                378.121 58109.3841890736602   53.898                 0.00000
1                325.011 58109.3841890982010   24.103                 0.00000
1                378.121 58109.3853549255968   34.945                 0.00000
1                325.011 58109.3853549165929   22.600                 0.00000
1                378.121 58109.3865200382293   27.117                 0.00000
1                325.011 58109.3865200292268   25.646                 0.00000
1                377.717 58116.3453431727539   24.451                 0.00000
1                324.819 58116.3453431588133   14.327                 0.00000
C 1                377.717 58116.3488386433258   49.950                 0.00000
1                324.819 58116.3488386291053   18.575                 0.00000
1                377.717 58116.3523339192098   29.209                 0.00000
1                324.819 58116.3523339049964   17.218                 0.00000
1                377.717 58116.3556677762499   32.911                 0.00000
1                324.819 58116.3556677619658   15.862                 0.00000
1                378.487 58116.3992705791346   26.811                 0.00000
1                325.011 58116.3992705557711   11.043                 0.00000
1                378.487 58116.4039311137491   27.615                 0.00000
1                325.011 58116.4039310903320   11.652                 0.00000
1                378.487 58116.4082420048954   27.585                 0.00000
1                325.011 58116.4082419810085   17.575                 0.00000
C 1                379.444 58116.5557058155161   62.177                 0.00000
C 1                325.011 58116.5557058147997   61.302                 0.00000
1                379.444 58116.5603663382537   39.636                 0.00000
1                325.011 58116.5603663302713   24.375                 0.00000
1                379.444 58116.5649101060216   26.832                 0.00000
1                325.011 58116.5649100980750   12.120                 0.00000
1                377.733 58116.5891685166585   33.907                 0.00000
1                325.011 58116.5891685206350   14.043                 0.00000
1                377.733 58116.5910331176704   29.368                 0.00000
1                325.011 58116.5910330884344   21.198                 0.00000
1                377.733 58116.5927807333318   44.350                 0.00000
1                325.011 58116.5927807049005   16.005                 0.00000
TIME -0.00008192

# 820 MHz (Incoherent, EMAX 45.0)
TIME +0.00002048
1                817.358 58131.5149516939503   11.190                 0.00000
1                817.358 58131.5172819645156   14.512                 0.00000
1                817.358 58131.5194956064741   11.865                 0.00000
1                814.109 58159.3473259013369   16.317                 0.00000
1                814.109 58159.3501221994831   18.505                 0.00000
1                814.109 58159.3528018728062   20.603                 0.00000
1                814.744 58185.2988906803230    5.822                 0.00000
1                814.744 58185.3023860215492    5.965                 0.00000
1                814.744 58185.3057647863269    5.794                 0.00000
1                819.508 58213.2037595438566   24.425                 0.00000
1                819.508 58213.2060898116334   19.208                 0.00000
1                819.508 58213.2083034577756   18.115                 0.00000
1                822.309 58237.1281576451437   13.071                 0.00000
1                822.309 58237.1304879160866   12.145                 0.00000
1                822.309 58237.1327015761637   13.626                 0.00000
1                821.758 58266.1214192703802   33.564                 0.00000
1                821.758 58266.1230504979193   17.123                 0.00000
1                821.758 58266.1244485800340   43.067                 0.00000
1                818.549 58304.0554262241972   21.531                 0.00000
1                818.549 58304.0577564994154   33.115                 0.00000
1                818.549 58304.0599701603360   22.905                 0.00000
1                819.407 58013.8217879764025   26.043                 0.00000
1                819.407 58013.8229532807986   27.129                 0.00000
1                819.407 58013.8240018839216   24.069                 0.00000
1                819.828 58042.6452023660125   22.688                 0.00000
1                819.828 58042.6463676294756   22.608                 0.00000
1                819.828 58042.6474161933141   24.618                 0.00000
1                819.407 58070.5958081684084   26.650                 0.00000
1                819.407 58070.5981384246465   23.550                 0.00000
C 1                819.407 58070.6003520948042   49.870                 0.00000
1                816.141 58095.5315218236133   22.757                 0.00000
1                816.141 58095.5326871268885   28.206                 0.00000
1                816.141 58095.5337356717904   20.413                 0.00000
1                816.141 58097.5335125725865   17.787                 0.00000
1                816.141 58097.5346778663903   26.431                 0.00000
1                816.141 58097.5357264378907   32.811                 0.00000
C 1                819.113 58098.5298088348220   49.680                 0.00000
1                819.113 58098.5309740758837   29.942                 0.00000
1                819.113 58098.5320227253555   18.127                 0.00000
1                819.113 58101.5263867971885   17.249                 0.00000
1                819.113 58101.5287170833592   17.197                 0.00000
1                819.113 58101.5309307895938   18.737                 0.00000
1                816.141 58103.5781461516588   16.973                 0.00000
1                816.141 58103.5804764074042   14.696                 0.00000
1                816.141 58103.5826900496169   11.945                 0.00000
TIME -0.00002048
