MODE 1
EFACS 1.3667856726641525
1                350.012 57215.9921411532904   345.92
1                350.012 57448.1885926051468   408.73
1                350.012 57452.3292253732126   395.78
1                350.012 57474.1744472838778   263.71
1                350.012 57480.1842832727462   160.91
1                350.012 57542.0701890216544   501.92
1                350.012 57570.9354156159811   245.68
1                350.012 57637.7617950007794   218.39
1                350.012 57813.2436699990452   237.08
