 1 350.01200000 57090.14236956354000085 1599.00000 1 
 1 350.01200000 57789.30654933430410125 1471.43000 1 
 1 350.01200000 57876.11144530712769907 3700.28000 1 
 1 350.01200000 58171.18285253481089825 1219.40000 1 
 1 350.01200000 58770.49255110614970121 1449.34000 1 
 1 350.01200000 58772.59587090656700070 1011.26000 1 
 1 350.01200000 58773.53205026109860043 732.79000 1 
 1 350.01200000 58874.35531331634729924 1125.35000 1 
 1 820.04900000 58925.37188055383860075 1846.37000 1 
 1 820.19500000 59064.87857631498640032 2842.14000 1 
 1 820.19500000 59073.12509817465669926 2254.94000 1 
