 guppi_57534_1434+72_00   1300.435  57534.0405821169858    0.00   55.14        1
 guppi_57534_1434+72_00   1695.639  57534.0405819710810    0.00   54.33        1
 guppi_57534_1434+72_00   1299.118  57534.0440186181711    0.00   64.67        1
 guppi_57534_1434+72_00   1694.601  57534.0440184684950    0.00   45.05        1
 guppi_57475_1434+72_00    375.272  57475.4624704656326    0.00   66.01        1
 guppi_57475_1434+72_00    325.325  57475.4624704363912    0.00   36.33        1
C guppi_57475_1434+72_00    377.275  57475.4641488029653    0.00  111.25        1
 guppi_57475_1434+72_00    324.565  57475.4641488457522    0.00   35.31        1
 guppi_57505_1434+72_00    374.592  57505.3458399843441    0.00   48.85        1
C guppi_57505_1434+72_00    325.390  57505.3458399411215    0.00   39.19        1
 guppi_57505_1434+72_00    374.741  57505.3475058138320    0.00   55.16        1
 guppi_57505_1434+72_00    325.049  57505.3475057831259    0.00   42.99        1
 guppi_57544_1434+72_00    377.024  57544.2605010287804    0.00   62.71        1
 guppi_57544_1434+72_00    325.390  57544.2605010379728    0.00   32.00        1
 guppi_57544_1434+72_00    377.239  57544.2639317186868    0.00   53.30        1
 guppi_57544_1434+72_00    325.390  57544.2639317331515    0.00   31.01        1
 guppi_57571_1434+72_00    374.829  57571.1470155885703    0.00   78.60        1
 guppi_57571_1434+72_00    325.393  57571.1470155474698    0.00   35.72        1
C guppi_57571_1434+72_00    374.865  57571.1504124356541    0.00   93.85        1
 guppi_57571_1434+72_00    325.397  57571.1504123935602    0.00   34.03        1
 guppi_57608_1434+72_00    377.437  57608.1131697739613    0.00   40.91        1
 guppi_57608_1434+72_00    325.390  57608.1131697921941    0.00   18.97        1
 guppi_57608_1434+72_00    376.008  57608.1159071386933    0.00   39.34        1
 guppi_57608_1434+72_00    325.174  57608.1159071320202    0.00   19.87        1
C guppi_57637_1434+72_00    376.615  57637.9628666012464    0.00  108.87        1
 guppi_57637_1434+72_00    325.390  57637.9628666013621    0.00   63.25        1
 guppi_57637_1434+72_00    376.141  57637.9645318865736    0.00   76.62        1
 guppi_57637_1434+72_00    324.927  57637.9645318923893    0.00   54.83        1
C guppi_57665_1434+72_00    387.517  57665.9135987141297    0.00  288.36        1
C guppi_57665_1434+72_00    361.991  57665.9135988366528    0.00   62.49        1
 guppi_57665_1434+72_00    337.890  57665.9135985491141    0.00   93.87        1
 guppi_57665_1434+72_00    312.737  57665.9135984704227    0.00   37.53        1
 guppi_57699_1434+72_00    346.335  57699.8409148288092    0.00   60.61        1
 guppi_57726_1434+72_00    374.657  57726.7600057379492    0.00   58.54        1
 guppi_57726_1434+72_00    325.390  57726.7600056925130    0.00   50.62        1
 guppi_57726_1434+72_00    376.589  57726.7617033135292    0.00   71.30        1
 guppi_57726_1434+72_00    324.927  57726.7617033298802    0.00   60.04        1
 guppi_57756_1434+72_00    330.502  57756.6406433220412    0.00   23.36        1
 guppi_57756_1434+72_00    330.249  57756.6423110138384    0.00   20.36        1
C GUPPI_1432+72_55847_74    375.270  55847.8586676986211    0.00  136.44        1
 GUPPI_1432+72_55847_74    324.719  55847.8586676929835    0.00   74.86        1
C GUPPI_1432+72_55847_74    375.271  55847.8597169998245    0.00  158.60        1
 GUPPI_1432+72_55847_74    324.753  55847.8597169897508    0.00   81.33        1
 GUPPI_1432+72_56021_28    375.165  56021.3334617757377    0.00   95.03        1
 GUPPI_1432+72_56021_28    324.760  56021.3334617649341    0.00   40.80        1
 GUPPI_1432+72_56021_28    375.171  56021.3351512719814    0.00   93.88        1
 GUPPI_1432+72_56021_28    324.753  56021.3351512624296    0.00   37.30        1
 GUPPI_1432+72_56026_49    376.479  56026.5782422647984    0.00   58.38        1
 GUPPI_1432+72_56026_49    324.682  56026.5782422856279    0.00   29.41        1
 GUPPI_1432+72_56026_49    376.426  56026.5799911896720    0.00   67.71        1
 GUPPI_1432+72_56026_49    324.696  56026.5799912109249    0.00   33.69        1
 GUPPI_1432+72_56078_39    375.424  56078.4571826998252    0.00   75.69        1
 GUPPI_1432+72_56078_39    324.666  56078.4571826983680    0.00   32.90        1
 GUPPI_1432+72_56078_39    375.431  56078.4606211278138    0.00   71.47        1
 GUPPI_1432+72_56078_39    324.653  56078.4606211278443    0.00   39.43        1
C GUPPI_1432+72_56079_27    375.477  56079.3231566762879    0.00  101.78        1
 GUPPI_1432+72_56079_27    324.738  56079.3231566764930    0.00   49.01        1
C GUPPI_1432+72_56079_27    375.448  56079.3265931767505    0.00  112.55        1
 GUPPI_1432+72_56079_27    324.723  56079.3265931742462    0.00   48.76        1
 GUPPI_1432+72_56080_27    375.520  56080.3237277666376    0.00   83.56        1
 GUPPI_1432+72_56080_27    324.816  56080.3237277643637    0.00   36.32        1
 GUPPI_1432+72_56080_27    375.555  56080.3271555674234    0.00   77.80        1
 GUPPI_1432+72_56080_27    324.758  56080.3271555639637    0.00   45.68        1
C GUPPI_1432+72_56080_39    375.600  56080.4605937046207    0.00  314.72        1
 GUPPI_1432+72_56080_39    324.738  56080.4605933217615    0.00   42.58        1
 GUPPI_1432+72_56080_39    375.766  56080.4640331932457    0.00   77.83        1
 GUPPI_1432+72_56080_39    324.727  56080.4640331981886    0.00   32.68        1
 GUPPI_1432+72_56082_29    375.479  56082.3410429841464    0.00   69.15        1
 GUPPI_1432+72_56082_29    324.787  56082.3410429779555    0.00   42.99        1
C GUPPI_1432+72_56082_29    375.476  56082.3427329688260    0.00   70.76        1
 GUPPI_1432+72_56082_29    324.800  56082.3427329609166    0.00   46.12        1
 GUPPI_1432+72_56085_14    375.557  56085.1728141027803    0.00   93.28        1
 GUPPI_1432+72_56085_14    325.085  56085.1728140889357    0.00   65.30        1
C GUPPI_1432+72_56085_14    375.573  56085.1745036001946    0.00  147.82        1
 GUPPI_1432+72_56085_14    325.143  56085.1745035878736    0.00   56.34        1
C GUPPI_1432+72_56086_27    375.383  56086.3220843532285    0.00  112.42        1
 GUPPI_1432+72_56086_27    324.687  56086.3220843499384    0.00   68.19        1
C GUPPI_1432+72_56086_27    375.370  56086.3237748204404    0.00  123.87        1
 GUPPI_1432+72_56086_27    324.675  56086.3237748157519    0.00   82.20        1
 GUPPI_1432+72_56089_14    375.389  56089.1714026637697    0.00   88.49        1
 GUPPI_1432+72_56089_14    324.869  56089.1714026539878    0.00   68.38        1
C GUPPI_1432+72_56089_14    375.403  56089.1730916756733    0.00  122.37        1
 GUPPI_1432+72_56089_14    324.880  56089.1730916672574    0.00   68.23        1
C GUPPI_1432+72_56110_01    374.798  56110.0149524172541    0.00  197.08        1
 GUPPI_1432+72_56110_01    324.964  56110.0149523927336    0.00   63.87        1
C GUPPI_1432+72_56110_01    374.811  56110.0160022449784    0.00  131.19        1
 GUPPI_1432+72_56110_01    324.905  56110.0160022226506    0.00   55.52        1
 GUPPI_1432+72_56156_79    375.375  56156.9155340862197    0.00   58.11        1
 GUPPI_1432+72_56156_79    324.778  56156.9155340794402    0.00   32.49        1
 GUPPI_1432+72_56156_79    375.398  56156.9172819875366    0.00   58.28        1
 GUPPI_1432+72_56156_79    324.781  56156.9172819822708    0.00   36.14        1
 GUPPI_1432+72_56156_79    375.447  56156.9191067034929    0.00   68.42        1
 GUPPI_1432+72_56156_79    324.823  56156.9191066983442    0.00   50.43        1
 GUPPI_1432+72_56156_79    375.421  56156.9200400790009    0.00   70.34        1
 GUPPI_1432+72_56156_79    324.843  56156.9200400705902    0.00   61.77        1
 GUPPI_1432+72_56157_80    375.435  56157.9328811572672    0.00   69.17        1
 GUPPI_1432+72_56157_80    324.923  56157.9328811467104    0.00   32.22        1
 GUPPI_1432+72_56157_80    375.456  56157.9346319549598    0.00   74.43        1
 GUPPI_1432+72_56157_80    324.917  56157.9346319471535    0.00   30.03        1
 GUPPI_1432+72_56159_06    375.026  56159.0816454043794    0.00   55.79        1
 GUPPI_1432+72_56159_06    324.677  56159.0816453941752    0.00   35.75        1
 GUPPI_1432+72_56159_06    374.997  56159.0833348487079    0.00   55.20        1
 GUPPI_1432+72_56159_06    324.662  56159.0833348383422    0.00   35.42        1
 GUPPI_1432+72_56176_76    375.222  56176.8911590781902    0.00   59.26        1
C GUPPI_1432+72_56176_76    324.832  56176.8911590646082    0.00   25.51        1
 GUPPI_1432+72_56176_76    375.201  56176.8929064784625    0.00   71.23        1
 GUPPI_1432+72_56176_76    324.843  56176.8929064665708    0.00   28.17        1
C GUPPI_1434+72_56223_79    387.595  56223.9231370688518    0.00  116.26        1
 GUPPI_1434+72_56223_79    362.386  56223.9231371658608    0.00   32.47        1
 GUPPI_1434+72_56223_79    337.378  56223.9231369089230    0.00   21.13        1
 GUPPI_1434+72_56223_79    312.513  56223.9231368225067    0.00   35.01        1
C GUPPI_1434+72_56223_79    387.608  56223.9245351619968    0.00  107.47        1
 GUPPI_1434+72_56223_79    362.388  56223.9245352596256    0.00   32.85        1
 GUPPI_1434+72_56223_79    337.397  56223.9245350022655    0.00   20.24        1
 GUPPI_1434+72_56223_79    312.514  56223.9245349160693    0.00   34.00        1
C GUPPI_1434+72_56223_79    387.597  56223.9259332550850    0.00  129.63        1
 GUPPI_1434+72_56223_79    362.380  56223.9259333538910    0.00   35.54        1
 GUPPI_1434+72_56223_79    337.399  56223.9259330952363    0.00   18.53        1
 GUPPI_1434+72_56223_79    312.507  56223.9259330098705    0.00   38.00        1
C GUPPI_1434+72_56223_79    387.601  56223.9273323158674    0.00  120.01        1
 GUPPI_1434+72_56223_79    362.373  56223.9273324126906    0.00   38.90        1
 GUPPI_1434+72_56223_79    337.405  56223.9273321551458    0.00   19.33        1
 GUPPI_1434+72_56223_79    312.485  56223.9273320709654    0.00   33.61        1
C GUPPI_1434+72_56223_79    387.591  56223.9286714711236    0.00  114.73        1
 GUPPI_1434+72_56223_79    362.378  56223.9286715683188    0.00   33.53        1
 GUPPI_1434+72_56223_79    337.390  56223.9286713105037    0.00   19.85        1
 GUPPI_1434+72_56223_79    312.485  56223.9286712262866    0.00   37.11        1
 GUPPI_1434+72_56254_69    375.195  56254.8070240226327    0.00   73.47        1
 GUPPI_1434+72_56254_69    324.526  56254.8070240226641    0.00   36.00        1
 GUPPI_1434+72_56254_69    375.211  56254.8077230711311    0.00   70.96        1
 GUPPI_1434+72_56254_69    324.544  56254.8077230685544    0.00   39.30        1
 GUPPI_1434+72_56254_69    375.202  56254.8084221167309    0.00   69.97        1
 GUPPI_1434+72_56254_69    324.552  56254.8084221153352    0.00   34.71        1
 GUPPI_1434+72_56254_69    375.139  56254.8091221299175    0.00   68.83        1
 GUPPI_1434+72_56254_69    324.542  56254.8091221272907    0.00   39.11        1
 GUPPI_1434+72_56254_69    375.076  56254.8097617581901    0.00   73.38        1
 GUPPI_1434+72_56254_69    324.514  56254.8097617549920    0.00   38.02        1
 GUPPI_1434+72_56277_76    375.241  56277.8805683885837    0.00   66.06        1
 GUPPI_1434+72_56277_76    324.729  56277.8805683811321    0.00   37.28        1
 GUPPI_1434+72_56277_76    375.213  56277.8823162564221    0.00   67.90        1
 GUPPI_1434+72_56277_76    324.704  56277.8823162504137    0.00   36.43        1
 GUPPI_1434+72_57447_48    378.563  57447.5617314058118    0.00   63.51        1
 GUPPI_1434+72_57447_48    324.778  57447.5617309887873    0.00   22.17        1
 GUPPI_1434+72_57447_48    378.415  57447.5644682898757    0.00   73.87        1
 GUPPI_1434+72_57447_48    324.711  57447.5644683542750    0.00   21.16        1
 GUPPI_1434+7257_57021_    378.342  57021.3685900819682    0.00   54.81        1
 GUPPI_1434+7257_57021_    324.821  57021.3685901408230    0.00   14.30        1
 GUPPI_1434+7257_57021_    378.254  57021.3699881912633    0.00   51.04        1
 GUPPI_1434+7257_57021_    324.819  57021.3699882479858    0.00   14.83        1
 GUPPI_1434+7257_57021_    378.314  57021.3713833971566    0.00   56.15        1
 GUPPI_1434+7257_57021_    324.812  57021.3713834564857    0.00   14.22        1
 GUPPI_1434+7257_57021_    378.134  57021.3727834410326    0.00   63.88        1
 GUPPI_1434+7257_57021_    324.844  57021.3727834948943    0.00   15.08        1
 GUPPI_1434+7257_57021_    378.233  57021.3741216397001    0.00   56.85        1
 GUPPI_1434+7257_57021_    324.841  57021.3741216973308    0.00   15.55        1
 GUPPI_1434+7257_57025_    378.404  57025.5872352938184    0.00   62.86        1
 GUPPI_1434+7257_57025_    325.117  57025.5872353444473    0.00   35.87        1
 GUPPI_1434+7257_57025_    378.424  57025.5889817242082    0.00   71.85        1
 GUPPI_1434+7257_57025_    325.094  57025.5889817753996    0.00   37.02        1
C GUPPI_1434+7257_57507_    378.169  57507.1839010424174    0.00  120.01        1
 GUPPI_1434+7257_57507_    324.606  57507.1839011039839    0.00   47.69        1
C GUPPI_1434+7257_57507_    378.105  57507.1855924808850    0.00  107.90        1
 GUPPI_1434+7257_57507_    324.586  57507.1855925424933    0.00   42.93        1
 GUPPI_1434+7257_57755_    378.532  57755.1553791570683    0.00   21.62        1
 GUPPI_1434+7257_57755_    324.909  57755.1553787344760    0.00   56.42        1
 GUPPI_1434+7257_57755_    378.518  57755.1560786950417    0.00   25.31        1
 GUPPI_1434+7257_57755_    324.896  57755.1560782732654    0.00   31.10        1
 GUPPI_1434+7257_57755_    378.460  57755.1567787173046    0.00   26.29        1
 GUPPI_1434+7257_57755_    324.898  57755.1567782929199    0.00   35.33        1
 GUPPI_1434+7257_57755_    378.542  57755.1574782532478    0.00   27.19        1
 GUPPI_1434+7257_57755_    324.916  57755.1574778315567    0.00   33.53        1
 GUPPI_1434+7257_57755_    378.476  57755.1581193369716    0.00   23.63        1
 GUPPI_1434+7257_57755_    324.932  57755.1581189129612    0.00   33.68        1
C GUPPI_1434+7257_57755_    377.124  57755.2368247644128    0.00  228.44        1
C GUPPI_1434+7257_57755_    318.585  57755.2368250098454    0.00  343.32        1
C GUPPI_1434+7257_57755_    376.627  57755.2376917337790    0.00  201.87        1
C GUPPI_1434+7257_57755_    319.304  57755.2376914493256    0.00  221.66        1
C GUPPI_1434+7257_57755_    378.620  57755.2428025287993    0.00   32.18        1
 GUPPI_1434+7257_57755_    324.841  57755.2428021093431    0.00   16.96        1
 GUPPI_1434+7257_57755_    378.514  57755.2439677815765    0.00   32.83        1
 GUPPI_1434+7257_57755_    324.816  57755.2439673623020    0.00   16.13        1
 GUPPI_GBNCC03244_55196    349.488  55196.4282660949655    0.00   70.02        1
 GUPPI_GBNCC03333_55196    349.499  55196.2679175151712    0.00   63.15        1
 GUPPI_GBNCC03477_55196    349.144  55196.4265848976824    0.00   63.71        1
 guppi_57078_1434+72_00    817.363  57078.9627061468000    0.00   34.82        1
 guppi_57101_1434+72_00    867.656  57101.9111042983533    0.00   72.39        1
 guppi_57101_1434+72_00    769.537  57101.9111045166732    0.00   22.85        1
 guppi_57101_1434+72_00    867.307  57101.9144982520012    0.00   64.27        1
 guppi_57101_1434+72_00    769.625  57101.9144984696592    0.00   24.54        1
 guppi_57131_1434+72_00    868.049  57131.8193443904576    0.00   39.79        1
 guppi_57131_1434+72_00    770.781  57131.8193446055705    0.00   44.23        1
 guppi_57131_1434+72_00    867.705  57131.8234601688222    0.00   28.99        1
 guppi_57131_1434+72_00    770.333  57131.8234603848559    0.00   63.70        1
 guppi_57161_1434+72_00    867.528  57161.5683262556101    0.00   32.12        1
 guppi_57161_1434+72_00    769.180  57161.5683264743492    0.00   12.27        1
 guppi_57161_1434+72_00    867.496  57161.5700631075365    0.00   35.16        1
 guppi_57161_1434+72_00    769.180  57161.5700633264921    0.00   11.75        1
 guppi_57161_1434+72_00    867.669  57161.5718028578057    0.00   41.72        1
 guppi_57161_1434+72_00    769.180  57161.5718030768964    0.00   11.51        1
 guppi_57161_1434+72_00    867.656  57161.5734783522699    0.00   28.44        1
 guppi_57161_1434+72_00    769.212  57161.5734785706525    0.00   12.19        1
 guppi_57192_1434+72_00    868.494  57192.4881959181817    0.00   48.76        1
 guppi_57192_1434+72_00    768.299  57192.4881961422693    0.00   31.06        1
 guppi_57192_1434+72_00    868.411  57192.4933421818296    0.00   45.87        1
 guppi_57192_1434+72_00    768.415  57192.4933424047335    0.00   38.18        1
C guppi_57220_1434+72_00    867.656  57220.3758053728345    0.00  110.01        1
 guppi_57220_1434+72_00    767.589  57220.3758055975870    0.00   43.57        1
 guppi_57220_1434+72_00    867.656  57220.3809573759805    0.00   60.26        1
 guppi_57220_1434+72_00    767.589  57220.3809575986456    0.00   33.70        1
 guppi_57249_1434+72_00    867.665  57249.4561224704830    0.00   30.11        1
 guppi_57249_1434+72_00    768.625  57249.4561226911587    0.00   18.75        1
 guppi_57249_1434+72_00    867.692  57249.4587235541407    0.00   28.21        1
 guppi_57249_1434+72_00    768.500  57249.4587237756506    0.00   20.27        1
 guppi_57249_1434+72_00    867.804  57249.4613434797544    0.00   27.17        1
 guppi_57249_1434+72_00    768.667  57249.4613437004563    0.00   19.53        1
 guppi_57249_1434+72_00    867.665  57249.4638817590110    0.00   23.32        1
 guppi_57249_1434+72_00    768.459  57249.4638819801539    0.00   19.39        1
 guppi_57278_1434+72_00    867.063  57278.2526260107716    0.00   14.51        1
 guppi_57278_1434+72_00    769.205  57278.2526262288171    0.00   53.76        1
 guppi_57278_1434+72_00    866.874  57278.2552333391711    0.00   16.99        1
 guppi_57278_1434+72_00    769.205  57278.2552335574076    0.00   55.26        1
 guppi_57278_1434+72_00    866.912  57278.2578401844029    0.00   22.69        1
 guppi_57278_1434+72_00    769.205  57278.2578404020745    0.00   62.81        1
 guppi_57278_1434+72_00    866.874  57278.2603856753877    0.00   20.49        1
 guppi_57278_1434+72_00    769.205  57278.2603858929295    0.00   42.38        1
 guppi_57308_1434+72_00    867.656  57308.1323097517932    0.00   30.76        1
 guppi_57308_1434+72_00    769.974  57308.1323099689789    0.00   60.59        1
 guppi_57308_1434+72_00    867.428  57308.1374407767080    0.00   26.99        1
 guppi_57308_1434+72_00    769.984  57308.1374409940766    0.00   56.00        1
 guppi_57339_1434+72_00    892.655  57339.2136171705439    0.00   15.79        1
 guppi_57339_1434+72_00    845.780  57339.2136172574359    0.00   13.76        1
 guppi_57339_1434+72_00    795.780  57339.2136173665552    0.00   25.21        1
C guppi_57339_1434+72_00    745.780  57339.2136171898929    0.00  103.83        1
 guppi_57339_1434+72_00    892.655  57339.2157278341682    0.00   15.07        1
 guppi_57339_1434+72_00    845.780  57339.2157279205868    0.00   14.42        1
 guppi_57339_1434+72_00    795.780  57339.2157280301481    0.00   25.92        1
C guppi_57339_1434+72_00    745.780  57339.2157280019665    0.00  212.64        1
 guppi_57339_1434+72_00    892.655  57339.2178380147345    0.00   13.45        1
 guppi_57339_1434+72_00    845.780  57339.2178381014123    0.00   11.94        1
 guppi_57339_1434+72_00    795.780  57339.2178382110551    0.00   23.09        1
C guppi_57339_1434+72_00    745.780  57339.2178383456977    0.00  107.39        1
 guppi_57339_1434+72_00    892.655  57339.2199481953224    0.00   14.84        1
 guppi_57339_1434+72_00    845.780  57339.2199482819357    0.00   10.75        1
 guppi_57339_1434+72_00    795.780  57339.2199483918339    0.00   21.70        1
C guppi_57339_1434+72_00    745.780  57339.2199485232188    0.00  100.04        1
 guppi_57339_1434+72_00    892.656  57339.2219347025336    0.00   18.39        1
 guppi_57339_1434+72_00    845.781  57339.2219347890345    0.00   13.05        1
 guppi_57339_1434+72_00    795.781  57339.2219348990646    0.00   28.66        1
 guppi_57339_1434+72_00    745.781  57339.2219350315764    0.00   55.26        1
 guppi_57367_1434+72_00    817.998  57367.1496259242985    0.00   28.18        1
 guppi_57397_1434+72_00    867.791  57397.1573596687541    0.00   39.07        1
 guppi_57397_1434+72_00    767.810  57397.1573598925203    0.00   31.57        1
 guppi_57397_1434+72_00    867.880  57397.1616462842551    0.00   37.47        1
 guppi_57397_1434+72_00    767.917  57397.1616465080269    0.00   38.29        1
 guppi_57533_1434+72_00    816.699  57533.1024010728264    0.00   26.49        1
 GUPPI_1434+7257_57936_    892.415  57936.8089853791936    0.00   76.59        1
 GUPPI_1434+7257_57936_    843.619  57936.8089854691573    0.00   26.51        1
 GUPPI_1434+7257_57936_    794.477  57936.8089855787824    0.00   37.18        1
 GUPPI_1434+7257_57936_    745.189  57936.8089857093305    0.00   55.02        1
 GUPPI_1434+7257_57936_    892.247  57936.8099187744677    0.00   46.24        1
 GUPPI_1434+7257_57936_    843.761  57936.8099188641885    0.00   25.49        1
 GUPPI_1434+7257_57936_    794.472  57936.8099189728592    0.00   43.67        1
 GUPPI_1434+7257_57936_    745.199  57936.8099191032235    0.00   36.74        1
 GUPPI_1434+7257_57936_    892.203  57936.8108502365579    0.00   57.43        1
 GUPPI_1434+7257_57936_    843.544  57936.8108503269746    0.00   31.90        1
 GUPPI_1434+7257_57936_    794.471  57936.8108504349388    0.00   43.66        1
 GUPPI_1434+7257_57936_    745.169  57936.8108505658832    0.00   34.85        1
 GUPPI_1434+7257_57936_    892.368  57936.8116657495500    0.00   63.63        1
 GUPPI_1434+7257_57936_    843.478  57936.8116658396663    0.00   34.45        1
 GUPPI_1434+7257_57936_    794.492  57936.8116659473075    0.00   50.00        1
 GUPPI_1434+7257_57936_    745.187  57936.8116660790423    0.00   49.01        1
 GUPPI_1434+7257_57984_    814.357  57984.5953892098225    0.00   23.96        1
 GUPPI_1434+7257_57985_    815.634  57985.9047768050540    0.00   81.92        1
 GUPPI_1434+7257_58013_    816.830  58013.8480773522817    0.00   73.29        1
 GUPPI_1434+7257_58042_    815.183  58042.6623489941761    0.00   87.97        1
C GUPPI_1434+7257_58069_    865.569  58069.0705727234426    0.00   98.15        1
 GUPPI_1434+7257_58069_    770.522  58069.0705729375841    0.00   33.23        1
C GUPPI_1434+7257_58069_    865.540  58069.0722674383092    0.00   67.50        1
 GUPPI_1434+7257_58069_    770.319  58069.0722676541411    0.00   32.38        1
 GUPPI_1434+7257_58103_    866.362  58103.5921944479777    0.00   61.97        1
 GUPPI_1434+7257_58103_    770.111  58103.5921946615345    0.00   33.47        1
 GUPPI_1434+7257_58103_    866.553  58103.5938838597848    0.00   69.91        1
 GUPPI_1434+7257_58103_    769.942  58103.5938840732992    0.00   35.09        1
 GUPPI_1434+7257_58159_    866.796  58159.3017421958013    0.00   52.76        1
 GUPPI_1434+7257_58159_    769.902  58159.3017424112973    0.00   34.11        1
 GUPPI_1434+7257_58159_    866.813  58159.3034331016326    0.00   53.30        1
 GUPPI_1434+7257_58159_    769.873  58159.3034333172022    0.00   28.83        1
 GUPPI_1434+7257_58266_    816.639  58266.0746027763325    0.00   60.07        1
 GUPPI_1434+72_57888_82    891.583  57888.9506628021098    0.00   31.61        1
 GUPPI_1434+72_57888_82    844.269  57888.9506628906114    0.00   30.39        1
 GUPPI_1434+72_57888_82    794.466  57888.9506630003206    0.00   18.74        1
 GUPPI_1434+72_57888_82    745.687  57888.9506631292642    0.00   29.51        1
 GUPPI_1434+72_57888_82    891.730  57888.9513029486268    0.00   44.46        1
 GUPPI_1434+72_57888_82    844.001  57888.9513030380778    0.00   34.56        1
 GUPPI_1434+72_57888_82    794.457  57888.9513031471123    0.00   16.26        1
 GUPPI_1434+72_57888_82    745.458  57888.9513032767625    0.00   23.49        1
 GUPPI_1434+72_57888_84    892.434  57888.9792394391106    0.00   26.17        1
 GUPPI_1434+72_57888_84    843.476  57888.9792395308156    0.00   22.42        1
 GUPPI_1434+72_57888_84    794.028  57888.9792396397479    0.00   14.25        1
 GUPPI_1434+72_57888_84    745.376  57888.9792397690962    0.00   17.98        1
 GUPPI_1434+72_57888_84    892.453  57888.9799390112978    0.00   29.80        1
 GUPPI_1434+72_57888_84    843.663  57888.9799391017488    0.00   21.13        1
 GUPPI_1434+72_57888_84    794.000  57888.9799392117820    0.00   15.56        1
 GUPPI_1434+72_57888_84    745.333  57888.9799393408898    0.00   19.67        1
 GUPPI_1434+72_57888_84    892.325  57888.9806390664424    0.00   36.24        1
 GUPPI_1434+72_57888_84    843.274  57888.9806391577976    0.00   20.47        1
 GUPPI_1434+72_57888_84    794.042  57888.9806392666913    0.00   14.40        1
 GUPPI_1434+72_57888_84    745.231  57888.9806393965277    0.00   20.27        1
 GUPPI_1434+72_57888_84    892.336  57888.9813371892035    0.00   31.85        1
 GUPPI_1434+72_57888_84    843.669  57888.9813372795051    0.00   20.20        1
 GUPPI_1434+72_57888_84    794.006  57888.9813373889863    0.00   17.20        1
 GUPPI_1434+72_57888_84    745.381  57888.9813375186018    0.00   19.00        1
 GUPPI_1434+72_57888_84    892.299  57888.9819763696839    0.00   36.30        1
 GUPPI_1434+72_57888_84    843.230  57888.9819764605756    0.00   22.29        1
 GUPPI_1434+72_57888_84    794.014  57888.9819765695825    0.00   15.18        1
 GUPPI_1434+72_57888_84    745.377  57888.9819766989957    0.00   20.94        1
 GUPPI_1434+72_57889_02    892.005  57889.0241101127574    0.00   36.96        1
 GUPPI_1434+72_57889_02    844.098  57889.0241102009752    0.00   16.96        1
 GUPPI_1434+72_57889_02    794.441  57889.0241103108412    0.00   14.67        1
 GUPPI_1434+72_57889_02    745.349  57889.0241104412668    0.00   25.48        1
 GUPPI_1434+72_57889_02    892.268  57889.0248125829790    0.00   34.39        1
 GUPPI_1434+72_57889_02    843.850  57889.0248126722378    0.00   18.16        1
 GUPPI_1434+72_57889_02    794.484  57889.0248127814443    0.00   14.97        1
 GUPPI_1434+72_57889_02    745.327  57889.0248129113954    0.00   21.13        1
 GUPPI_1434+72_57889_02    892.171  57889.0255097387861    0.00   34.13        1
 GUPPI_1434+72_57889_02    843.926  57889.0255098279435    0.00   18.47        1
 GUPPI_1434+72_57889_02    794.473  57889.0255099373117    0.00   15.97        1
 GUPPI_1434+72_57889_02    745.278  57889.0255100684892    0.00   20.64        1
 GUPPI_1434+72_57889_02    892.064  57889.0261513349874    0.00   35.41        1
 GUPPI_1434+72_57889_02    843.849  57889.0261514246707    0.00   18.69        1
 GUPPI_1434+72_57889_02    794.495  57889.0261515334735    0.00   16.53        1
 GUPPI_1434+72_57889_02    745.326  57889.0261516645858    0.00   30.47        1
 GUPPI_J1434+72_56336_3    866.632  56336.3793922712295    0.00   47.62        1
 GUPPI_J1434+72_56336_3    769.418  56336.3793924885800    0.00   43.07        1
 GUPPI_J1434+72_56336_3    866.707  56336.3803222721657    0.00   35.94        1
 GUPPI_J1434+72_56336_3    769.403  56336.3803224889431    0.00   47.62        1
 GUPPI_J1434+72_56336_3    866.597  56336.3811967129727    0.00   57.40        1
 GUPPI_J1434+72_56336_3    769.404  56336.3811969303878    0.00   43.54        1
 GUPPI_J1434+72_56351_2    866.899  56351.2963701103382    0.00   81.68        1
 GUPPI_J1434+72_56351_2    769.388  56351.2963703271990    0.00   27.75        1
 GUPPI_J1434+72_56351_2    866.816  56351.2973020499459    0.00   55.19        1
 GUPPI_J1434+72_56351_2    769.374  56351.2973022669348    0.00   30.52        1
C GUPPI_J1434+72_56351_2    866.925  56351.2981764988261    0.00  149.51        1
 GUPPI_J1434+72_56351_2    769.416  56351.2981767160558    0.00   38.92        1
 GUPPI_J1434+72_56365_1    814.770  56365.1893634624609    0.00   44.56        1
 GUPPI_J1434+72_56385_1    892.552  56385.1256071016088    0.00   75.09        1
 GUPPI_J1434+72_56385_1    844.355  56385.1256071878409    0.00   35.69        1
 GUPPI_J1434+72_56385_1    794.276  56385.1256072994075    0.00   22.39        1
C GUPPI_J1434+72_56385_1    745.469  56385.1256074280174    0.00   28.95        1
C GUPPI_J1434+72_56385_1    892.615  56385.1263056979511    0.00   84.22        1
 GUPPI_J1434+72_56385_1    844.193  56385.1263057916991    0.00   34.16        1
 GUPPI_J1434+72_56385_1    794.273  56385.1263059006972    0.00   26.22        1
 GUPPI_J1434+72_56385_1    745.477  56385.1263060310146    0.00   37.08        1
C GUPPI_J1434+72_56385_1    892.548  56385.1270047852014    0.00   93.75        1
 GUPPI_J1434+72_56385_1    844.257  56385.1270048769588    0.00   43.85        1
 GUPPI_J1434+72_56385_1    794.289  56385.1270049864817    0.00   26.26        1
 GUPPI_J1434+72_56385_1    745.498  56385.1270051156625    0.00   41.99        1
C GUPPI_J1434+72_56385_1    892.460  56385.1276449320456    0.00  106.03        1
 GUPPI_J1434+72_56385_1    844.531  56385.1276450188295    0.00   57.91        1
 GUPPI_J1434+72_56385_1    794.293  56385.1276451299654    0.00   26.61        1
 GUPPI_J1434+72_56385_1    745.482  56385.1276452603710    0.00   45.63        1
 GUPPI_J1434+72_56406_1    866.760  56406.1235015896464    0.00   35.76        1
 GUPPI_J1434+72_56406_1    768.688  56406.1235018088252    0.00   51.89        1
 GUPPI_J1434+72_56406_1    866.759  56406.1248408243223    0.00   43.16        1
 GUPPI_J1434+72_56406_1    768.790  56406.1248410430394    0.00   47.25        1
 GUPPI_J1434+72_56426_8    892.883  56426.9743798710190    0.00   58.02        1
 GUPPI_J1434+72_56426_8    844.475  56426.9743799616128    0.00   40.17        1
C GUPPI_J1434+72_56426_8    793.414  56426.9743800733486    0.00  108.31        1
 GUPPI_J1434+72_56426_8    745.500  56426.9743802017463    0.00   24.58        1
 GUPPI_J1434+72_56426_8    892.678  56426.9753118299995    0.00   73.56        1
 GUPPI_J1434+72_56426_8    844.486  56426.9753119195493    0.00   39.00        1
 GUPPI_J1434+72_56426_8    793.413  56426.9753120323959    0.00   72.43        1
 GUPPI_J1434+72_56426_8    745.571  56426.9753121590016    0.00   28.45        1
 GUPPI_J1434+72_56426_8    893.035  56426.9761858111033    0.00   73.20        1
 GUPPI_J1434+72_56426_8    844.469  56426.9761859009260    0.00   43.12        1
 GUPPI_J1434+72_56426_8    793.399  56426.9761860124217    0.00   70.97        1
 GUPPI_J1434+72_56426_8    745.498  56426.9761861414474    0.00   28.57        1
 GUPPI_J1434+72_56431_8    814.562  56431.9618692442444    0.00   35.77        1
 GUPPI_J1434+72_56449_7    814.519  56449.9112474654081    0.00   35.39        1
 GUPPI_J1434+72_56470_7    866.048  56470.9037444046252    0.00   45.76        1
 GUPPI_J1434+72_56470_7    768.618  56470.9037446227677    0.00   40.59        1
 GUPPI_J1434+72_56470_7    866.008  56470.9050850755604    0.00   51.42        1
 GUPPI_J1434+72_56470_7    768.582  56470.9050852945992    0.00   44.17        1
 GUPPI_J1434+72_56494_7    866.027  56494.8932604969216    0.00   71.38        1
 GUPPI_J1434+72_56494_7    768.386  56494.8932607159980    0.00   43.80        1
 GUPPI_J1434+72_56494_7    866.135  56494.8945997047530    0.00   78.53        1
 GUPPI_J1434+72_56494_7    768.434  56494.8945999227514    0.00   55.06        1
 GUPPI_J1434+72_56520_6    813.288  56520.7207146780704    0.00   31.66        1
 GUPPI_J1434+72_56547_5    812.919  56547.6717212000854    0.00   51.15        1
C GUPPI_J1434+72_56585_4    813.687  56585.4913062157618    0.00   50.82        1
 GUPPI_J1434+72_56611_4    865.596  56611.5151071754383    0.00   64.74        1
 GUPPI_J1434+72_56611_4    768.673  56611.5151073911036    0.00   21.88        1
 GUPPI_J1434+72_56611_4    865.209  56611.5164511602833    0.00   70.29        1
 GUPPI_J1434+72_56611_4    768.808  56611.5164513748108    0.00   21.34        1
 GUPPI_J1434+72_56637_3    814.169  56637.3568620833372    0.00   61.52        1
 GUPPI_J1434+72_56669_2    816.338  56669.3332521498135    0.00   44.27        1
