 GUPPI_GBNCC108358_5675    376.609  56754.3307366970457    0.00  409.18        1
 GUPPI_GBNCC108358_5675    325.048  56754.3307418842501    0.00  230.33        1
 GUPPI_GBNCC108358_5675    376.440  56754.3313843414699    0.00  474.59        1
 GUPPI_GBNCC108358_5675    325.081  56754.3313895114179    0.00  308.47        1
 GUPPI_GBNCC108735_5675    348.688  56754.3283915728026    0.00  312.24        1
 GUPPI_GBNCC108968_5675    348.351  56754.3374699401100    0.00  310.21        1
C GUPPI_J1505-25_0_57071    864.967  57071.3425024421009    0.00 1722.15        1
 GUPPI_J1505-25_0_57071    769.471  57071.3425031990206    0.00  470.66        1
C GUPPI_J1505-25_0_57071    865.306  57071.3434969549795    0.00 1716.36        1
 GUPPI_J1505-25_0_57071    769.448  57071.3434977371256    0.00  756.49        1
 GUPPI_J1505-25_4_57071    893.350  57071.3511523206644    0.00  557.18        1
 GUPPI_J1505-25_4_57071    844.327  57071.3511526438364    0.00  392.59        1
 GUPPI_J1505-25_4_57071    794.392  57071.3511530375647    0.00  354.39        1
 GUPPI_J1505-25_4_57071    745.436  57071.3511534895034    0.00  333.81        1
 GUPPI_J1505-25_4_57071    893.154  57071.3517189676000    0.00  407.98        1
 GUPPI_J1505-25_4_57071    844.470  57071.3517192909893    0.00  270.69        1
 GUPPI_J1505-25_4_57071    794.367  57071.3517196817528    0.00  315.05        1
 GUPPI_J1505-25_4_57071    745.456  57071.3517201397409    0.00  259.71        1
C GUPPI_J1505-25_4_57071    893.364  57071.3523046092496    0.00 1421.95        1
 GUPPI_J1505-25_4_57071    844.169  57071.3523090716426    0.00  362.15        1
 GUPPI_J1505-25_4_57071    794.317  57071.3523094578648    0.00  329.60        1
 GUPPI_J1505-25_4_57071    745.465  57071.3523099164112    0.00  380.35        1
 GUPPI_J1505-25_4_57071    893.274  57071.3527134872003    0.00  727.75        1
 GUPPI_J1505-25_4_57071    844.287  57071.3527138053793    0.00  462.98        1
 GUPPI_J1505-25_4_57071    794.332  57071.3527142016810    0.00  413.84        1
 GUPPI_J1505-25_4_57071    745.417  57071.3527146684845    0.00  462.88        1
 GUPPI_J1505-25_5_57071    893.222  57071.3533495251110    0.00  523.07        1
 GUPPI_J1505-25_5_57071    844.444  57071.3533498457795    0.00  272.11        1
 GUPPI_J1505-25_5_57071    794.393  57071.3533502388669    0.00  279.87        1
 GUPPI_J1505-25_5_57071    745.453  57071.3533506997685    0.00  351.10        1
 GUPPI_J1505-25_5_57071    893.087  57071.3539393062464    0.00  469.03        1
 GUPPI_J1505-25_5_57071    844.275  57071.3539396193531    0.00  316.90        1
 GUPPI_J1505-25_5_57071    794.359  57071.3539400127156    0.00  255.64        1
 GUPPI_J1505-25_5_57071    745.506  57071.3539404743535    0.00  292.91        1
 GUPPI_J1505-25_5_57071    893.179  57071.3545059450704    0.00  473.80        1
 GUPPI_J1505-25_5_57071    844.266  57071.3545062727068    0.00  348.26        1
 GUPPI_J1505-25_5_57071    794.357  57071.3545066634272    0.00  280.44        1
 GUPPI_J1505-25_5_57071    745.519  57071.3545071316374    0.00  297.45        1
 GUPPI_J1505-25_5_57071    892.857  57071.3549222739610    0.00  702.45        1
 GUPPI_J1505-25_5_57071    844.324  57071.3549225841374    0.00  436.50        1
 GUPPI_J1505-25_5_57071    794.276  57071.3549229785640    0.00  372.61        1
 GUPPI_J1505-25_5_57071    745.501  57071.3549234410056    0.00  415.16        1
 GUPPI_J1505-25_57079_3    892.600  57079.4422560947472    0.00  327.00        1
 GUPPI_J1505-25_57079_3    844.387  57079.4422564112871    0.00  193.68        1
 GUPPI_J1505-25_57079_3    794.384  57079.4422568016794    0.00  214.87        1
 GUPPI_J1505-25_57079_3    745.516  57079.4422572606762    0.00  184.87        1
 GUPPI_J1505-25_57079_3    892.453  57079.4428458760193    0.00  318.71        1
 GUPPI_J1505-25_57079_3    844.276  57079.4428461959239    0.00  244.36        1
 GUPPI_J1505-25_57079_3    794.386  57079.4428465829818    0.00  192.48        1
 GUPPI_J1505-25_57079_3    745.549  57079.4428470440881    0.00  203.83        1
 GUPPI_J1505-25_57079_3    892.742  57079.4434356639394    0.00  413.17        1
 GUPPI_J1505-25_57079_3    844.261  57079.4434359748027    0.00  255.69        1
 GUPPI_J1505-25_57079_3    794.366  57079.4434363637110    0.00  254.54        1
 GUPPI_J1505-25_57079_3    745.531  57079.4434368281052    0.00  227.88        1
 GUPPI_J1505-25_57079_3    892.802  57079.4440254324411    0.00  295.13        1
 GUPPI_J1505-25_57079_3    844.292  57079.4440257506395    0.00  200.30        1
 GUPPI_J1505-25_57079_3    794.366  57079.4440261415205    0.00  191.90        1
 GUPPI_J1505-25_57079_3    745.542  57079.4440266034348    0.00  199.93        1
 GUPPI_J1505-25_57079_3    892.701  57079.4445920868839    0.00  373.44        1
 GUPPI_J1505-25_57079_3    844.274  57079.4445924009675    0.00  250.74        1
 GUPPI_J1505-25_57079_3    794.406  57079.4445927904718    0.00  265.22        1
 GUPPI_J1505-25_57079_3    745.489  57079.4445932549887    0.00  201.09        1
 GUPPI_J1505-25_57079_3    892.684  57079.4451240428067    0.00  358.51        1
 GUPPI_J1505-25_57079_3    844.238  57079.4451243675307    0.00  251.45        1
 GUPPI_J1505-25_57079_3    794.421  57079.4451247562224    0.00  271.29        1
 GUPPI_J1505-25_57079_3    745.451  57079.4451252104129    0.00  255.14        1
 GUPPI_J1505-25_57100_2    893.019  57100.2407777134997    0.00  281.44        1
 GUPPI_J1505-25_57100_2    844.498  57100.2407780330248    0.00  181.33        1
 GUPPI_J1505-25_57100_2    794.429  57100.2407784280402    0.00  202.53        1
 GUPPI_J1505-25_57100_2    745.564  57100.2407788852086    0.00  162.42        1
 GUPPI_J1505-25_57100_2    893.816  57100.2413559392172    0.00  251.26        1
 GUPPI_J1505-25_57100_2    844.205  57100.2413562607381    0.00  229.35        1
 GUPPI_J1505-25_57100_2    794.368  57100.2413566485619    0.00  193.71        1
 GUPPI_J1505-25_57100_2    745.587  57100.2413571167842    0.00  172.31        1
 GUPPI_J1505-25_57100_2    893.644  57100.2419457259896    0.00  264.74        1
 GUPPI_J1505-25_57100_2    844.163  57100.2419460538468    0.00  239.00        1
 GUPPI_J1505-25_57100_2    794.377  57100.2419464384258    0.00  205.59        1
 GUPPI_J1505-25_57100_2    745.575  57100.2419468958974    0.00  198.90        1
 GUPPI_J1505-25_57100_2    893.511  57100.2425123807287    0.00  327.87        1
 GUPPI_J1505-25_57100_2    844.138  57100.2425127068930    0.00  245.43        1
 GUPPI_J1505-25_57100_2    794.382  57100.2425130981400    0.00  212.38        1
 GUPPI_J1505-25_57100_2    745.587  57100.2425135616302    0.00  181.46        1
 GUPPI_J1505-25_57100_2    893.259  57100.2431021782399    0.00  255.54        1
 GUPPI_J1505-25_57100_2    843.946  57100.2431024972628    0.00  241.24        1
 GUPPI_J1505-25_57100_2    794.417  57100.2431028846691    0.00  176.23        1
 GUPPI_J1505-25_57100_2    745.566  57100.2431033489409    0.00  162.42        1
 GUPPI_J1505-25_57100_2    893.615  57100.2436110084918    0.00  359.57        1
 GUPPI_J1505-25_57100_2    843.962  57100.2436113327319    0.00  248.19        1
 GUPPI_J1505-25_57100_2    794.423  57100.2436117217507    0.00  284.40        1
 GUPPI_J1505-25_57100_2    745.586  57100.2436121796514    0.00  230.24        1
 GUPPI_J1505-25_57130_1    895.613  57130.1920470643030    0.00  312.73        1
 GUPPI_J1505-25_57130_1    843.565  57130.1920474041710    0.00  229.88        1
 GUPPI_J1505-25_57130_1    794.387  57130.1920477934602    0.00  184.31        1
 GUPPI_J1505-25_57130_1    745.538  57130.1920482518722    0.00  169.54        1
 GUPPI_J1505-25_57130_1    896.114  57130.1926368685279    0.00  270.36        1
 GUPPI_J1505-25_57130_1    843.797  57130.1926372186181    0.00  191.83        1
 GUPPI_J1505-25_57130_1    794.387  57130.1926375989978    0.00  179.90        1
 GUPPI_J1505-25_57130_1    745.568  57130.1926380630239    0.00  167.21        1
 GUPPI_J1505-25_57130_1    895.557  57130.1932151298428    0.00  331.19        1
 GUPPI_J1505-25_57130_1    844.148  57130.1932154542921    0.00  238.16        1
 GUPPI_J1505-25_57130_1    794.340  57130.1932158503528    0.00  197.31        1
 GUPPI_J1505-25_57130_1    745.570  57130.1932163079375    0.00  188.10        1
 GUPPI_J1505-25_57130_1    894.969  57130.1937818095704    0.00  282.45        1
 GUPPI_J1505-25_57130_1    844.195  57130.1937821428016    0.00  242.39        1
 GUPPI_J1505-25_57130_1    794.386  57130.1937825338739    0.00  201.43        1
 GUPPI_J1505-25_57130_1    745.677  57130.1937829926866    0.00  162.14        1
 GUPPI_J1505-25_57130_1    894.750  57130.1943716232603    0.00  342.82        1
 GUPPI_J1505-25_57130_1    843.979  57130.1943719607834    0.00  288.71        1
 GUPPI_J1505-25_57130_1    794.391  57130.1943723459008    0.00  241.41        1
 GUPPI_J1505-25_57130_1    745.704  57130.1943728056540    0.00  206.68        1
 GUPPI_J1505-25_57130_1    895.417  57130.1949036095360    0.00  342.24        1
 GUPPI_J1505-25_57130_1    843.592  57130.1949039423281    0.00  283.43        1
 GUPPI_J1505-25_57130_1    794.353  57130.1949043330571    0.00  231.06        1
 GUPPI_J1505-25_57130_1    745.548  57130.1949047905274    0.00  218.16        1
 GUPPI_J1505-25_57163_1    899.412  57163.1429274907769    0.00  748.48        1
 GUPPI_J1505-25_57163_1    842.975  57163.1429278517941    0.00  358.79        1
 GUPPI_J1505-25_57163_1    794.435  57163.1429282373597    0.00  252.69        1
 GUPPI_J1505-25_57163_1    745.753  57163.1429287049037    0.00  694.11        1
 GUPPI_J1505-25_57163_1    901.314  57163.1435057619461    0.00  598.57        1
 GUPPI_J1505-25_57163_1    842.735  57163.1435061383069    0.00  325.77        1
 GUPPI_J1505-25_57163_1    794.501  57163.1435065204455    0.00  300.63        1
 GUPPI_J1505-25_57163_1    745.192  57163.1435069861363    0.00  733.83        1
 GUPPI_J1505-25_57163_1    902.525  57163.1440955756209    0.00  834.14        1
 GUPPI_J1505-25_57163_1    841.197  57163.1440959934047    0.00  365.65        1
 GUPPI_J1505-25_57163_1    794.515  57163.1440963606838    0.00  302.29        1
 GUPPI_J1505-25_57163_1    745.603  57163.1440968153143    0.00  795.65        1
 GUPPI_J1505-25_57163_1    901.139  57163.1446738731388    0.00  604.49        1
 GUPPI_J1505-25_57163_1    842.262  57163.1446742454211    0.00  348.40        1
 GUPPI_J1505-25_57163_1    794.537  57163.1446746342842    0.00  310.16        1
C GUPPI_J1505-25_57163_1    745.757  57163.1446713850507    0.00 1410.14        1
 GUPPI_J1505-25_57163_1    900.804  57163.1452405958634    0.00  428.57        1
 GUPPI_J1505-25_57163_1    842.627  57163.1452409667032    0.00  294.28        1
 GUPPI_J1505-25_57163_1    794.597  57163.1452413503635    0.00  264.61        1
C GUPPI_J1505-25_57163_1    744.983  57163.1452354557448    0.00 1409.82        1
C GUPPI_J1505-25_57163_1    901.574  57163.1457726081809    0.00  983.56        1
 GUPPI_J1505-25_57163_1    842.111  57163.1457729870449    0.00  345.85        1
 GUPPI_J1505-25_57163_1    794.570  57163.1457733546600    0.00  327.65        1
C GUPPI_J1505-25_57163_1    744.913  57163.1457786456499    0.00 1994.33        1
 GUPPI_J1505-25_57193_0    894.294  57193.1083304087258    0.00  394.12        1
 GUPPI_J1505-25_57193_0    843.663  57193.1083307446592    0.00  363.34        1
 GUPPI_J1505-25_57193_0    793.450  57193.1083311403236    0.00  328.96        1
 GUPPI_J1505-25_57193_0    745.485  57193.1083315903089    0.00  318.11        1
 GUPPI_J1505-25_57193_0    894.293  57193.1089202664419    0.00  487.52        1
 GUPPI_J1505-25_57193_0    843.833  57193.1089206006671    0.00  303.88        1
 GUPPI_J1505-25_57193_0    793.457  57193.1089210046016    0.00  342.52        1
 GUPPI_J1505-25_57193_0    745.552  57193.1089214441417    0.00  392.42        1
 GUPPI_J1505-25_57193_0    894.545  57193.1095101461854    0.00  402.22        1
 GUPPI_J1505-25_57193_0    843.633  57193.1095104843510    0.00  324.51        1
 GUPPI_J1505-25_57193_0    793.422  57193.1095108742135    0.00  360.57        1
 GUPPI_J1505-25_57193_0    745.551  57193.1095113300321    0.00  538.51        1
 GUPPI_J1505-25_57193_0    894.652  57193.1100884567507    0.00  469.47        1
 GUPPI_J1505-25_57193_0    843.678  57193.1100887885516    0.00  462.08        1
 GUPPI_J1505-25_57193_0    793.475  57193.1100891771941    0.00  419.92        1
 GUPPI_J1505-25_57193_0    745.619  57193.1100896330477    0.00  449.90        1
C GUPPI_J1505-25_57193_0    895.358  57193.1106696728522    0.00 1798.10        1
 GUPPI_J1505-25_57193_0    843.642  57193.1106670833431    0.00  479.21        1
 GUPPI_J1505-25_57193_0    793.457  57193.1106674876520    0.00  498.14        1
 GUPPI_J1505-25_57193_0    745.457  57193.1106679343676    0.00  411.37        1
C GUPPI_J1505-25_57193_0    895.527  57193.1112007929043    0.00 2649.03        1
C GUPPI_J1505-25_57193_0    843.842  57193.1112006878998    0.00 1498.78        1
C GUPPI_J1505-25_57193_0    793.439  57193.1112008259973    0.00 2648.99        1
 GUPPI_J1505-25_57193_0    745.428  57193.1111999686718    0.00  491.94        1
 GUPPI_J1505-25_57222_7    894.175  57222.9181114797131    0.00  443.01        1
 GUPPI_J1505-25_57222_7    843.887  57222.9181118064984    0.00  428.99        1
 GUPPI_J1505-25_57222_7    793.421  57222.9181122043316    0.00  359.61        1
 GUPPI_J1505-25_57222_7    745.438  57222.9181126524595    0.00  506.39        1
 GUPPI_J1505-25_57222_7    894.495  57222.9186897961199    0.00  708.23        1
 GUPPI_J1505-25_57222_7    843.777  57222.9186901263513    0.00  523.87        1
 GUPPI_J1505-25_57222_7    793.431  57222.9186905097272    0.00  561.93        1
 GUPPI_J1505-25_57222_7    745.452  57222.9186909661387    0.00  655.54        1
 GUPPI_J1505-25_57222_7    895.088  57222.9192681227072    0.00  408.54        1
 GUPPI_J1505-25_57222_7    843.635  57222.9192684498374    0.00  331.06        1
 GUPPI_J1505-25_57222_7    793.611  57222.9192688402095    0.00  489.37        1
 GUPPI_J1505-25_57222_7    745.386  57222.9192692980477    0.00  466.65        1
 GUPPI_J1505-25_57222_7    894.663  57222.9198464383080    0.00  546.56        1
 GUPPI_J1505-25_57222_7    843.774  57222.9198467784814    0.00  343.02        1
 GUPPI_J1505-25_57222_7    793.404  57222.9198471760138    0.00  299.77        1
 GUPPI_J1505-25_57222_7    745.420  57222.9198476215442    0.00  454.24        1
 GUPPI_J1505-25_57222_7    895.306  57222.9204478974956    0.00  719.97        1
 GUPPI_J1505-25_57222_7    843.050  57222.9204482247736    0.00  471.34        1
 GUPPI_J1505-25_57222_7    793.550  57222.9204486257260    0.00  492.58        1
 GUPPI_J1505-25_57222_7    745.456  57222.9204490686667    0.00  696.66        1
 GUPPI_J1505-25_57222_7    894.068  57222.9209568265079    0.00  578.05        1
 GUPPI_J1505-25_57222_7    843.758  57222.9209571470207    0.00  487.10        1
 GUPPI_J1505-25_57222_7    793.361  57222.9209575475963    0.00  355.88        1
 GUPPI_J1505-25_57222_7    745.463  57222.9209579946360    0.00  523.04        1
 GUPPI_J1505-25_57248_7    894.092  57248.8866831078848    0.00  673.63        1
 GUPPI_J1505-25_57248_7    844.283  57248.8866834351119    0.00  344.15        1
 GUPPI_J1505-25_57248_7    794.147  57248.8866838270490    0.00  363.13        1
 GUPPI_J1505-25_57248_7    745.447  57248.8866842913734    0.00  360.24        1
C GUPPI_J1505-25_57248_7    893.927  57248.8872614478542    0.00  876.20        1
 GUPPI_J1505-25_57248_7    844.460  57248.8872617717548    0.00  524.43        1
 GUPPI_J1505-25_57248_7    794.148  57248.8872621514216    0.00  470.91        1
 GUPPI_J1505-25_57248_7    745.491  57248.8872626166217    0.00  507.96        1
 GUPPI_J1505-25_57248_7    893.588  57248.8878513182006    0.00  559.01        1
 GUPPI_J1505-25_57248_7    844.421  57248.8878516461105    0.00  378.41        1
 GUPPI_J1505-25_57248_7    794.113  57248.8878520475127    0.00  366.35        1
 GUPPI_J1505-25_57248_7    745.447  57248.8878525062068    0.00  359.10        1
 GUPPI_J1505-25_57248_7    893.348  57248.8884412272373    0.00  474.96        1
 GUPPI_J1505-25_57248_7    844.695  57248.8884415467313    0.00  301.54        1
 GUPPI_J1505-25_57248_7    794.078  57248.8884419385803    0.00  363.88        1
 GUPPI_J1505-25_57248_7    745.358  57248.8884423948840    0.00  410.42        1
C GUPPI_J1505-25_57248_7    893.424  57248.8890079791483    0.00  865.11        1
 GUPPI_J1505-25_57248_7    844.721  57248.8890082989027    0.00  519.11        1
 GUPPI_J1505-25_57248_7    794.082  57248.8890086977082    0.00  549.08        1
 GUPPI_J1505-25_57248_7    745.446  57248.8890091679895    0.00  528.41        1
 GUPPI_J1505-25_57248_7    893.651  57248.8895284815857    0.00  450.22        1
 GUPPI_J1505-25_57248_7    844.604  57248.8895287939339    0.00  389.85        1
 GUPPI_J1505-25_57248_7    794.139  57248.8895291998637    0.00  408.82        1
 GUPPI_J1505-25_57248_7    745.496  57248.8895296560516    0.00  417.05        1
 GUPPI_J1505-25_57278_6    894.399  57278.7446860287093    0.00  342.28        1
 GUPPI_J1505-25_57278_6    844.145  57278.7446863625458    0.00  262.62        1
 GUPPI_J1505-25_57278_6    794.443  57278.7446867503470    0.00  214.13        1
 GUPPI_J1505-25_57278_6    745.690  57278.7446872153523    0.00  207.89        1
 GUPPI_J1505-25_57278_6    894.330  57278.7452643484524    0.00  240.66        1
 GUPPI_J1505-25_57278_6    844.022  57278.7452646861690    0.00  229.73        1
 GUPPI_J1505-25_57278_6    794.423  57278.7452650719042    0.00  222.23        1
 GUPPI_J1505-25_57278_6    745.684  57278.7452655308529    0.00  220.01        1
 GUPPI_J1505-25_57278_6    894.499  57278.7458426644108    0.00  322.31        1
 GUPPI_J1505-25_57278_6    843.391  57278.7458430083062    0.00  316.05        1
 GUPPI_J1505-25_57278_6    794.403  57278.7458433877198    0.00  307.21        1
 GUPPI_J1505-25_57278_6    745.634  57278.7458438532741    0.00  255.15        1
 GUPPI_J1505-25_57278_6    893.921  57278.7464325603605    0.00  282.75        1
 GUPPI_J1505-25_57278_6    844.467  57278.7464328840802    0.00  464.01        1
 GUPPI_J1505-25_57278_6    794.280  57278.7464332765783    0.00  279.01        1
 GUPPI_J1505-25_57278_6    745.716  57278.7464337354525    0.00  210.48        1
 GUPPI_J1505-25_57278_6    893.802  57278.7470108679868    0.00  379.52        1
 GUPPI_J1505-25_57278_6    844.418  57278.7470112071055    0.00  439.03        1
 GUPPI_J1505-25_57278_6    794.272  57278.7470115986646    0.00  354.16        1
 GUPPI_J1505-25_57278_6    745.674  57278.7470120537350    0.00  271.93        1
 GUPPI_J1505-25_57278_6    893.972  57278.7475429395568    0.00  500.22        1
 GUPPI_J1505-25_57278_6    844.482  57278.7475432609635    0.00  344.54        1
 GUPPI_J1505-25_57278_6    794.221  57278.7475436494803    0.00  371.22        1
 GUPPI_J1505-25_57278_6    745.615  57278.7475441058564    0.00  323.87        1
 GUPPI_J1505-25_57307_5    894.542  57307.6698323349013    0.00  282.39        1
 GUPPI_J1505-25_57307_5    843.719  57307.6698326696863    0.00  236.50        1
 GUPPI_J1505-25_57307_5    794.469  57307.6698330533967    0.00  212.80        1
 GUPPI_J1505-25_57307_5    745.335  57307.6698335232106    0.00  242.11        1
 GUPPI_J1505-25_57307_5    895.111  57307.6704221917582    0.00  272.91        1
 GUPPI_J1505-25_57307_5    843.436  57307.6704225327757    0.00  246.70        1
 GUPPI_J1505-25_57307_5    794.475  57307.6704229182292    0.00  201.48        1
 GUPPI_J1505-25_57307_5    745.308  57307.6704233848051    0.00  284.22        1
 GUPPI_J1505-25_57307_5    894.909  57307.6709889321024    0.00  322.81        1
 GUPPI_J1505-25_57307_5    843.487  57307.6709892685076    0.00  236.10        1
 GUPPI_J1505-25_57307_5    794.497  57307.6709896490781    0.00  240.29        1
 GUPPI_J1505-25_57307_5    745.343  57307.6709901159398    0.00  291.63        1
 GUPPI_J1505-25_57307_5    894.995  57307.6715787969854    0.00  248.82        1
 GUPPI_J1505-25_57307_5    843.753  57307.6715791278255    0.00  204.26        1
 GUPPI_J1505-25_57307_5    794.524  57307.6715795154168    0.00  226.68        1
 GUPPI_J1505-25_57307_5    745.303  57307.6715799838770    0.00  198.45        1
 GUPPI_J1505-25_57307_5    894.553  57307.6721570969024    0.00  278.80        1
 GUPPI_J1505-25_57307_5    843.740  57307.6721574318174    0.00  246.50        1
 GUPPI_J1505-25_57307_5    794.564  57307.6721578091714    0.00  270.58        1
 GUPPI_J1505-25_57307_5    745.353  57307.6721582841743    0.00  258.57        1
 GUPPI_J1505-25_57307_5    894.531  57307.6727006996606    0.00  269.23        1
 GUPPI_J1505-25_57307_5    844.052  57307.6727010353260    0.00  212.57        1
 GUPPI_J1505-25_57307_5    794.475  57307.6727014185386    0.00  248.90        1
 GUPPI_J1505-25_57307_5    745.345  57307.6727018843202    0.00  317.46        1
 GUPPI_J1505-25_57333_5    895.053  57333.6173411563311    0.00  378.81        1
 GUPPI_J1505-25_57333_5    843.069  57333.6173414994768    0.00  313.38        1
 GUPPI_J1505-25_57333_5    794.471  57333.6173418834493    0.00  296.95        1
 GUPPI_J1505-25_57333_5    745.251  57333.6173423428873    0.00  320.82        1
 GUPPI_J1505-25_57333_5    894.567  57333.6179194286916    0.00  402.82        1
 GUPPI_J1505-25_57333_5    843.199  57333.6179197713171    0.00  295.33        1
 GUPPI_J1505-25_57333_5    794.440  57333.6179201470221    0.00  275.44        1
 GUPPI_J1505-25_57333_5    745.314  57333.6179206097229    0.00  273.05        1
 GUPPI_J1505-25_57333_5    895.183  57333.6184861506133    0.00  443.53        1
 GUPPI_J1505-25_57333_5    842.431  57333.6184864970475    0.00  394.36        1
 GUPPI_J1505-25_57333_5    794.460  57333.6184868639853    0.00  340.78        1
 GUPPI_J1505-25_57333_5    745.242  57333.6184873422295    0.00  349.00        1
 GUPPI_J1505-25_57333_5    894.399  57333.6190875573583    0.00  599.08        1
 GUPPI_J1505-25_57333_5    842.944  57333.6190878913961    0.00  432.15        1
 GUPPI_J1505-25_57333_5    794.436  57333.6190882708540    0.00  358.08        1
 GUPPI_J1505-25_57333_5    745.242  57333.6190887369955    0.00  362.01        1
 GUPPI_J1505-25_57333_5    894.564  57333.6196658208538    0.00  428.57        1
 GUPPI_J1505-25_57333_5    843.025  57333.6196661634732    0.00  300.50        1
 GUPPI_J1505-25_57333_5    794.460  57333.6196665475928    0.00  335.95        1
 GUPPI_J1505-25_57333_5    745.256  57333.6196670122413    0.00  285.53        1
 GUPPI_J1505-25_57333_5    894.242  57333.6201862713682    0.00  428.42        1
 GUPPI_J1505-25_57333_5    843.125  57333.6201866177937    0.00  491.62        1
 GUPPI_J1505-25_57333_5    794.451  57333.6201869954643    0.00  431.05        1
 GUPPI_J1505-25_57333_5    745.321  57333.6201874720356    0.00  417.40        1
 GUPPI_J1505-25_57333_5    894.950  57333.6369562534356    0.00  783.04        1
 GUPPI_J1505-25_57333_5    843.211  57333.6369565911223    0.00  411.95        1
 GUPPI_J1505-25_57333_5    794.423  57333.6369569686572    0.00  481.93        1
 GUPPI_J1505-25_57333_5    745.296  57333.6369574378607    0.00  548.35        1
 GUPPI_J1505-25_57333_5    894.866  57333.6375345284772    0.00  399.24        1
 GUPPI_J1505-25_57333_5    843.413  57333.6375348642964    0.00  254.66        1
 GUPPI_J1505-25_57333_5    794.418  57333.6375352500015    0.00  414.79        1
 GUPPI_J1505-25_57333_5    745.296  57333.6375357021659    0.00  448.63        1
 GUPPI_J1505-25_57333_5    893.881  57333.6381127946341    0.00  568.90        1
 GUPPI_J1505-25_57333_5    843.394  57333.6381131462435    0.00  380.29        1
 GUPPI_J1505-25_57333_5    794.406  57333.6381135228000    0.00  515.15        1
 GUPPI_J1505-25_57333_5    745.366  57333.6381139905469    0.00  368.50        1
 GUPPI_J1505-25_57333_5    894.717  57333.6387026506327    0.00  399.73        1
 GUPPI_J1505-25_57333_5    843.176  57333.6387029795962    0.00  304.43        1
 GUPPI_J1505-25_57333_5    794.425  57333.6387033590314    0.00  356.41        1
 GUPPI_J1505-25_57333_5    745.356  57333.6387038298692    0.00  340.23        1
 GUPPI_J1505-25_57333_5    894.224  57333.6392809232238    0.00  450.67        1
 GUPPI_J1505-25_57333_5    843.382  57333.6392812547894    0.00  367.51        1
 GUPPI_J1505-25_57333_5    794.433  57333.6392816412625    0.00  411.08        1
 GUPPI_J1505-25_57333_5    745.344  57333.6392821000783    0.00  388.43        1
 GUPPI_J1505-25_57333_5    894.289  57333.6398129432005    0.00  494.29        1
 GUPPI_J1505-25_57333_5    843.710  57333.6398132700495    0.00  330.20        1
 GUPPI_J1505-25_57333_5    794.409  57333.6398136544637    0.00  423.74        1
 GUPPI_J1505-25_57333_5    745.380  57333.6398141187813    0.00  441.52        1
 GUPPI_J1505-25_57334_5    893.656  57334.6049885816831    0.00  450.05        1
 GUPPI_J1505-25_57334_5    844.224  57334.6049889006015    0.00  322.32        1
 GUPPI_J1505-25_57334_5    794.415  57334.6049892911756    0.00  329.63        1
 GUPPI_J1505-25_57334_5    745.492  57334.6049897621976    0.00  366.12        1
 GUPPI_J1505-25_57334_5    893.408  57334.6055784319570    0.00  717.64        1
 GUPPI_J1505-25_57334_5    844.181  57334.6055787542432    0.00  359.65        1
 GUPPI_J1505-25_57334_5    794.426  57334.6055791372574    0.00  538.95        1
 GUPPI_J1505-25_57334_5    745.459  57334.6055796095009    0.00  479.30        1
C GUPPI_J1505-25_57334_5    893.382  57334.6061667691146    0.00 1496.72        1
 GUPPI_J1505-25_57334_5    844.178  57334.6061685879330    0.00  470.65        1
C GUPPI_J1505-25_57334_5    794.435  57334.6061666363044    0.00 3844.30        1
 GUPPI_J1505-25_57334_5    745.490  57334.6061694391320    0.00  553.14        1
 GUPPI_J1505-25_57334_5    893.784  57334.6067349607043    0.00  477.69        1
 GUPPI_J1505-25_57334_5    844.218  57334.6067352996399    0.00  299.37        1
 GUPPI_J1505-25_57334_5    794.393  57334.6067356846372    0.00  473.27        1
 GUPPI_J1505-25_57334_5    745.742  57334.6067361467271    0.00  395.03        1
 GUPPI_J1505-25_57334_5    893.506  57334.6073363745156    0.00  494.08        1
 GUPPI_J1505-25_57334_5    844.156  57334.6073367070214    0.00  339.63        1
 GUPPI_J1505-25_57334_5    794.364  57334.6073370940654    0.00  468.56        1
 GUPPI_J1505-25_57334_5    745.602  57334.6073375539221    0.00  442.69        1
 GUPPI_J1505-25_57334_5    893.324  57334.6079030891987    0.00  474.20        1
 GUPPI_J1505-25_57334_5    844.241  57334.6079034122596    0.00  504.76        1
C GUPPI_J1505-25_57334_5    794.442  57334.6078984195029    0.00 1544.73        1
 GUPPI_J1505-25_57334_5    745.562  57334.6079042698549    0.00  471.05        1
 GUPPI_J1505-25_57334_5    893.531  57334.6084929247268    0.00  361.57        1
 GUPPI_J1505-25_57334_5    844.183  57334.6084932446346    0.00  315.90        1
 GUPPI_J1505-25_57334_5    794.407  57334.6084936366791    0.00  603.01        1
 GUPPI_J1505-25_57334_5    745.558  57334.6084940971801    0.00  406.28        1
 GUPPI_J1505-25_57334_5    893.855  57334.6090711925550    0.00  509.29        1
 GUPPI_J1505-25_57334_5    844.141  57334.6090715220976    0.00  352.76        1
 GUPPI_J1505-25_57334_5    794.433  57334.6090719148156    0.00  534.30        1
 GUPPI_J1505-25_57334_5    745.569  57334.6090723727126    0.00  435.75        1
 GUPPI_J1505-25_57334_5    893.753  57334.6096494742746    0.00  534.34        1
 GUPPI_J1505-25_57334_5    844.249  57334.6096498021534    0.00  495.40        1
 GUPPI_J1505-25_57334_5    794.422  57334.6096501863498    0.00  528.77        1
 GUPPI_J1505-25_57334_5    745.592  57334.6096506502117    0.00  452.43        1
 GUPPI_J1505-25_57334_5    894.415  57334.6102393064031    0.00  514.51        1
 GUPPI_J1505-25_57334_5    844.221  57334.6102396306619    0.00  455.75        1
C GUPPI_J1505-25_57334_5    794.407  57334.6102387246259    0.00 1608.28        1
 GUPPI_J1505-25_57334_5    745.511  57334.6102404901250    0.00  473.56        1
 GUPPI_J1505-25_57334_5    893.734  57334.6108291634799    0.00  623.29        1
 GUPPI_J1505-25_57334_5    844.121  57334.6108294765426    0.00  445.73        1
 GUPPI_J1505-25_57334_5    794.423  57334.6108298678939    0.00  577.48        1
 GUPPI_J1505-25_57334_5    745.461  57334.6108303443039    0.00  515.80        1
 GUPPI_J1505-25_57334_5    893.433  57334.6113495925949    0.00  461.68        1
 GUPPI_J1505-25_57334_5    844.180  57334.6113499253789    0.00  399.03        1
 GUPPI_J1505-25_57334_5    794.342  57334.6113503073368    0.00  515.76        1
 GUPPI_J1505-25_57334_5    745.484  57334.6113507718149    0.00  482.05        1
 GUPPI_J1505-25_57335_5    893.896  57335.6068135823107    0.00  571.38        1
 GUPPI_J1505-25_57335_5    843.800  57335.6068138975668    0.00  370.59        1
 GUPPI_J1505-25_57335_5    794.091  57335.6068142839839    0.00  351.71        1
 GUPPI_J1505-25_57335_5    745.290  57335.6068147522353    0.00  363.32        1
 GUPPI_J1505-25_57335_5    894.182  57335.6074034167094    0.00  440.97        1
 GUPPI_J1505-25_57335_5    843.702  57335.6074037453542    0.00  338.57        1
 GUPPI_J1505-25_57335_5    794.136  57335.6074041253272    0.00  421.73        1
 GUPPI_J1505-25_57335_5    745.338  57335.6074045893209    0.00  404.42        1
 GUPPI_J1505-25_57335_5    893.681  57335.6079701172932    0.00  515.54        1
 GUPPI_J1505-25_57335_5    843.768  57335.6079704478445    0.00  336.18        1
 GUPPI_J1505-25_57335_5    794.067  57335.6079708378459    0.00  498.98        1
 GUPPI_J1505-25_57335_5    745.294  57335.6079713083424    0.00  466.76        1
 GUPPI_J1505-25_57335_5    893.766  57335.6085715250225    0.00  514.21        1
 GUPPI_J1505-25_57335_5    843.972  57335.6085718587062    0.00  433.41        1
 GUPPI_J1505-25_57335_5    794.063  57335.6085722517947    0.00  522.89        1
 GUPPI_J1505-25_57335_5    745.335  57335.6085727102015    0.00  348.08        1
 GUPPI_J1505-25_57335_5    893.437  57335.6091382406535    0.00  628.31        1
 GUPPI_J1505-25_57335_5    843.708  57335.6091385669956    0.00  381.74        1
 GUPPI_J1505-25_57335_5    794.067  57335.6091389458842    0.00  504.23        1
 GUPPI_J1505-25_57335_5    745.275  57335.6091394092431    0.00  383.20        1
 GUPPI_J1505-25_57335_5    893.376  57335.6097280717248    0.00  718.97        1
 GUPPI_J1505-25_57335_5    843.954  57335.6097283912823    0.00  429.41        1
C GUPPI_J1505-25_57335_5    794.052  57335.6097312673441    0.00 1761.42        1
 GUPPI_J1505-25_57335_5    745.338  57335.6097292454312    0.00  590.90        1
 GUPPI_J1505-25_57335_5    893.682  57335.6103063462639    0.00  503.89        1
 GUPPI_J1505-25_57335_5    843.897  57335.6103066771171    0.00  303.07        1
 GUPPI_J1505-25_57335_5    794.046  57335.6103070539600    0.00  401.52        1
 GUPPI_J1505-25_57335_5    745.362  57335.6103075241698    0.00  376.24        1
 GUPPI_J1505-25_57335_5    893.591  57335.6108961867299    0.00  375.80        1
 GUPPI_J1505-25_57335_5    843.409  57335.6108965079876    0.00  233.78        1
 GUPPI_J1505-25_57335_5    794.061  57335.6108969061781    0.00  301.55        1
 GUPPI_J1505-25_57335_5    745.317  57335.6108973664601    0.00  237.54        1
 GUPPI_J1505-25_57335_5    893.795  57335.6114744513272    0.00  473.25        1
 GUPPI_J1505-25_57335_5    843.795  57335.6114747843536    0.00  262.81        1
 GUPPI_J1505-25_57335_5    794.116  57335.6114751783662    0.00  330.24        1
 GUPPI_J1505-25_57335_5    745.313  57335.6114756328439    0.00  308.24        1
 GUPPI_J1505-25_57335_5    894.231  57335.6120642972365    0.00  403.59        1
 GUPPI_J1505-25_57335_5    843.290  57335.6120646292405    0.00  334.17        1
 GUPPI_J1505-25_57335_5    794.131  57335.6120650112612    0.00  421.05        1
 GUPPI_J1505-25_57335_5    745.333  57335.6120654697557    0.00  416.19        1
 GUPPI_J1505-25_57335_5    893.331  57335.6126425688738    0.00  333.32        1
 GUPPI_J1505-25_57335_5    843.468  57335.6126428911368    0.00  338.74        1
 GUPPI_J1505-25_57335_5    794.059  57335.6126432943458    0.00  358.40        1
 GUPPI_J1505-25_57335_5    745.352  57335.6126437456487    0.00  254.71        1
 GUPPI_J1505-25_57335_5    893.861  57335.6131630112370    0.00  520.85        1
 GUPPI_J1505-25_57335_5    844.062  57335.6131633349364    0.00  349.07        1
 GUPPI_J1505-25_57335_5    794.251  57335.6131637349537    0.00  475.86        1
 GUPPI_J1505-25_57335_5    745.403  57335.6131641853033    0.00  352.82        1
C GUPPI_J1505-25_57337_5    895.098  57337.6049416603121    0.00  726.56        1
 GUPPI_J1505-25_57337_5    842.443  57337.6049419740067    0.00  370.30        1
 GUPPI_J1505-25_57337_5    794.707  57337.6049423444359    0.00  625.72        1
 GUPPI_J1505-25_57337_5    745.190  57337.6049428251801    0.00  611.69        1
 GUPPI_J1505-25_57337_5    895.693  57337.6055199000105    0.00  575.85        1
 GUPPI_J1505-25_57337_5    842.125  57337.6055202489281    0.00  355.50        1
 GUPPI_J1505-25_57337_5    794.654  57337.6055206185381    0.00  411.26        1
 GUPPI_J1505-25_57337_5    745.154  57337.6055210934718    0.00  362.57        1
 GUPPI_J1505-25_57337_5    895.179  57337.6061097423524    0.00  633.78        1
 GUPPI_J1505-25_57337_5    842.219  57337.6061100888080    0.00  508.78        1
 GUPPI_J1505-25_57337_5    794.743  57337.6061104639328    0.00  409.41        1
 GUPPI_J1505-25_57337_5    745.185  57337.6061109296648    0.00  461.46        1
 GUPPI_J1505-25_57337_5    895.756  57337.6066764528917    0.00  555.05        1
 GUPPI_J1505-25_57337_5    842.116  57337.6066767858987    0.00  393.45        1
 GUPPI_J1505-25_57337_5    794.890  57337.6066771604648    0.00  469.53        1
 GUPPI_J1505-25_57337_5    745.126  57337.6066776295191    0.00  364.70        1
 GUPPI_J1505-25_57337_5    894.748  57337.6072547131335    0.00  539.48        1
 GUPPI_J1505-25_57337_5    842.445  57337.6072550669489    0.00  313.48        1
 GUPPI_J1505-25_57337_5    794.768  57337.6072554391518    0.00  320.97        1
 GUPPI_J1505-25_57337_5    745.149  57337.6072559072119    0.00  367.79        1
C GUPPI_J1505-25_57337_5    895.375  57337.6078394991050    0.00 1658.22        1
 GUPPI_J1505-25_57337_5    842.145  57337.6078448946476    0.00  383.69        1
 GUPPI_J1505-25_57337_5    794.716  57337.6078452752913    0.00  382.39        1
 GUPPI_J1505-25_57337_5    745.194  57337.6078457419406    0.00  512.48        1
 GUPPI_J1505-25_57337_5    895.727  57337.6084343964558    0.00  540.80        1
 GUPPI_J1505-25_57337_5    841.836  57337.6084347463936    0.00  379.43        1
 GUPPI_J1505-25_57337_5    794.815  57337.6084351130390    0.00  448.70        1
 GUPPI_J1505-25_57337_5    745.158  57337.6084355822292    0.00  384.14        1
 GUPPI_J1505-25_57337_5    896.003  57337.6194215398858    0.00  624.74        1
 GUPPI_J1505-25_57337_5    842.419  57337.6194218834274    0.00  411.13        1
 GUPPI_J1505-25_57337_5    794.861  57337.6194222525357    0.00  546.18        1
 GUPPI_J1505-25_57337_5    745.332  57337.6194227274810    0.00  382.32        1
 GUPPI_J1505-25_57337_5    894.716  57337.6200229471943    0.00  670.56        1
 GUPPI_J1505-25_57337_5    842.828  57337.6200232864434    0.00  377.93        1
 GUPPI_J1505-25_57337_5    794.691  57337.6200236572392    0.00  568.67        1
 GUPPI_J1505-25_57337_5    745.238  57337.6200241255201    0.00  557.46        1
 GUPPI_J1505-25_57337_5    895.840  57337.6205896319209    0.00  448.75        1
 GUPPI_J1505-25_57337_5    842.372  57337.6205899924366    0.00  366.71        1
 GUPPI_J1505-25_57337_5    794.939  57337.6205903700754    0.00  386.93        1
 GUPPI_J1505-25_57337_5    745.244  57337.6205908394086    0.00  370.85        1
 GUPPI_J1505-25_57337_5    896.203  57337.6211910479190    0.00  828.78        1
C GUPPI_J1505-25_57337_5    842.623  57337.6211871698609    0.00 1502.00        1
C GUPPI_J1505-25_57337_5    794.870  57337.6211870666874    0.00 2633.41        1
C GUPPI_J1505-25_57337_5    745.287  57337.6211899857950    0.00 2319.10        1
 GUPPI_J1505-25_57337_5    895.342  57337.6217114948586    0.00  687.09        1
 GUPPI_J1505-25_57337_5    842.375  57337.6217118427960    0.00  397.96        1
 GUPPI_J1505-25_57337_5    794.751  57337.6217122165509    0.00  369.59        1
 GUPPI_J1505-25_57337_5    745.214  57337.6217126879707    0.00  568.42        1
 GUPPI_J1505-25_57340_5    895.673  57340.5893352296878    0.00  684.75        1
 GUPPI_J1505-25_57340_5    844.149  57340.5893355688011    0.00  460.83        1
 GUPPI_J1505-25_57340_5    794.462  57340.5893359683842    0.00  364.80        1
 GUPPI_J1505-25_57340_5    745.317  57340.5893364334519    0.00  405.41        1
 GUPPI_J1505-25_57340_5    895.493  57340.5899134836492    0.00  698.22        1
 GUPPI_J1505-25_57340_5    844.310  57340.5899138433114    0.00  416.59        1
 GUPPI_J1505-25_57340_5    794.471  57340.5899142229248    0.00  479.66        1
 GUPPI_J1505-25_57340_5    745.306  57340.5899146951458    0.00  405.17        1
C GUPPI_J1505-25_57340_5    895.860  57340.5904317751409    0.00 1192.28        1
 GUPPI_J1505-25_57340_5    843.948  57340.5904342821995    0.00  518.17        1
 GUPPI_J1505-25_57340_5    794.505  57340.5904346627809    0.00  521.97        1
C GUPPI_J1505-25_57340_5    745.279  57340.5904316590585    0.00 1555.37        1
 GUPPI_J1505-25_57340_5    895.618  57340.5910700357645    0.00  660.80        1
 GUPPI_J1505-25_57340_5    844.133  57340.5910703750601    0.00  477.15        1
 GUPPI_J1505-25_57340_5    794.451  57340.5910707583143    0.00  408.91        1
 GUPPI_J1505-25_57340_5    745.379  57340.5910712342714    0.00  533.33        1
 GUPPI_J1505-25_57340_5    895.448  57340.5916483046240    0.00  456.16        1
 GUPPI_J1505-25_57340_5    844.286  57340.5916486485262    0.00  400.27        1
 GUPPI_J1505-25_57340_5    794.472  57340.5916490349722    0.00  376.96        1
 GUPPI_J1505-25_57340_5    745.369  57340.5916494917748    0.00  403.71        1
 GUPPI_J1505-25_57340_5    895.419  57340.5921803093446    0.00  757.57        1
 GUPPI_J1505-25_57340_5    844.235  57340.5921806524574    0.00  491.08        1
 GUPPI_J1505-25_57340_5    794.460  57340.5921810335423    0.00  541.09        1
 GUPPI_J1505-25_57340_5    745.335  57340.5921815095313    0.00  508.60        1
 GUPPI_J1505-25_57353_4    894.246  57353.5382298438053    0.00  525.57        1
 GUPPI_J1505-25_57353_4    844.266  57353.5382301768644    0.00  373.88        1
 GUPPI_J1505-25_57353_4    794.422  57353.5382305645722    0.00  452.92        1
 GUPPI_J1505-25_57353_4    745.488  57353.5382310256975    0.00  465.04        1
 GUPPI_J1505-25_57353_4    894.192  57353.5388196645279    0.00  652.22        1
 GUPPI_J1505-25_57353_4    844.235  57353.5388199883320    0.00  336.52        1
 GUPPI_J1505-25_57353_4    794.393  57353.5388203889601    0.00  504.12        1
 GUPPI_J1505-25_57353_4    745.368  57353.5388208565386    0.00  587.72        1
 GUPPI_J1505-25_57353_4    894.065  57353.5393863580761    0.00  517.23        1
 GUPPI_J1505-25_57353_4    844.170  57353.5393866816994    0.00  350.70        1
 GUPPI_J1505-25_57353_4    794.408  57353.5393870748218    0.00  488.89        1
 GUPPI_J1505-25_57353_4    745.408  57353.5393875355451    0.00  465.29        1
 GUPPI_J1505-25_57353_4    894.355  57353.5399761824421    0.00  643.31        1
 GUPPI_J1505-25_57353_4    843.935  57353.5399765107264    0.00  383.82        1
 GUPPI_J1505-25_57353_4    794.415  57353.5399768962950    0.00  518.54        1
 GUPPI_J1505-25_57353_4    745.390  57353.5399773607295    0.00  519.77        1
 GUPPI_J1505-25_57353_4    894.848  57353.5405659855255    0.00  770.59        1
 GUPPI_J1505-25_57353_4    843.590  57353.5405663288513    0.00  558.64        1
 GUPPI_J1505-25_57353_4    794.463  57353.5405667131864    0.00  449.21        1
 GUPPI_J1505-25_57353_4    745.334  57353.5405671763571    0.00  600.09        1
C GUPPI_J1505-25_57353_4    894.100  57353.5411313210865    0.00 1065.32        1
 GUPPI_J1505-25_57353_4    844.161  57353.5411330101119    0.00  409.56        1
 GUPPI_J1505-25_57353_4    794.431  57353.5411334062464    0.00  319.14        1
 GUPPI_J1505-25_57353_4    745.381  57353.5411338690395    0.00  477.00        1
 GUPPI_J1505-25_57353_4    894.067  57353.5417109437305    0.00  481.85        1
 GUPPI_J1505-25_57353_4    843.979  57353.5417112649226    0.00  451.65        1
 GUPPI_J1505-25_57353_4    794.489  57353.5417116623262    0.00  470.27        1
 GUPPI_J1505-25_57353_4    745.429  57353.5417121154275    0.00  520.86        1
 GUPPI_J1505-25_57353_4    894.753  57353.5422776316099    0.00  491.87        1
 GUPPI_J1505-25_57353_4    843.696  57353.5422779581810    0.00  433.79        1
 GUPPI_J1505-25_57353_4    794.394  57353.5422783526263    0.00  433.76        1
 GUPPI_J1505-25_57353_4    745.456  57353.5422788056912    0.00  411.29        1
 GUPPI_J1505-25_57353_4    895.176  57353.5428674430621    0.00  477.26        1
 GUPPI_J1505-25_57353_4    844.136  57353.5428677786587    0.00  304.79        1
 GUPPI_J1505-25_57353_4    794.431  57353.5428681708908    0.00  424.92        1
 GUPPI_J1505-25_57353_4    745.477  57353.5428686352344    0.00  358.95        1
 GUPPI_J1505-25_57353_4    895.208  57353.5434688369834    0.00  468.86        1
 GUPPI_J1505-25_57353_4    844.069  57353.5434691772510    0.00  349.28        1
 GUPPI_J1505-25_57353_4    794.429  57353.5434695561039    0.00  450.81        1
 GUPPI_J1505-25_57353_4    745.377  57353.5434700215197    0.00  429.24        1
 GUPPI_J1505-25_57353_4    895.091  57353.5440239458497    0.00  442.10        1
 GUPPI_J1505-25_57353_4    844.204  57353.5440242926993    0.00  384.33        1
 GUPPI_J1505-25_57353_4    794.399  57353.5440246730834    0.00  415.78        1
 GUPPI_J1505-25_57353_4    745.544  57353.5440251416770    0.00  399.82        1
C GUPPI_J1505-25_57353_4    894.299  57353.5445675191243    0.00  994.20        1
 GUPPI_J1505-25_57353_4    844.312  57353.5445678583897    0.00  590.33        1
 GUPPI_J1505-25_57353_4    794.384  57353.5445682421037    0.00  655.30        1
 GUPPI_J1505-25_57353_4    745.519  57353.5445687022063    0.00  550.14        1
 GUPPI_J1505-25_57364_4    893.577  57364.5148217090362    0.00  508.19        1
 GUPPI_J1505-25_57364_4    843.915  57364.5148220404665    0.00  320.06        1
 GUPPI_J1505-25_57364_4    794.489  57364.5148224338389    0.00  559.96        1
 GUPPI_J1505-25_57364_4    745.436  57364.5148228907298    0.00  686.27        1
 GUPPI_J1505-25_57364_4    893.961  57364.5153999536297    0.00  459.96        1
 GUPPI_J1505-25_57364_4    843.562  57364.5154002892320    0.00  394.86        1
 GUPPI_J1505-25_57364_4    794.516  57364.5154006694143    0.00  513.20        1
 GUPPI_J1505-25_57364_4    745.359  57364.5154011296378    0.00  407.48        1
 GUPPI_J1505-25_57364_4    893.807  57364.5159897596373    0.00  269.16        1
 GUPPI_J1505-25_57364_4    843.805  57364.5159900872481    0.00  232.89        1
 GUPPI_J1505-25_57364_4    794.438  57364.5159904730589    0.00  335.13        1
 GUPPI_J1505-25_57364_4    745.309  57364.5159909398044    0.00  411.17        1
 GUPPI_J1505-25_57364_4    893.532  57364.5165564490197    0.00  500.68        1
 GUPPI_J1505-25_57364_4    843.804  57364.5165567747892    0.00  328.19        1
 GUPPI_J1505-25_57364_4    794.494  57364.5165571624224    0.00  434.49        1
 GUPPI_J1505-25_57364_4    745.373  57364.5165576207551    0.00  432.26        1
 GUPPI_J1505-25_57364_4    893.693  57364.5171346959319    0.00  439.64        1
 GUPPI_J1505-25_57364_4    843.746  57364.5171350226435    0.00  437.79        1
 GUPPI_J1505-25_57364_4    794.428  57364.5171354001844    0.00  497.57        1
 GUPPI_J1505-25_57364_4    745.387  57364.5171358695304    0.00  490.27        1
 GUPPI_J1505-25_57364_4    894.001  57364.5177244899398    0.00  619.53        1
 GUPPI_J1505-25_57364_4    843.899  57364.5177248187961    0.00  381.19        1
 GUPPI_J1505-25_57364_4    794.484  57364.5177252157287    0.00  557.50        1
 GUPPI_J1505-25_57364_4    745.360  57364.5177256818782    0.00  431.73        1
 GUPPI_J1505-25_57364_4    893.701  57364.5182911777141    0.00  525.40        1
 GUPPI_J1505-25_57364_4    843.915  57364.5182915066802    0.00  416.17        1
 GUPPI_J1505-25_57364_4    794.489  57364.5182918942693    0.00  597.49        1
 GUPPI_J1505-25_57364_4    745.471  57364.5182923504467    0.00  502.49        1
 GUPPI_J1505-25_57364_4    893.806  57364.5189041194456    0.00  424.41        1
 GUPPI_J1505-25_57364_4    843.790  57364.5189044464382    0.00  488.15        1
 GUPPI_J1505-25_57364_4    794.433  57364.5189048364859    0.00  635.09        1
 GUPPI_J1505-25_57364_4    745.377  57364.5189053003205    0.00  431.54        1
 GUPPI_J1505-25_57364_4    893.634  57364.5194823682944    0.00  570.69        1
 GUPPI_J1505-25_57364_4    843.852  57364.5194826951654    0.00  424.88        1
 GUPPI_J1505-25_57364_4    794.539  57364.5194830776896    0.00  555.79        1
 GUPPI_J1505-25_57364_4    745.372  57364.5194835439331    0.00  445.79        1
 GUPPI_J1505-25_57364_4    893.605  57364.5200605923163    0.00  565.88        1
 GUPPI_J1505-25_57364_4    843.825  57364.5200609332156    0.00  425.78        1
 GUPPI_J1505-25_57364_4    794.468  57364.5200613121270    0.00  735.82        1
 GUPPI_J1505-25_57364_4    745.367  57364.5200617900435    0.00  475.11        1
C GUPPI_J1505-25_57364_4    893.770  57364.5206330988282    0.00 1162.23        1
 GUPPI_J1505-25_57364_4    843.946  57364.5206276052229    0.00  431.75        1
 GUPPI_J1505-25_57364_4    794.470  57364.5206279876648    0.00  618.75        1
 GUPPI_J1505-25_57364_4    745.397  57364.5206284632697    0.00  616.06        1
 GUPPI_J1505-25_57364_4    893.958  57364.5211477000033    0.00  469.06        1
 GUPPI_J1505-25_57364_4    843.454  57364.5211480406185    0.00  352.42        1
 GUPPI_J1505-25_57364_4    794.421  57364.5211484130651    0.00  570.98        1
 GUPPI_J1505-25_57364_4    745.336  57364.5211488898354    0.00  519.62        1
 GUPPI_J1505-25_57369_4    893.565  57369.5566259330635    0.00  333.84        1
 GUPPI_J1505-25_57369_4    843.798  57369.5566262619867    0.00  307.48        1
 GUPPI_J1505-25_57369_4    794.164  57369.5566266466439    0.00  368.30        1
 GUPPI_J1505-25_57369_4    745.431  57369.5566271116638    0.00  332.43        1
 GUPPI_J1505-25_57369_4    893.822  57369.5571926012045    0.00  353.00        1
 GUPPI_J1505-25_57369_4    844.013  57369.5571929294772    0.00  306.67        1
 GUPPI_J1505-25_57369_4    794.238  57369.5571933210881    0.00  357.00        1
 GUPPI_J1505-25_57369_4    745.426  57369.5571937771123    0.00  361.92        1
 GUPPI_J1505-25_57369_4    894.460  57369.5577824076587    0.00  375.56        1
 GUPPI_J1505-25_57369_4    843.500  57369.5577827486241    0.00  254.29        1
 GUPPI_J1505-25_57369_4    794.105  57369.5577831297710    0.00  396.55        1
 GUPPI_J1505-25_57369_4    745.385  57369.5577835977906    0.00  350.41        1
 GUPPI_J1505-25_57369_4    893.596  57369.5583606417511    0.00  487.40        1
 GUPPI_J1505-25_57369_4    843.648  57369.5583609693775    0.00  528.64        1
 GUPPI_J1505-25_57369_4    794.192  57369.5583613647965    0.00  458.39        1
 GUPPI_J1505-25_57369_4    745.356  57369.5583618248941    0.00  536.41        1
 GUPPI_J1505-25_57369_4    894.256  57369.5589620078280    0.00  375.76        1
 GUPPI_J1505-25_57369_4    843.656  57369.5589623597206    0.00  346.45        1
 GUPPI_J1505-25_57369_4    794.200  57369.5589627370688    0.00  295.29        1
 GUPPI_J1505-25_57369_4    745.420  57369.5589632014251    0.00  303.31        1
C GUPPI_J1505-25_57369_4    894.085  57369.5594617908623    0.00 1065.46        1
 GUPPI_J1505-25_57369_4    843.594  57369.5594596332749    0.00  456.95        1
C GUPPI_J1505-25_57369_4    794.164  57369.5594616481931    0.00 1327.96        1
 GUPPI_J1505-25_57369_4    745.463  57369.5594604874437    0.00  468.30        1
 GUPPI_J1505-25_57399_4    893.883  57399.5363296700866    0.00  350.89        1
 GUPPI_J1505-25_57399_4    844.289  57399.5363299855387    0.00  266.39        1
 GUPPI_J1505-25_57399_4    791.826  57399.5363304078906    0.00  337.68        1
 GUPPI_J1505-25_57399_4    745.927  57399.5363308315302    0.00  346.99        1
 GUPPI_J1505-25_57399_4    894.393  57399.5369078758533    0.00  393.44        1
 GUPPI_J1505-25_57399_4    844.276  57399.5369082063254    0.00  250.09        1
 GUPPI_J1505-25_57399_4    791.939  57399.5369086235868    0.00  458.06        1
 GUPPI_J1505-25_57399_4    745.905  57399.5369090597497    0.00  323.62        1
 GUPPI_J1505-25_57399_4    894.083  57399.5374861070338    0.00  339.98        1
 GUPPI_J1505-25_57399_4    844.418  57399.5374864285897    0.00  242.51        1
 GUPPI_J1505-25_57399_4    791.864  57399.5374868428800    0.00  390.68        1
 GUPPI_J1505-25_57399_4    745.910  57399.5374872791018    0.00  330.63        1
 GUPPI_J1505-25_57399_4    894.461  57399.5380643158945    0.00  383.71        1
 GUPPI_J1505-25_57399_4    844.304  57399.5380646582809    0.00  327.80        1
 GUPPI_J1505-25_57399_4    791.847  57399.5380650659731    0.00  572.91        1
 GUPPI_J1505-25_57399_4    745.903  57399.5380654990470    0.00  384.08        1
 GUPPI_J1505-25_57399_4    893.958  57399.5386541010686    0.00  364.43        1
 GUPPI_J1505-25_57399_4    844.243  57399.5386544326185    0.00  256.35        1
 GUPPI_J1505-25_57399_4    791.839  57399.5386548468726    0.00  423.45        1
 GUPPI_J1505-25_57399_4    745.895  57399.5386552770391    0.00  385.91        1
 GUPPI_J1505-25_57399_4    894.207  57399.5391745090380    0.00  560.53        1
 GUPPI_J1505-25_57399_4    844.196  57399.5391748233176    0.00  356.83        1
 GUPPI_J1505-25_57399_4    791.871  57399.5391752463858    0.00  451.86        1
 GUPPI_J1505-25_57399_4    745.883  57399.5391756835729    0.00  407.54        1
