 GUPPI_1530-21_56901_07    377.261  56901.0887146473694    0.00  396.46        1
 GUPPI_1530-21_56901_07    324.935  56901.0887191050421    0.00  166.35        1
 GUPPI_1530-21_56901_07    377.463  56901.0914462828064    0.00  706.22        1
 GUPPI_1530-21_56901_07    324.953  56901.0914507628303    0.00  347.97        1
C GUPPI_1530-21_56902_69    377.842  56902.8075301597706    0.00 2536.93        1
 GUPPI_1530-21_56902_69    324.752  56902.8075321717729    0.00  341.58        1
C GUPPI_1530-21_56902_69    377.850  56902.8109670853389    0.00 1092.53        1
 GUPPI_1530-21_56902_69    324.750  56902.8109716081811    0.00  571.48        1
C GUPPI_1530-21_56903_02    377.952  56903.0283204157409    0.00 1478.00        1
 GUPPI_1530-21_56903_02    324.741  56903.0283230320124    0.00  198.12        1
 GUPPI_1530-21_56903_02    378.106  56903.0317579305270    0.00  572.50        1
 GUPPI_1530-21_56903_02    324.717  56903.0317624790210    0.00  321.91        1
 GUPPI_GBNCC103313_5658    349.566  56588.8593272058845    0.00  539.28        1
 GUPPI_GBNCC103690_5658    375.621  56588.8577401016602    0.00  751.60        1
 GUPPI_GBNCC103690_5658    324.924  56588.8577444475606    0.00  473.17        1
C GUPPI_J1530-21_0_57071    864.974  57071.3589167903462    0.00 1184.57        1
C GUPPI_J1530-21_0_57071    769.460  57071.3589174207426    0.00 1396.87        1
C GUPPI_J1530-21_1_57071    864.692  57071.3611917173252    0.00 1893.48        1
C GUPPI_J1530-21_1_57071    769.489  57071.3611924086116    0.00 1784.96        1
 GUPPI_J1530-21_2_57071    864.925  57071.3634082382368    0.00  596.23        1
 GUPPI_J1530-21_2_57071    769.460  57071.3634088761104    0.00  578.62        1
C GUPPI_J1530-21_3_57071    864.979  57071.3656422843896    0.00 1879.30        1
C GUPPI_J1530-21_3_57071    769.600  57071.3656429126976    0.00 1224.60        1
C GUPPI_J1530-21_4_57071    865.228  57071.3673879054965    0.00 1571.51        1
C GUPPI_J1530-21_4_57071    769.662  57071.3673876946229    0.00 1847.09        1
C GUPPI_J1530-21_4_57071    865.108  57071.3683719119451    0.00 2651.74        1
C GUPPI_J1530-21_4_57071    769.639  57071.3683722833258    0.00 1803.17        1
C GUPPI_J1530-21_5_57071    865.213  57071.3695914140728    0.00 1171.58        1
C GUPPI_J1530-21_5_57071    769.481  57071.3695908883045    0.00 2149.72        1
C GUPPI_J1530-21_5_57071    865.373  57071.3705841860846    0.00 2221.60        1
C GUPPI_J1530-21_5_57071    769.467  57071.3705847987949    0.00 1625.51        1
 GUPPI_J1530-21_57079_3    864.793  57079.4467447492652    0.00  642.77        1
 GUPPI_J1530-21_57079_3    769.576  57079.4467453924948    0.00  606.17        1
 GUPPI_J1530-21_57079_3    864.834  57079.4484407428585    0.00  922.10        1
 GUPPI_J1530-21_57079_3    769.525  57079.4484413697969    0.00  757.48        1
 GUPPI_J1530-21_57100_2    865.305  57100.2461101834406    0.00  824.19        1
 GUPPI_J1530-21_57100_2    769.501  57100.2461108219270    0.00  557.57        1
 GUPPI_J1530-21_57130_1    864.713  57130.1973710106922    0.00  451.58        1
 GUPPI_J1530-21_57130_1    769.611  57130.1973716480712    0.00  314.23        1
 GUPPI_J1530-21_57163_1    864.790  57163.1482694170799    0.00  377.69        1
 GUPPI_J1530-21_57163_1    775.854  57163.1482700031116    0.00  436.59        1
 GUPPI_J1530-21_57193_0    865.372  57193.1136526973130    0.00  290.78        1
 GUPPI_J1530-21_57193_0    768.977  57193.1136533445264    0.00  248.21        1
 GUPPI_J1530-21_57222_7    864.727  57222.9234408184817    0.00  480.17        1
 GUPPI_J1530-21_57222_7    768.898  57222.9234414691050    0.00  472.12        1
C GUPPI_J1530-21_57248_7    865.633  57248.8920178230821    0.00 1246.40        1
 GUPPI_J1530-21_57248_7    769.327  57248.8920184812688    0.00  932.60        1
 GUPPI_J1530-21_57278_6    866.390  57278.7500142411923    0.00  896.22        1
 GUPPI_J1530-21_57278_6    769.846  57278.7500148984762    0.00  806.42        1
 GUPPI_J1530-21_57307_5    866.082  57307.6755934819875    0.00  624.02        1
 GUPPI_J1530-21_57307_5    769.702  57307.6755941266652    0.00  638.46        1
 GUPPI_J1530-21_57333_5    864.761  57333.6218525280848    0.00  834.67        1
 GUPPI_J1530-21_57333_5    769.796  57333.6218531784779    0.00  541.67        1
 GUPPI_J1530-21_57333_5    864.729  57333.6235311717184    0.00  869.68        1
 GUPPI_J1530-21_57333_5    769.815  57333.6235318034395    0.00  696.72        1
 GUPPI_J1530-21_57333_5    865.252  57333.6429847163495    0.00  444.03        1
 GUPPI_J1530-21_57333_5    769.887  57333.6429853498878    0.00  447.88        1
 GUPPI_J1530-21_57334_5    865.496  57334.6138482488585    0.00  867.50        1
 GUPPI_J1530-21_57334_5    769.509  57334.6138488912577    0.00  593.06        1
 GUPPI_J1530-21_57334_5    865.789  57334.6172874040996    0.00  641.32        1
 GUPPI_J1530-21_57334_5    769.804  57334.6172880542879    0.00  818.53        1
 GUPPI_J1530-21_57335_5    865.008  57335.6173704481397    0.00  525.35        1
 GUPPI_J1530-21_57335_5    769.213  57335.6173711040654    0.00  367.25        1
 GUPPI_J1530-21_57337_5    865.587  57337.6113081567364    0.00  596.34        1
 GUPPI_J1530-21_57337_5    769.917  57337.6113087866097    0.00  596.55        1
 GUPPI_J1530-21_57337_5    864.833  57337.6242868424110    0.00  793.81        1
 GUPPI_J1530-21_57337_5    769.837  57337.6242874705270    0.00  785.02        1
C GUPPI_J1530-21_57340_5    865.144  57340.5948614110778    0.00 1144.14        1
 GUPPI_J1530-21_57340_5    769.654  57340.5948620694137    0.00  701.32        1
 GUPPI_J1530-21_57353_4    866.032  57353.5480845720891    0.00  644.72        1
 GUPPI_J1530-21_57353_4    769.960  57353.5480852172044    0.00  382.59        1
 GUPPI_J1530-21_57353_4    866.289  57353.5531320389389    0.00  655.12        1
 GUPPI_J1530-21_57353_4    769.915  57353.5531326723408    0.00  403.13        1
 GUPPI_J1530-21_57364_4    865.561  57364.5245276397046    0.00  442.69        1
 GUPPI_J1530-21_57364_4    769.847  57364.5245282821946    0.00  433.56        1
 GUPPI_J1530-21_57364_4    865.132  57364.5296100838541    0.00  306.72        1
 GUPPI_J1530-21_57364_4    769.734  57364.5296107232690    0.00  346.51        1
 GUPPI_J1530-21_57369_4    866.091  57369.5620763284354    0.00  614.16        1
 GUPPI_J1530-21_57369_4    769.523  57369.5620769615563    0.00  701.20        1
 GUPPI_J1530-21_57399_4    865.263  57399.5417559708073    0.00  629.11        1
 GUPPI_J1530-21_57399_4    766.930  57399.5417566351619    0.00  470.06        1
C GUPPI_J1530-21_6_57071    865.227  57071.3718031897357    0.00 1804.33        1
C GUPPI_J1530-21_6_57071    769.468  57071.3718017060581    0.00 1488.33        1
C GUPPI_J1530-21_6_57071    864.983  57071.3727870442425    0.00 1711.23        1
C GUPPI_J1530-21_6_57071    769.509  57071.3727865245806    0.00 1824.63        1
