1                894.998 56351.2996293513416  237.922                 0.00000
1                845.135 56351.2996296873476  226.111                 0.00000
1                793.914 56351.2996301047978  321.722                 0.00000
1                745.047 56351.2996305864644  329.769                 0.00000
1                894.998 56351.3002111001319  269.422                 0.00000
1                845.135 56351.3002114381665  253.170                 0.00000
1                793.914 56351.3002118575576  237.389                 0.00000
1                745.047 56351.3002123361775  260.227                 0.00000
1                894.998 56351.3007928565891  379.464                 0.00000
1                845.135 56351.3007931961455  249.285                 0.00000
1                793.914 56351.3007936133304  273.505                 0.00000
1                745.047 56351.3007940911061  310.232                 0.00000
1                894.998 56351.3012005389913  353.601                 0.00000
1                845.135 56351.3012008784373  341.352                 0.00000
1                793.914 56351.3012012993915  418.198                 0.00000
1                745.047 56351.3012017758961  428.158                 0.00000
1                894.998 56365.1917531854968  274.323                 0.00000
1                845.140 56365.1917535191420  253.606                 0.00000
1                795.047 56365.1917539225259  273.064                 0.00000
1                745.047 56365.1917544189005  236.354                 0.00000
1                894.998 56365.1923349366849  431.992                 0.00000
1                845.140 56365.1923352788939  217.109                 0.00000
1                795.047 56365.1923356798625  329.291                 0.00000
1                745.047 56365.1923361722793  233.972                 0.00000
1                894.998 56365.1929166927154  408.408                 0.00000
1                845.140 56365.1929170258865  300.808                 0.00000
1                795.047 56365.1929174324238  329.247                 0.00000
1                745.047 56365.1929179229284  232.996                 0.00000
1                894.998 56365.1933289484158  352.442                 0.00000
1                845.140 56365.1933292910281  335.971                 0.00000
1                795.047 56365.1933297050126  471.590                 0.00000
1                745.047 56365.1933302052015  703.186                 0.00000
1                894.977 56385.1289975623549  286.963                 0.00000
1                845.047 56385.1289979068106  185.502                 0.00000
1                795.047 56385.1289983117085  210.652                 0.00000
1                745.066 56385.1289987976020  251.464                 0.00000
1                894.977 56385.1295747458001  258.010                 0.00000
1                845.047 56385.1295750820418  219.173                 0.00000
1                795.047 56385.1295754854007  272.979                 0.00000
1                745.066 56385.1295759729620  323.238                 0.00000
1                894.977 56385.1301610808396  257.874                 0.00000
1                845.047 56385.1301614159992  201.218                 0.00000
1                795.047 56385.1301618235983  204.485                 0.00000
1                745.066 56385.1301623116902  270.167                 0.00000
1                894.977 56385.1305779329507  330.017                 0.00000
1                845.047 56385.1305736869449  345.804                 0.00000
1                795.047 56385.1305740965248  364.487                 0.00000
1                745.066 56385.1305745836007  435.887                 0.00000
1                895.004 56406.1264817675797  265.344                 0.00000
1                845.047 56406.1264821106128  365.114                 0.00000
1                795.047 56406.1264825119035  434.472                 0.00000
1                745.047 56406.1264830113590  304.305                 0.00000
1                895.004 56406.1270635283246  322.004                 0.00000
1                845.047 56406.1270638663682  313.029                 0.00000
1                795.047 56406.1270642670318  430.730                 0.00000
1                745.047 56406.1270647632896  360.006                 0.00000
1                895.004 56406.1276452753440  376.391                 0.00000
1                845.047 56406.1276456157819  318.650                 0.00000
1                795.047 56406.1276460236450  262.960                 0.00000
1                745.047 56406.1276465158785  303.321                 0.00000
1                895.004 56406.1280529669465  414.970                 0.00000
1                845.047 56406.1280533031437  437.018                 0.00000
1                795.047 56406.1280537144580  668.318                 0.00000
1                745.047 56406.1280542041729  451.019                 0.00000
1                894.372 56414.0546549304860  277.869                 0.00000
1                845.959 56414.0546552594278  227.311                 0.00000
1                794.316 56414.0546556703589  284.074                 0.00000
1                745.047 56414.0546561590487  329.208                 0.00000
1                894.372 56414.0552458384991  350.377                 0.00000
1                845.959 56414.0552461747657  242.182                 0.00000
1                794.316 56414.0552465872273  218.804                 0.00000
1                745.047 56414.0552470750739  244.927                 0.00000
1                894.372 56414.0558230105464  264.901                 0.00000
1                845.959 56414.0558233400394  241.622                 0.00000
1                794.316 56414.0558237643106  206.459                 0.00000
1                745.047 56414.0558242440158  336.152                 0.00000
1                894.372 56414.0562306902142  387.651                 0.00000
1                845.959 56414.0562310241020  352.458                 0.00000
1                794.316 56414.0562314458486  295.367                 0.00000
1                745.047 56414.0562319251023  361.109                 0.00000
1                894.601 56415.0352991833844  334.565                 0.00000
1                845.047 56415.0352995197182  283.323                 0.00000
1                794.891 56415.0352999234200  228.073                 0.00000
1                745.047 56415.0353004083563  215.882                 0.00000
1                894.601 56415.0358809344433  315.080                 0.00000
1                845.047 56415.0358812622992  268.217                 0.00000
1                794.891 56415.0358816753958  186.245                 0.00000
1                745.047 56415.0358821551967  265.698                 0.00000
1                894.601 56415.0364672692853  404.509                 0.00000
1                845.047 56415.0364675942484  222.982                 0.00000
1                794.891 56415.0364680018715  229.269                 0.00000
1                745.047 56415.0364684862327  230.200                 0.00000
1                894.601 56415.0368749480251  528.764                 0.00000
1                845.047 56415.0368752833848  326.360                 0.00000
1                794.891 56415.0368756758157  351.738                 0.00000
1                745.047 56415.0368761748610  316.937                 0.00000
1                894.839 56416.0042027093224  237.900                 0.00000
1                845.047 56416.0042030487820  304.355                 0.00000
1                795.047 56416.0041988680351  204.125                 0.00000
1                745.066 56416.0041993565474  208.035                 0.00000
1                894.839 56416.0047844499264  349.454                 0.00000
1                845.047 56416.0047847936497  256.974                 0.00000
1                795.047 56416.0047806214818  224.239                 0.00000
1                745.066 56416.0047811055733  198.621                 0.00000
1                894.839 56416.0053662073487  300.837                 0.00000
1                845.047 56416.0053665409238  248.121                 0.00000
1                795.047 56416.0053623711005  279.016                 0.00000
1                745.066 56416.0053628567738  259.947                 0.00000
1                894.839 56416.0057784689022  365.011                 0.00000
1                845.047 56416.0057788095527  320.517                 0.00000
1                795.047 56416.0057746345014  303.810                 0.00000
1                745.066 56416.0057751268186  346.882                 0.00000
1                894.404 56418.0076044679972  230.117                 0.00000
1                844.442 56418.0076048079193  243.565                 0.00000
1                795.047 56418.0076052052270  278.734                 0.00000
1                745.047 56418.0076056906899  232.158                 0.00000
1                894.404 56418.0081862167953  334.430                 0.00000
1                844.442 56418.0081865552372  266.372                 0.00000
1                795.047 56418.0081869602319  244.719                 0.00000
1                745.047 56418.0081874433681  245.255                 0.00000
1                894.404 56418.0087679603174  333.963                 0.00000
1                844.442 56418.0087683092394  239.844                 0.00000
1                795.047 56418.0087687061347  247.294                 0.00000
1                745.047 56418.0087691975796  295.746                 0.00000
1                894.404 56418.0091756581179  531.016                 0.00000
1                844.442 56418.0091759941336  421.207                 0.00000
C 1                795.047 56418.0091760612757  994.669                 0.00000
1                745.047 56418.0091768726753  510.163                 0.00000
1                896.336 56423.0621607853087  251.571                 0.00000
1                845.047 56423.0621611371144  377.524                 0.00000
1                794.891 56423.0621615461490  288.913                 0.00000
1                745.676 56423.0621620241987  317.178                 0.00000
1                896.336 56423.0627333775328  338.063                 0.00000
1                845.047 56423.0627337321834  375.480                 0.00000
1                794.891 56423.0627341308073  332.340                 0.00000
1                745.676 56423.0627346098953  342.376                 0.00000
1                896.336 56423.0633151230494  275.781                 0.00000
1                845.047 56423.0633154723812  300.890                 0.00000
1                794.891 56423.0633158732971  254.189                 0.00000
1                745.676 56423.0633163606782  262.002                 0.00000
1                896.336 56423.0637273784012  733.927                 0.00000
1                845.047 56423.0637277362694  625.805                 0.00000
1                794.891 56423.0637281416223  543.633                 0.00000
1                745.676 56423.0637286268570  584.533                 0.00000
1                894.961 56426.9776669230295  200.963                 0.00000
1                845.047 56426.9776626836657  173.136                 0.00000
1                792.770 56426.9776631080385  160.652                 0.00000
1                745.072 56426.9776635787934  193.290                 0.00000
1                894.961 56426.9782486715156  209.751                 0.00000
1                845.047 56426.9782444298888  172.047                 0.00000
1                792.770 56426.9782448579130  179.581                 0.00000
1                745.072 56426.9782453295801  247.336                 0.00000
1                894.961 56426.9788350032569  210.878                 0.00000
1                845.047 56426.9788307608132  181.317                 0.00000
1                792.770 56426.9788311904774  247.730                 0.00000
1                745.072 56426.9788316555188  264.274                 0.00000
1                894.961 56426.9792381029352  327.619                 0.00000
1                845.047 56426.9792338637583  224.726                 0.00000
1                792.770 56426.9792342823995  323.684                 0.00000
1                745.072 56426.9792347542013  372.490                 0.00000
1                896.474 56431.9680325463767  188.787                 0.00000
1                845.047 56431.9680328942109  192.608                 0.00000
1                795.047 56431.9680333007191  221.331                 0.00000
1                745.066 56431.9680337889979  198.460                 0.00000
1                896.474 56431.9686142932856  250.811                 0.00000
1                845.047 56431.9686146457004  170.777                 0.00000
1                795.047 56431.9686150485771  214.141                 0.00000
1                745.066 56431.9686155381022  213.482                 0.00000
1                896.474 56431.9692006259600  214.790                 0.00000
1                845.047 56431.9692009708595  220.350                 0.00000
1                795.047 56431.9692013801573  240.111                 0.00000
1                745.066 56431.9692018650149  221.991                 0.00000
1                896.474 56431.9696128809809  389.469                 0.00000
1                845.047 56431.9696132287262  312.334                 0.00000
1                795.047 56431.9696136392179  334.019                 0.00000
1                745.066 56431.9696141273268  384.522                 0.00000
1                894.943 56449.9171835794774  193.564                 0.00000
1                845.773 56449.9171839097993  191.710                 0.00000
1                794.746 56449.9171843267205  244.580                 0.00000
1                745.921 56449.9171848002814  240.426                 0.00000
1                894.943 56449.9177698979198  219.745                 0.00000
1                845.773 56449.9177702292990  230.394                 0.00000
1                794.746 56449.9177706452614  248.150                 0.00000
1                745.921 56449.9177711176896  246.483                 0.00000
1                894.943 56449.9183516448830  235.385                 0.00000
1                845.773 56449.9183519758619  241.058                 0.00000
1                794.746 56449.9183523871508  218.420                 0.00000
1                745.921 56449.9183528659511  239.144                 0.00000
1                894.943 56449.9187593196668  401.528                 0.00000
1                845.773 56449.9187596554120  313.133                 0.00000
1                794.746 56449.9187600670361  270.954                 0.00000
1                745.921 56449.9187605470672  318.399                 0.00000
1                894.865 56470.9102149841061  281.120                 0.00000
1                846.073 56470.9102107390526  327.655                 0.00000
1                794.995 56470.9102111452488  247.658                 0.00000
1                745.047 56470.9102116376292  296.374                 0.00000
1                894.865 56470.9107967196273  234.760                 0.00000
1                846.073 56470.9107924729781  281.030                 0.00000
1                794.995 56470.9107928858399  254.991                 0.00000
1                745.047 56470.9107933720966  240.063                 0.00000
1                894.865 56470.9113784596972  253.690                 0.00000
1                846.073 56470.9113787798328  336.969                 0.00000
1                794.995 56470.9113746179388  189.279                 0.00000
1                745.047 56470.9113751049958  263.848                 0.00000
1                894.865 56470.9117861277728  381.906                 0.00000
1                846.073 56470.9117864495600  418.910                 0.00000
C 1                794.995 56470.9117835270840  1204.470                 0.00000
1                745.047 56470.9117827747546  257.010                 0.00000
1                897.321 56494.8996983055246  390.815                 0.00000
1                844.266 56494.8996986615111  265.255                 0.00000
1                795.047 56494.8996990592823  243.425                 0.00000
1                745.047 56494.8996995514710  227.889                 0.00000
1                897.321 56494.9002800268878  255.951                 0.00000
1                844.266 56494.9002803892050  241.103                 0.00000
1                795.047 56494.9002807853117  203.179                 0.00000
1                745.047 56494.9002812768455  337.736                 0.00000
1                897.321 56494.9008617484959  302.306                 0.00000
1                844.266 56494.9008621192133  220.814                 0.00000
1                795.047 56494.9008625116171  226.904                 0.00000
1                745.047 56494.9008629985991  264.567                 0.00000
1                897.321 56494.9012739986421  496.114                 0.00000
1                844.266 56494.9012743604269  357.166                 0.00000
1                795.047 56494.9012747594847  404.756                 0.00000
1                745.047 56494.9012752500088  479.064                 0.00000
1                894.997 56585.4969873333199  239.833                 0.00000
1                845.047 56585.4969876664433  239.861                 0.00000
1                795.047 56585.4969880780843  210.689                 0.00000
1                745.047 56585.4969885682900  259.203                 0.00000
1                894.997 56585.4975690474853  262.316                 0.00000
1                845.047 56585.4975693847388  234.785                 0.00000
1                795.047 56585.4975697891303  196.295                 0.00000
1                745.047 56585.4975702779783  259.560                 0.00000
1                894.997 56585.4981507642226  289.205                 0.00000
1                845.047 56585.4981511056591  287.457                 0.00000
1                795.047 56585.4981515092908  321.933                 0.00000
1                745.047 56585.4981519935944  272.836                 0.00000
1                894.997 56585.4985584180079  318.613                 0.00000
1                845.047 56585.4985587622785  457.105                 0.00000
1                795.047 56585.4985591655049  546.649                 0.00000
1                745.047 56585.4985596629222  384.331                 0.00000
1                894.997 56611.5217895455777   85.986                 0.00000
1                845.489 56611.5217898828619   58.566                 0.00000
1                794.770 56611.5217902925405  102.548                 0.00000
1                745.047 56611.5217861969522  119.967                 0.00000
1                894.997 56611.5223712679406   73.564                 0.00000
1                845.489 56611.5223716032408   50.818                 0.00000
1                794.770 56611.5223720136119  116.075                 0.00000
1                745.047 56611.5223679197625  133.354                 0.00000
1                894.997 56611.5229484079785   97.161                 0.00000
1                845.489 56611.5229487430836   56.110                 0.00000
1                794.770 56611.5229491527137  118.617                 0.00000
1                745.047 56611.5229496410588  162.136                 0.00000
1                894.997 56611.5233606557783  108.138                 0.00000
1                845.489 56611.5233609883070   73.617                 0.00000
1                794.770 56611.5233614013530  140.333                 0.00000
1                745.047 56611.5233573070920  150.937                 0.00000
1                893.938 56637.3626707683805  255.603                 0.00000
1                845.047 56637.3626711014892  204.478                 0.00000
1                795.047 56637.3626715074827  193.018                 0.00000
1                745.047 56637.3626719946506  215.025                 0.00000
1                893.938 56637.3632570728742  267.268                 0.00000
1                845.047 56637.3632574079825  204.350                 0.00000
1                795.047 56637.3632578154573  210.844                 0.00000
1                745.047 56637.3632583042106  236.664                 0.00000
1                893.938 56637.3642510661761  370.129                 0.00000
1                845.047 56637.3642513877833  312.111                 0.00000
1                795.047 56637.3642518066728  360.737                 0.00000
1                745.047 56637.3642522831619  267.049                 0.00000
1                894.998 56669.3391825474967  390.594                 0.00000
1                845.047 56669.3391828903121  289.042                 0.00000
1                795.047 56669.3391832927919  350.460                 0.00000
1                745.047 56669.3391837832279  483.438                 0.00000
1                894.998 56669.3397643005097  361.479                 0.00000
1                845.047 56669.3397646331274  266.944                 0.00000
1                795.047 56669.3397650357524  338.687                 0.00000
1                745.047 56669.3397655293918  332.016                 0.00000
1                894.998 56669.3403460292777  321.500                 0.00000
1                845.047 56669.3403463714305  372.356                 0.00000
1                795.047 56669.3403467864291  383.857                 0.00000
1                745.047 56669.3403472653283  288.967                 0.00000
1                894.998 56669.3407491251738  479.542                 0.00000
C 1                845.047 56669.3407523903413  943.658                 0.00000
C 1                795.047 56669.3407498712138  710.805                 0.00000
C 1                745.047 56669.3407519917112  747.383                 0.00000
