MODE 1
TIME +0.00008192
1                387.499 56159.0863537949299   19.461                 0.00000
1                362.520 56159.0863537850239   10.830                 0.00000
1                337.483 56159.0863538020912   13.485                 0.00000
1                312.505 56159.0863537825026    9.583                 0.00000
1                387.499 56159.0875192551215   15.148                 0.00000
1                362.520 56159.0875192455452    6.990                 0.00000
1                337.483 56159.0875192629289   12.588                 0.00000
1                312.505 56159.0875192432143    5.927                 0.00000
1                387.499 56159.0886843389824   17.663                 0.00000
1                362.520 56159.0886843294236   10.210                 0.00000
1                337.483 56159.0886843465202    8.155                 0.00000
1                312.505 56159.0886843269219    8.849                 0.00000
1                387.497 56176.2546986924444    8.247                 0.00000
1                362.520 56176.2546986825806    9.461                 0.00000
1                337.511 56176.2546986976564    6.023                 0.00000
1                312.511 56176.2546986796013    5.684                 0.00000
1                387.497 56176.2558641784287   14.621                 0.00000
1                362.520 56176.2558641693076   12.257                 0.00000
1                337.511 56176.2558641840754    6.839                 0.00000
1                312.511 56176.2558641661449    6.565                 0.00000
1                387.497 56176.2569709926707   11.430                 0.00000
1                362.520 56176.2569709829454   10.846                 0.00000
1                337.511 56176.2569709980556    8.065                 0.00000
1                312.511 56176.2569709801822    8.334                 0.00000
1                387.499 56177.1655320665399   18.624                 0.00000
1                362.527 56177.1655320565735    5.999                 0.00000
1                337.511 56177.1655320719666    5.793                 0.00000
1                312.505 56177.1655320544297    7.515                 0.00000
1                387.499 56177.1666975049742   12.769                 0.00000
1                362.527 56177.1666974947964    6.786                 0.00000
1                337.511 56177.1666975102143    7.017                 0.00000
1                312.505 56177.1666974926646    7.162                 0.00000
1                387.499 56177.1678625907556    9.136                 0.00000
1                362.527 56177.1678625810764    7.649                 0.00000
1                337.511 56177.1678625964603    7.712                 0.00000
1                312.505 56177.1678625787931    7.685                 0.00000
1                387.499 56177.1690276753675   10.088                 0.00000
1                362.527 56177.1690276655298   10.969                 0.00000
1                337.511 56177.1690276810202    8.058                 0.00000
1                312.505 56177.1690276635015    8.883                 0.00000
1                387.499 56177.1701927583726    7.686                 0.00000
1                362.527 56177.1701927484318    7.791                 0.00000
1                337.511 56177.1701927637128    6.458                 0.00000
1                312.505 56177.1701927463191    6.288                 0.00000
1                387.499 56177.1712995882612   12.029                 0.00000
1                362.527 56177.1712995783036    7.917                 0.00000
1                337.511 56177.1712995936000    7.969                 0.00000
1                312.505 56177.1712995762111    8.599                 0.00000
1                387.499 56177.8447102923179   18.759                 0.00000
1                362.520 56177.8447102830597    7.913                 0.00000
1                337.504 56177.8447102985163    7.040                 0.00000
1                312.506 56177.8447102809455    7.975                 0.00000
1                387.499 56177.8458757989013   12.433                 0.00000
1                362.520 56177.8458757897229    8.279                 0.00000
1                337.504 56177.8458758056120    8.410                 0.00000
1                312.506 56177.8458757877720   22.174                 0.00000
1                387.499 56177.8470408618024   16.484                 0.00000
1                362.520 56177.8470408524908   26.236                 0.00000
1                337.504 56177.8470408681802    6.365                 0.00000
1                312.506 56177.8470408501559   15.706                 0.00000
1                387.499 56177.8482059486660    9.862                 0.00000
1                362.520 56177.8482059396281    9.507                 0.00000
1                337.504 56177.8482059549067    8.326                 0.00000
1                312.506 56177.8482059371445    9.518                 0.00000
1                387.499 56177.8493710138805   11.914                 0.00000
1                362.520 56177.8493710037216   18.402                 0.00000
1                337.504 56177.8493710197884   11.167                 0.00000
1                312.506 56177.8493710018507    7.352                 0.00000
1                387.499 56177.8505070034602    9.460                 0.00000
1                362.520 56177.8505069941829    8.376                 0.00000
1                337.504 56177.8505070101813    7.047                 0.00000
1                312.506 56177.8505069922627    8.774                 0.00000
1                387.499 56177.4847449947479   17.393                 0.00000
1                362.109 56177.4847449879986   13.245                 0.00000
1                337.504 56177.4847450010768   10.232                 0.00000
1                312.497 56177.4847449843280    8.019                 0.00000
1                387.499 56177.4859104573123   15.425                 0.00000
1                362.109 56177.4859104505178    8.070                 0.00000
1                337.504 56177.4859104638353    7.508                 0.00000
1                312.497 56177.4859104467956    8.550                 0.00000
1                387.499 56177.4870755474911   17.218                 0.00000
1                362.109 56177.4870755401911    9.671                 0.00000
1                337.504 56177.4870755536101    8.291                 0.00000
1                312.497 56177.4870755364228    6.639                 0.00000
1                387.499 56177.4882406387536   19.467                 0.00000
1                362.109 56177.4882406322871    8.200                 0.00000
1                337.504 56177.4882406453563    8.898                 0.00000
1                312.497 56177.4882406282350    8.260                 0.00000
1                387.499 56177.4894057328396   16.717                 0.00000
1                362.109 56177.4894057258708    7.317                 0.00000
1                337.504 56177.4894057392977   13.688                 0.00000
1                312.497 56177.4894057220659    9.386                 0.00000
1                387.499 56177.4905125841737   17.439                 0.00000
1                362.109 56177.4905125769810    8.209                 0.00000
1                337.504 56177.4905125902076    6.524                 0.00000
1                312.497 56177.4905125730467    6.782                 0.00000
1                387.497 56179.5879741697865   13.572                 0.00000
1                362.520 56179.5879741600712    8.360                 0.00000
1                337.511 56179.5879741752720    6.592                 0.00000
1                312.491 56179.5879741589974    9.219                 0.00000
1                387.497 56179.5891396436067   15.975                 0.00000
1                362.520 56179.5891396340587   14.697                 0.00000
1                337.511 56179.5891396492480    4.546                 0.00000
1                312.491 56179.5891396332539    5.984                 0.00000
1                387.497 56179.5903047247102   14.213                 0.00000
1                362.520 56179.5903047150631   14.909                 0.00000
1                337.511 56179.5903047301354    6.702                 0.00000
1                312.491 56179.5903047140966    7.554                 0.00000
1                387.497 56179.5914698107910   22.046                 0.00000
1                362.520 56179.5914698007706    8.449                 0.00000
1                337.511 56179.5914698158582    8.960                 0.00000
1                312.491 56179.5914697997003    7.545                 0.00000
1                387.497 56179.5926348773144   10.260                 0.00000
1                362.520 56179.5926348674735   10.378                 0.00000
1                337.511 56179.5926348827632    9.737                 0.00000
1                312.491 56179.5926348668190    6.816                 0.00000
1                387.497 56179.5937417243816   11.266                 0.00000
1                362.520 56179.5937417149726    8.275                 0.00000
1                337.511 56179.5937417299925   11.323                 0.00000
1                312.491 56179.5937417140094    7.675                 0.00000
1                387.499 56180.0341547445225    8.155                 0.00000
1                362.520 56180.0341547355310   11.458                 0.00000
1                337.511 56180.0341547504613    6.260                 0.00000
1                312.513 56180.0341547558428   11.584                 0.00000
1                387.499 56180.0353202162372   12.041                 0.00000
1                362.520 56180.0353202066558    7.004                 0.00000
1                337.511 56180.0353202217019    5.423                 0.00000
1                312.513 56180.0353202270490    8.612                 0.00000
1                387.499 56180.0364852923997    8.136                 0.00000
1                362.520 56180.0364852830874    6.383                 0.00000
1                337.511 56180.0364852984243    8.592                 0.00000
1                312.513 56180.0364852801169    9.262                 0.00000
1                387.499 56180.0376503956581   12.288                 0.00000
1                362.520 56180.0376503863574    8.254                 0.00000
1                337.511 56180.0376504016540   10.707                 0.00000
1                312.513 56180.0376504069063    6.679                 0.00000
1                387.499 56180.0388154789143   15.901                 0.00000
1                362.520 56180.0388154699886   13.303                 0.00000
1                337.511 56180.0388154851167    7.106                 0.00000
1                312.513 56180.0388154903010    6.512                 0.00000
1                387.499 56180.0399223201400   11.822                 0.00000
1                362.520 56180.0399223109096   10.305                 0.00000
1                337.511 56180.0399223259045   10.801                 0.00000
1                312.513 56180.0399223312672    5.549                 0.00000
1                387.499 56180.5763190911582    9.549                 0.00000
1                362.520 56180.5763190816599    9.647                 0.00000
1                337.511 56180.5763190967100    8.979                 0.00000
1                312.505 56180.5763190796142    6.813                 0.00000
1                387.499 56180.5774845553611   19.985                 0.00000
1                362.520 56180.5774845461527   10.031                 0.00000
1                337.511 56180.5774845610348   12.595                 0.00000
1                312.505 56180.5774845441194    7.679                 0.00000
1                387.499 56180.5785914024613   13.638                 0.00000
1                362.520 56180.5785913933800   14.125                 0.00000
1                337.511 56180.5785914083653    8.311                 0.00000
1                312.505 56180.5785913908712    6.685                 0.00000
1                387.499 56180.8688538140383   17.402                 0.00000
1                362.520 56180.8688538046282    5.681                 0.00000
1                337.489 56180.8688538211001    5.857                 0.00000
1                312.495 56180.8688538030055    6.697                 0.00000
1                387.499 56180.8700192996580   10.477                 0.00000
1                362.520 56180.8700192905129    6.451                 0.00000
1                337.489 56180.8700193069942    6.696                 0.00000
1                312.495 56180.8700192887623    6.393                 0.00000
1                387.499 56180.8711843685985   12.835                 0.00000
1                362.520 56180.8711843595260   10.880                 0.00000
1                337.489 56180.8711843760510    6.100                 0.00000
1                312.495 56180.8711843580163   11.222                 0.00000
1                387.499 56180.4105204903274   21.241                 0.00000
1                362.511 56180.4105204814211    9.829                 0.00000
1                337.511 56180.4105204957644   10.813                 0.00000
1                312.482 56180.4105204806847    9.616                 0.00000
1                387.499 56180.4116859831292   10.242                 0.00000
1                362.511 56180.4116859745530    9.244                 0.00000
1                337.511 56180.4116859890440    6.654                 0.00000
1                312.482 56180.4116859740581    9.364                 0.00000
1                387.499 56180.4128510362943   21.311                 0.00000
1                362.511 56180.4128510278659    8.371                 0.00000
1                337.511 56180.4128510423714    6.862                 0.00000
1                312.482 56180.4128510272230    8.117                 0.00000
1                387.499 56180.4140161414180   19.013                 0.00000
1                362.511 56180.4140161329605   13.318                 0.00000
1                337.511 56180.4140161472367    7.132                 0.00000
1                312.482 56180.4140161321284    7.616                 0.00000
1                387.499 56180.4151812045887   18.148                 0.00000
1                362.511 56180.4151811957525   16.123                 0.00000
1                337.511 56180.4151812103861    7.397                 0.00000
1                312.482 56180.4151811950639    6.957                 0.00000
1                387.499 56180.4162880471528   12.556                 0.00000
1                362.511 56180.4162880381895   10.709                 0.00000
1                337.511 56180.4162880525271    6.891                 0.00000
1                312.482 56180.4162880370959    6.447                 0.00000
1                387.499 56220.4220945314215   10.901                 0.00000
1                362.515 56220.4220945221873    4.252                 0.00000
1                337.504 56220.4220945372696    4.873                 0.00000
1                312.505 56220.4220945193118    5.119                 0.00000
1                387.499 56220.4232600120419    9.582                 0.00000
1                362.515 56220.4232600028993    5.376                 0.00000
1                337.504 56220.4232600180917    4.731                 0.00000
1                312.505 56220.4232600001174    4.651                 0.00000
1                387.499 56220.4244250933285    5.774                 0.00000
1                362.515 56220.4244250841098    5.340                 0.00000
1                337.504 56220.4244250993437    4.792                 0.00000
1                312.505 56220.4244250814472    4.251                 0.00000
1                387.499 56220.4964117168648    5.783                 0.00000
1                362.520 56220.4964117072123    4.611                 0.00000
1                337.511 56220.4964117221814    2.928                 0.00000
1                312.498 56220.4964117054998    3.359                 0.00000
1                387.499 56220.4975771810853    6.527                 0.00000
1                362.520 56220.4975771718432    3.906                 0.00000
1                337.511 56220.4975771867609    2.975                 0.00000
1                312.498 56220.4975771700308    3.659                 0.00000
1                387.499 56220.4987422748612    5.314                 0.00000
1                362.520 56220.4987422653837    4.623                 0.00000
1                337.511 56220.4987422803061    3.333                 0.00000
1                312.498 56220.4987422635908    3.499                 0.00000
1                387.497 56221.5600691227817    5.563                 0.00000
1                362.499 56221.5600691145006    3.349                 0.00000
1                337.511 56221.5600691283384    3.794                 0.00000
1                312.504 56221.5600691112519    4.528                 0.00000
1                387.497 56221.5612345869887    9.514                 0.00000
1                362.499 56221.5612345787760    3.759                 0.00000
1                337.511 56221.5612345925346    3.032                 0.00000
1                312.504 56221.5612345753635    3.744                 0.00000
1                387.497 56221.5623996557353    7.056                 0.00000
1                362.499 56221.5623996477016    3.297                 0.00000
1                337.511 56221.5623996614225    3.081                 0.00000
1                312.504 56221.5623996443360    3.416                 0.00000
1                387.499 56221.7449186539156    7.905                 0.00000
1                362.520 56221.7449186447763    7.808                 0.00000
1                337.511 56221.7449186598263    5.357                 0.00000
1                312.480 56221.7449186450644    5.946                 0.00000
1                387.499 56221.7460841253194   31.926                 0.00000
1                362.520 56221.7460841161047   11.885                 0.00000
1                337.511 56221.7460841311270    6.207                 0.00000
1                312.480 56221.7460841162340    5.700                 0.00000
1                387.499 56221.7472492021961    8.873                 0.00000
1                362.520 56221.7472491928046    5.417                 0.00000
1                337.511 56221.7472492078481    6.894                 0.00000
1                312.480 56221.7472491931535    4.772                 0.00000
1                387.499 56223.1585876197334   10.129                 0.00000
1                362.520 56223.1585876104624    9.853                 0.00000
1                337.520 56223.1585876245021    9.017                 0.00000
1                312.505 56223.1585876077615    5.766                 0.00000
1                387.499 56223.1597530982067   11.736                 0.00000
1                362.520 56223.1597530887557    7.909                 0.00000
1                337.520 56223.1597531029998    8.418                 0.00000
1                312.505 56223.1597530864627    6.483                 0.00000
1                387.499 56223.1608599261032    7.819                 0.00000
1                362.520 56223.1608599162558   15.760                 0.00000
1                337.520 56223.1608599306182    7.475                 0.00000
1                312.505 56223.1608599138673    9.505                 0.00000
1                387.494 56223.5001963865368   15.562                 0.00000
1                362.520 56223.5001963769975    8.878                 0.00000
1                337.497 56223.5001963929894    7.824                 0.00000
1                312.488 56223.5001963760964    6.014                 0.00000
1                387.494 56223.5013618875221   11.838                 0.00000
1                362.520 56223.5013618776980    6.043                 0.00000
1                337.497 56223.5013618938291    5.156                 0.00000
1                312.488 56223.5013618768462    6.110                 0.00000
1                387.494 56223.5025269691183   10.237                 0.00000
1                362.520 56223.5025269594223    8.337                 0.00000
1                337.497 56223.5025269756180    6.043                 0.00000
1                312.488 56223.5025269586252    5.744                 0.00000
1                387.499 56223.9308793083106    7.528                 0.00000
1                362.520 56223.9308792992528    7.427                 0.00000
1                337.511 56223.9308793144039    7.166                 0.00000
1                312.504 56223.9308792970297    6.435                 0.00000
1                387.499 56223.9320447725602   11.404                 0.00000
1                362.520 56223.9320447633513    6.682                 0.00000
1                337.511 56223.9320447783104    5.644                 0.00000
1                312.504 56223.9320447613174    8.639                 0.00000
1                387.499 56223.9332098666825    9.835                 0.00000
1                362.520 56223.9332098574418    8.804                 0.00000
1                337.511 56223.9332098725266    5.102                 0.00000
1                312.504 56223.9332098551268    6.814                 0.00000
1                387.499 56223.6141070896154   12.658                 0.00000
1                362.520 56223.6141070803159    9.574                 0.00000
1                337.511 56223.6141070951060    5.418                 0.00000
1                312.505 56223.6141070778299    6.451                 0.00000
1                387.499 56224.0922449802340   25.412                 0.00000
1                362.511 56224.0922449712487   15.934                 0.00000
1                337.511 56224.0922449857211    8.397                 0.00000
1                312.490 56224.0922449699576    9.345                 0.00000
1                387.499 56224.0934104662599    8.484                 0.00000
1                362.511 56224.0934104574845   12.369                 0.00000
1                337.511 56224.0934104720167    6.530                 0.00000
1                312.490 56224.0934104562228    7.773                 0.00000
1                387.499 56224.0945756001263   11.223                 0.00000
1                362.511 56224.0945755913975    8.884                 0.00000
1                337.511 56224.0945756058202    5.943                 0.00000
1                312.490 56224.0945755902994    8.750                 0.00000
1                387.498 56224.4712496760794   12.219                 0.00000
1                362.520 56224.4712496669371    8.283                 0.00000
1                337.511 56224.4712496818441    4.914                 0.00000
1                312.507 56224.4712496644257    5.309                 0.00000
1                387.498 56224.4724151483419   10.664                 0.00000
1                362.520 56224.4724151386540    6.967                 0.00000
1                337.511 56224.4724151538407    3.711                 0.00000
1                312.507 56224.4724151365476    4.419                 0.00000
1                387.498 56224.4735802263322   13.716                 0.00000
1                362.520 56224.4735802166354   18.827                 0.00000
1                337.511 56224.4735802317716    4.795                 0.00000
1                312.507 56224.4735802141444    4.881                 0.00000
1                387.506 56256.8325112436560   15.618                 0.00000
1                362.520 56256.8325112340437    8.329                 0.00000
1                337.511 56256.8325112489406   16.118                 0.00000
1                312.497 56256.8325112322996    7.323                 0.00000
1                387.506 56256.8336766696666   21.385                 0.00000
1                362.520 56256.8336766608961    8.812                 0.00000
1                337.511 56256.8336766760545   13.220                 0.00000
1                312.497 56256.8336766594000    7.435                 0.00000
1                387.506 56256.8348417741594   30.781                 0.00000
1                362.520 56256.8348417651820   11.598                 0.00000
1                337.511 56256.8348417802301    7.244                 0.00000
1                312.497 56256.8348417637071    8.793                 0.00000
1                387.497 56278.7963306481207    7.989                 0.00000
1                362.520 56278.7963306385939    7.786                 0.00000
1                337.511 56278.7963306537171    5.763                 0.00000
1                312.491 56278.7963306377590    6.017                 0.00000
1                387.497 56278.7974961095498   10.368                 0.00000
1                362.520 56278.7974961003470    5.483                 0.00000
1                337.511 56278.7974961153861    6.608                 0.00000
1                312.491 56278.7974960994414    7.344                 0.00000
1                387.497 56278.7986611951304   15.196                 0.00000
1                362.520 56278.7986611857877    6.968                 0.00000
1                337.511 56278.7986612008674    4.503                 0.00000
1                312.491 56278.7986611850774    5.488                 0.00000
1                387.497 56278.7998262794714    8.673                 0.00000
1                362.520 56278.7998262698304    8.465                 0.00000
1                337.511 56278.7998262847866    6.749                 0.00000
1                312.491 56278.7998262690167    5.594                 0.00000
1                387.497 56278.8009913852138   10.608                 0.00000
1                362.520 56278.8009913759324    6.369                 0.00000
1                337.511 56278.8009913910401    4.657                 0.00000
1                312.491 56278.8009913749668    5.507                 0.00000
1                387.497 56278.8021565140466    8.535                 0.00000
1                362.520 56278.8021565045497    5.464                 0.00000
1                337.511 56278.8021565196678    6.753                 0.00000
1                312.491 56278.8021565036726    6.652                 0.00000
1                387.497 56278.8033215720375    8.623                 0.00000
1                362.520 56278.8033215625960    6.854                 0.00000
1                337.511 56278.8033215776925    5.680                 0.00000
1                312.491 56278.8033215616763    6.446                 0.00000
1                387.497 56278.8044866769768   21.538                 0.00000
1                362.520 56278.8044866674212    7.021                 0.00000
1                337.511 56278.8044866823539    4.410                 0.00000
1                312.491 56278.8044866662942    6.682                 0.00000
1                387.497 56278.8055934894315   12.627                 0.00000
1                362.520 56278.8055934798272    6.878                 0.00000
1                337.511 56278.8055934948376    4.955                 0.00000
1                312.491 56278.8055934787509    6.411                 0.00000
TIME -0.00008192
TIME +0.00000512
1               1173.050 56331.4750254301801    9.751                 0.00000
1               1411.074 56331.4750254224214    2.030                 0.00000
1               1599.125 56331.4750254202056    2.562                 0.00000
1               1798.250 56331.4750254383317    3.638                 0.00000
1               1183.227 56331.4967414840298   16.031                 0.00000
1               1432.979 56331.4967414722680    2.614                 0.00000
1               1598.892 56331.4967414695048    4.028                 0.00000
1               1799.470 56331.4967414868627    4.918                 0.00000
TIME -0.00000512
TIME +0.00002048
1                894.999 56332.7719500907743    1.486                 0.00000
1                845.048 56332.7719501071052    0.781                 0.00000
1                795.048 56332.7719500976990    2.235                 0.00000
1                745.048 56332.7719500978593    2.304                 0.00000
1                894.999 56332.7731153076752    1.662                 0.00000
1                845.048 56332.7731153240265    0.799                 0.00000
1                795.048 56332.7731153145354    1.732                 0.00000
1                745.048 56332.7731153147582    2.604                 0.00000
1                894.999 56332.7742221335811    1.574                 0.00000
1                845.048 56332.7742221498902    0.859                 0.00000
1                795.048 56332.7742221404229    1.983                 0.00000
1                745.048 56332.7742221405433    3.919                 0.00000
1                895.003 56365.8110119172621    2.205                 0.00000
1                845.048 56365.8110119102236    2.458                 0.00000
1                795.048 56365.8110119240742    2.912                 0.00000
1                745.048 56365.8110119242142    1.074                 0.00000
1                895.003 56365.8121826028981    2.735                 0.00000
1                845.048 56365.8121826191682    3.140                 0.00000
1                795.048 56365.8121826097422    2.890                 0.00000
1                745.048 56365.8121826098367    1.058                 0.00000
1                895.003 56365.8132885090238    2.554                 0.00000
1                845.048 56365.8132885020256    3.243                 0.00000
1                795.048 56365.8132885159141    2.831                 0.00000
1                745.048 56365.8132885159998    1.175                 0.00000
1                894.994 56389.6775751356759    3.927                 0.00000
1                845.048 56389.6775751519323    9.560                 0.00000
1                795.048 56389.6775751424685    3.710                 0.00000
1                745.050 56389.6775751426887    3.298                 0.00000
1                894.994 56389.6787403319522    3.364                 0.00000
1                845.048 56389.6787403482811    4.320                 0.00000
1                795.048 56389.6787403388032    3.347                 0.00000
1                745.050 56389.6787403389469    3.541                 0.00000
1                894.994 56389.6798471652980    3.742                 0.00000
1                845.048 56389.6798471816367    5.154                 0.00000
1                795.048 56389.6798471722365    3.050                 0.00000
1                745.050 56389.6798471723878    3.942                 0.00000
TIME -0.00002048
TIME +0.00008192
1                387.499 56401.8963885032648   11.544                 0.00000
1                362.157 56401.8963884928130    7.182                 0.00000
1                337.511 56401.8963885083647    7.667                 0.00000
1                312.493 56401.8963884917609    6.724                 0.00000
1                387.499 56401.8975539969804   29.932                 0.00000
1                362.157 56401.8975539866622    9.079                 0.00000
1                337.511 56401.8975540021439   11.477                 0.00000
1                312.493 56401.8975539855839    7.575                 0.00000
1                387.499 56401.8987190917601   14.990                 0.00000
1                362.157 56401.8987190815745    9.386                 0.00000
1                337.511 56401.8987190969679    7.125                 0.00000
1                312.493 56401.8987190804274    7.836                 0.00000
1                387.499 56401.8998841383848   13.790                 0.00000
1                362.157 56401.8998841281976    7.502                 0.00000
1                337.511 56401.8998841436842    6.857                 0.00000
1                312.493 56401.8998841270837    5.369                 0.00000
1                387.499 56401.9010492295335   11.626                 0.00000
1                362.157 56401.9010492197601    7.525                 0.00000
1                337.511 56401.9010492352707    6.855                 0.00000
1                312.493 56401.9010492185454    5.909                 0.00000
1                387.499 56401.9021560892058   11.113                 0.00000
1                362.157 56401.9021560792330    5.979                 0.00000
1                337.511 56401.9021560944937    4.766                 0.00000
1                312.493 56401.9021560781750    5.706                 0.00000
TIME -0.00008192
TIME +0.00002048
1                894.999 56406.6505149394734    4.640                 0.00000
1                845.048 56406.6505149324176    1.422                 0.00000
1                795.048 56406.6505149464043    2.425                 0.00000
1                745.048 56406.6505149465866    2.716                 0.00000
1                894.999 56406.6516800829347    3.472                 0.00000
1                845.048 56406.6516800759289    1.565                 0.00000
1                795.048 56406.6516800899081    2.435                 0.00000
1                745.048 56406.6516800901811    3.229                 0.00000
1                894.999 56406.6527869502894    6.039                 0.00000
1                845.048 56406.6527869667151    1.553                 0.00000
1                795.048 56406.6527869572988    2.939                 0.00000
1                745.048 56406.6527869574221    2.508                 0.00000
1                894.997 56426.6063250945882    3.252                 0.00000
1                845.048 56426.6063251109337    4.308                 0.00000
1                795.048 56426.6063251013934    4.561                 0.00000
1                745.048 56426.6063251015371    4.857                 0.00000
1                894.997 56426.6074902983720    3.202                 0.00000
1                845.048 56426.6074902913273    4.396                 0.00000
1                795.048 56426.6074903051828    5.701                 0.00000
1                745.048 56426.6074903052499    5.700                 0.00000
1                894.997 56426.6085971100976    3.091                 0.00000
1                845.048 56426.6085971263237    5.117                 0.00000
1                795.048 56426.6085971168736    5.031                 0.00000
1                745.048 56426.6085971167675    7.646                 0.00000
1                900.028 56451.5217515158277    7.601                 0.00000
1                845.001 56451.5217515296961    2.379                 0.00000
1                794.871 56451.5217515210257    3.515                 0.00000
1                746.276 56451.5217515112753    5.331                 0.00000
1                900.028 56451.5229185479971    6.822                 0.00000
1                844.801 56451.5229185396900    2.384                 0.00000
1                795.048 56451.5229185522477    4.716                 0.00000
1                746.276 56451.5229185436061    4.572                 0.00000
1                900.028 56451.5240253601544    5.863                 0.00000
1                844.801 56451.5240253516745    2.651                 0.00000
1                795.048 56451.5240253644183    3.386                 0.00000
1                746.276 56451.5240253556943    5.188                 0.00000
1                894.999 56472.4470658429347    4.387                 0.00000
1                845.000 56472.4470658360664    2.818                 0.00000
1                795.048 56472.4470658498094    5.657                 0.00000
1                745.048 56472.4470658500027    2.827                 0.00000
1                894.999 56472.4482310921391    4.863                 0.00000
1                845.000 56472.4482311087506    3.536                 0.00000
1                795.048 56472.4482310990731    4.626                 0.00000
1                745.048 56472.4482310992008    2.581                 0.00000
1                894.999 56472.4493379040554    3.451                 0.00000
1                845.000 56472.4493378972291    3.991                 0.00000
1                795.048 56472.4493379109609    4.106                 0.00000
1                745.048 56472.4493379111038    2.508                 0.00000
1                894.999 56494.4529455273474    3.971                 0.00000
1                845.048 56494.4529455437108    2.144                 0.00000
1                795.048 56494.4529455342450    2.921                 0.00000
1                745.048 56494.4529455344316    2.287                 0.00000
1                894.999 56494.4541107031573    2.565                 0.00000
1                845.048 56494.4541107195673    2.805                 0.00000
1                795.048 56494.4541107101591    3.318                 0.00000
1                745.048 56494.4541107102667    2.193                 0.00000
1                894.999 56494.4552175406769    2.625                 0.00000
1                845.048 56494.4552175570519    2.603                 0.00000
1                795.048 56494.4552175476360    3.467                 0.00000
1                745.048 56494.4552175477943    2.347                 0.00000
1                894.999 56520.2759894820906   10.021                 0.00000
1                845.048 56520.2759894982178    5.208                 0.00000
1                795.048 56520.2759894888420    7.734                 0.00000
1                745.048 56520.2759894888211   11.190                 0.00000
1                894.999 56520.2771546637454    8.625                 0.00000
1                845.048 56520.2771546799601    6.449                 0.00000
1                795.048 56520.2771546705965    8.428                 0.00000
1                745.048 56520.2771546706592    8.958                 0.00000
1                894.999 56520.2782614854352    9.248                 0.00000
1                845.048 56520.2782615018731    9.584                 0.00000
1                795.048 56520.2782614923715    9.167                 0.00000
1                745.048 56520.2782614930603   10.317                 0.00000
1                895.079 56537.3000635525083    7.616                 0.00000
1                845.325 56537.3000635678451    4.701                 0.00000
1                794.796 56537.3000635613032    6.816                 0.00000
1                745.034 56537.3000635600512    6.400                 0.00000
1                895.079 56537.3011704830314    5.849                 0.00000
1                845.325 56537.3011704982752    5.519                 0.00000
1                794.796 56537.3011704916641    5.385                 0.00000
1                745.034 56537.3011704904295    5.560                 0.00000
1                894.999 56538.2831075651150    4.328                 0.00000
1                845.048 56538.2831075581808    4.500                 0.00000
1                795.048 56538.2831075720634    6.715                 0.00000
1                745.048 56538.2831075722989    3.362                 0.00000
1                894.999 56538.2842144769380    3.481                 0.00000
1                845.048 56538.2842144933312    4.448                 0.00000
1                795.048 56538.2842144838252    5.408                 0.00000
1                745.048 56538.2842144839893    3.167                 0.00000
1                895.383 56539.2712440775549    4.562                 0.00000
1                844.530 56539.2712440746711    3.334                 0.00000
1                795.048 56539.2712440860981    5.087                 0.00000
1                745.048 56539.2712440862189    5.323                 0.00000
1                895.383 56539.2723510409201    3.805                 0.00000
1                844.530 56539.2723510380231    4.138                 0.00000
1                795.048 56539.2723510494005    4.329                 0.00000
1                745.048 56539.2723510495535    4.227                 0.00000
1                894.999 56543.2662863854503    3.494                 0.00000
1                845.048 56543.2662864018580    2.454                 0.00000
1                795.048 56543.2662863924052    2.015                 0.00000
1                745.048 56543.2662863925619    1.462                 0.00000
1                894.999 56543.2673628549338    3.805                 0.00000
1                845.048 56543.2673628712635    3.034                 0.00000
1                795.048 56543.2673628617514    2.019                 0.00000
1                745.048 56543.2673628619700    1.829                 0.00000
1                894.999 56543.2986283706627    2.869                 0.00000
1                845.048 56543.2986283635719    4.146                 0.00000
1                795.048 56543.2986283774647    1.595                 0.00000
1                745.048 56543.2986283776581    2.661                 0.00000
1                894.999 56543.2996187736110    3.306                 0.00000
1                845.048 56543.2996187899429    3.657                 0.00000
1                795.048 56543.2996187804392    2.241                 0.00000
1                745.048 56543.2996187806231    2.504                 0.00000
1                894.999 56546.2818713414968    1.289                 0.00000
1                845.048 56546.2818713344401    2.740                 0.00000
1                795.048 56546.2818713483111    3.810                 0.00000
1                745.048 56546.2818713485210    2.369                 0.00000
1                894.999 56546.2829760582967    1.349                 0.00000
1                845.048 56546.2829760745943    2.829                 0.00000
1                795.048 56546.2829760651872    3.807                 0.00000
1                745.048 56546.2829760653915    2.413                 0.00000
1                894.999 56547.2413135780758    2.677                 0.00000
1                845.048 56547.2413135945080    2.851                 0.00000
1                795.048 56547.2413135850842    2.203                 0.00000
1                745.048 56547.2413135852207    2.441                 0.00000
1                894.999 56547.2424787607273    2.709                 0.00000
1                845.048 56547.2424787771310    3.372                 0.00000
1                795.048 56547.2424787676920    2.138                 0.00000
1                745.048 56547.2424787678848    2.871                 0.00000
1                894.999 56547.2437279175643    2.568                 0.00000
1                845.048 56547.2437279339160    3.526                 0.00000
1                795.048 56547.2437279245107    2.206                 0.00000
1                745.048 56547.2437279246140    2.730                 0.00000
1                894.999 56547.2449931664741    2.932                 0.00000
1                845.048 56547.2449931594148    2.946                 0.00000
1                795.048 56547.2449931733238    2.542                 0.00000
1                745.048 56547.2449931735251    3.042                 0.00000
1                894.999 56547.2463468344224    2.763                 0.00000
1                845.048 56547.2463468273785    2.654                 0.00000
1                795.048 56547.2463468413054    1.910                 0.00000
1                745.048 56547.2463468415494    2.314                 0.00000
1                894.999 56547.2475119194987    2.530                 0.00000
1                845.048 56547.2475119358107    2.759                 0.00000
1                795.048 56547.2475119264159    1.908                 0.00000
1                745.048 56547.2475119265967    2.814                 0.00000
1                894.999 56547.2486770046654    2.552                 0.00000
1                845.048 56547.2486769976158    3.202                 0.00000
1                795.048 56547.2486770115943    1.896                 0.00000
1                745.048 56547.2486770118165    2.449                 0.00000
1                894.999 56547.2498420904171    2.422                 0.00000
1                845.048 56547.2498421067158    2.612                 0.00000
1                795.048 56547.2498420972957    1.704                 0.00000
1                745.048 56547.2498420975290    2.529                 0.00000
1                894.999 56547.2507158584253    2.906                 0.00000
1                845.048 56547.2507158513920    4.322                 0.00000
1                795.048 56547.2507158653275    2.183                 0.00000
1                745.048 56547.2507158655469    3.659                 0.00000
1                895.002 56547.4555149531549    4.402                 0.00000
1                845.048 56547.4555149462126    4.619                 0.00000
1                795.048 56547.4555149601082    3.324                 0.00000
1                745.049 56547.4555149602497    2.622                 0.00000
1                895.002 56547.4566801391605    4.288                 0.00000
1                845.048 56547.4566801555476    3.744                 0.00000
1                795.048 56547.4566801461319    2.585                 0.00000
1                745.049 56547.4566801462434    2.848                 0.00000
1                895.002 56547.4578452360594    3.734                 0.00000
1                845.048 56547.4578452525046    3.703                 0.00000
1                795.048 56547.4578452430290    2.194                 0.00000
1                745.049 56547.4578452431385    2.485                 0.00000
1                895.002 56547.4590102907336    5.085                 0.00000
1                845.048 56547.4590103069203    4.821                 0.00000
1                795.048 56547.4590102975541    2.152                 0.00000
1                745.049 56547.4590102976194    2.511                 0.00000
1                895.002 56547.4601753493406    5.362                 0.00000
1                845.048 56547.4601753656937    4.239                 0.00000
1                795.048 56547.4601753562255    2.310                 0.00000
1                745.049 56547.4601753564139    3.048                 0.00000
1                895.002 56547.4613404589179    4.892                 0.00000
1                845.048 56547.4613404518744    4.124                 0.00000
1                795.048 56547.4613404657073    2.102                 0.00000
1                745.049 56547.4613404658710    2.594                 0.00000
1                895.002 56547.4625055253913    3.638                 0.00000
1                845.048 56547.4625055183547    4.449                 0.00000
1                795.048 56547.4625055321694    1.858                 0.00000
1                745.049 56547.4625055323852    2.478                 0.00000
1                895.002 56547.4636706185951    4.914                 0.00000
1                845.048 56547.4636706350301    4.894                 0.00000
1                795.048 56547.4636706256080    1.983                 0.00000
1                745.049 56547.4636706257400    2.338                 0.00000
1                895.002 56547.4647774416585    6.163                 0.00000
1                845.048 56547.4647774347123    4.193                 0.00000
1                795.048 56547.4647774485759    2.105                 0.00000
1                745.049 56547.4647774487597    2.801                 0.00000
1                894.997 56548.4464639792935    1.961                 0.00000
1                845.048 56548.4464639956188    2.934                 0.00000
1                795.048 56548.4464639861741    2.202                 0.00000
1                745.048 56548.4464639863395    2.191                 0.00000
1                894.997 56548.4476292001054    1.872                 0.00000
1                845.048 56548.4476291930341    2.264                 0.00000
1                795.048 56548.4476292070251    1.917                 0.00000
1                745.048 56548.4476292071824    2.049                 0.00000
1                894.997 56548.4487943086756    2.270                 0.00000
1                845.048 56548.4487943249487    2.907                 0.00000
1                795.048 56548.4487943154956    2.666                 0.00000
1                745.048 56548.4487943157220    2.311                 0.00000
1                894.997 56548.4499593750930    2.067                 0.00000
1                845.048 56548.4499593914287    2.338                 0.00000
1                795.048 56548.4499593819764    2.207                 0.00000
1                745.048 56548.4499593821667    1.967                 0.00000
1                894.997 56548.4511244697396    2.013                 0.00000
1                845.048 56548.4511244860869    2.351                 0.00000
1                795.048 56548.4511244766534    2.223                 0.00000
1                745.048 56548.4511244767820    2.068                 0.00000
1                894.997 56548.4522895457507    2.152                 0.00000
1                845.048 56548.4522895621553    2.818                 0.00000
1                795.048 56548.4522895526584    2.263                 0.00000
1                745.048 56548.4522895528291    2.184                 0.00000
1                894.997 56548.4534546500231    2.547                 0.00000
1                845.048 56548.4534546430360    2.278                 0.00000
1                795.048 56548.4534546569235    1.840                 0.00000
1                745.048 56548.4534546570770    1.972                 0.00000
1                894.997 56548.4546197357157    2.156                 0.00000
1                845.048 56548.4546197520471    2.232                 0.00000
1                795.048 56548.4546197425631    2.234                 0.00000
1                745.048 56548.4546197427129    2.203                 0.00000
1                894.997 56548.4557265537928    2.478                 0.00000
1                845.048 56548.4557265701582    2.465                 0.00000
1                795.048 56548.4557265606769    2.003                 0.00000
1                745.048 56548.4557265608740    2.242                 0.00000
1                894.999 56550.3492070960287    3.548                 0.00000
1                845.048 56550.3492070890958    2.748                 0.00000
1                795.048 56550.3492071030481    2.529                 0.00000
1                745.048 56550.3492071031791    4.599                 0.00000
1                894.999 56550.3503722730773    3.206                 0.00000
1                845.048 56550.3503722660807    2.849                 0.00000
1                795.048 56550.3503722799907    2.384                 0.00000
1                745.048 56550.3503722801931    4.756                 0.00000
1                894.999 56550.3515373603472    3.336                 0.00000
1                845.048 56550.3515373767199    3.181                 0.00000
1                795.048 56550.3515373673010    2.566                 0.00000
1                745.048 56550.3515373675130    4.998                 0.00000
1                894.999 56550.3527024518207    3.606                 0.00000
1                845.048 56550.3527024680983    3.505                 0.00000
1                795.048 56550.3527024586623    2.485                 0.00000
1                745.048 56550.3527024588206    4.244                 0.00000
1                894.999 56550.3538675240453    3.195                 0.00000
1                845.048 56550.3538675170365    2.662                 0.00000
1                795.048 56550.3538675309255    2.974                 0.00000
1                745.048 56550.3538675311769    4.938                 0.00000
1                894.999 56550.3550325773876    3.463                 0.00000
1                845.048 56550.3550325703696    3.194                 0.00000
1                795.048 56550.3550325842785    2.197                 0.00000
1                745.048 56550.3550325844870    4.056                 0.00000
1                894.999 56550.3561976821058    2.552                 0.00000
1                845.048 56550.3561976984053    3.567                 0.00000
1                795.048 56550.3561976888825    2.892                 0.00000
1                745.048 56550.3561976891262    4.367                 0.00000
1                894.999 56550.3573627445763    3.171                 0.00000
1                845.048 56550.3573627609459    2.826                 0.00000
1                795.048 56550.3573627515413    2.569                 0.00000
1                745.048 56550.3573627516703    4.427                 0.00000
1                894.999 56550.3584695877529    3.353                 0.00000
1                845.048 56550.3584696041262    3.550                 0.00000
1                795.048 56550.3584695946145    2.377                 0.00000
1                745.048 56550.3584695947914    3.627                 0.00000
1                894.999 56551.2333042740598    5.741                 0.00000
1                845.048 56551.2333042669032    3.910                 0.00000
1                795.048 56551.2333042808542    2.102                 0.00000
1                745.048 56551.2333042810696    2.358                 0.00000
1                894.999 56551.2344694468073   11.198                 0.00000
1                845.048 56551.2344694630272    5.680                 0.00000
1                795.048 56551.2344694537158    2.046                 0.00000
1                745.048 56551.2344694538963    2.897                 0.00000
1                894.999 56551.2355763007380    8.546                 0.00000
1                845.048 56551.2355763170484    4.219                 0.00000
1                795.048 56551.2355763076772    2.127                 0.00000
1                745.048 56551.2355763078522    2.866                 0.00000
1                895.093 56552.3556769815039    5.025                 0.00000
1                845.024 56552.3556769750260    5.040                 0.00000
1                795.048 56552.3556769887904    6.224                 0.00000
1                745.049 56552.3556769889810    3.513                 0.00000
1                895.093 56552.3568421618833    8.655                 0.00000
1                845.024 56552.3568421554162    5.046                 0.00000
1                795.048 56552.3568421691533    6.123                 0.00000
1                745.049 56552.3568421693881    5.276                 0.00000
1                895.093 56552.3580072301745    6.819                 0.00000
1                845.024 56552.3580072235971    3.960                 0.00000
1                795.048 56552.3580072375669    6.953                 0.00000
1                745.049 56552.3580072376481    6.194                 0.00000
1                895.093 56552.3591723267577    8.433                 0.00000
1                845.024 56552.3591723433986    5.836                 0.00000
1                795.048 56552.3591723338478    9.522                 0.00000
1                745.049 56552.3591723340514    4.708                 0.00000
1                895.093 56552.3603374044630    6.058                 0.00000
1                845.024 56552.3603373978585    4.220                 0.00000
1                795.048 56552.3603374118520    6.843                 0.00000
1                745.049 56552.3603374118726    6.082                 0.00000
1                895.093 56552.3615024871926    6.331                 0.00000
1                845.024 56552.3615024805282    3.931                 0.00000
1                795.048 56552.3615024945021    8.284                 0.00000
1                745.049 56552.3615024945028    7.244                 0.00000
1                895.093 56552.3626675511058    8.624                 0.00000
1                845.024 56552.3626675444769    3.908                 0.00000
1                795.048 56552.3626675583550    9.420                 0.00000
1                745.049 56552.3626675584427    5.120                 0.00000
1                895.093 56552.3638326664695    6.178                 0.00000
1                845.024 56552.3638326598732    3.909                 0.00000
1                795.048 56552.3638326737325    5.794                 0.00000
1                745.049 56552.3638326737129    5.639                 0.00000
1                895.093 56552.3649395371589    7.149                 0.00000
1                845.024 56552.3649395306992    3.563                 0.00000
1                795.048 56552.3649395445448    7.147                 0.00000
1                745.049 56552.3649395446484    5.871                 0.00000
1                894.999 56554.3842186098090    3.358                 0.00000
1                845.048 56554.3842186262009    3.657                 0.00000
1                795.048 56554.3842186167568    2.712                 0.00000
1                745.048 56554.3842186168789    2.554                 0.00000
1                894.999 56554.3853838340242    3.019                 0.00000
1                845.048 56554.3853838269723    3.351                 0.00000
1                795.048 56554.3853838409017    3.108                 0.00000
1                745.048 56554.3853838410667    2.254                 0.00000
1                894.999 56554.3865489396085    3.059                 0.00000
1                845.048 56554.3865489559363    3.153                 0.00000
1                795.048 56554.3865489464058    3.106                 0.00000
1                745.048 56554.3865489466240    2.455                 0.00000
1                894.999 56554.3877140199355    2.628                 0.00000
1                845.048 56554.3877140362572    4.318                 0.00000
1                795.048 56554.3877140267357    3.196                 0.00000
1                745.048 56554.3877140269847    2.178                 0.00000
1                894.999 56554.3888790978947    2.983                 0.00000
1                845.048 56554.3888791143497    4.518                 0.00000
1                795.048 56554.3888791048127    3.634                 0.00000
1                745.048 56554.3888791049680    2.005                 0.00000
1                894.999 56554.3900441734014    2.237                 0.00000
1                845.048 56554.3900441897424    3.970                 0.00000
1                795.048 56554.3900441802916    2.703                 0.00000
1                745.048 56554.3900441804148    2.114                 0.00000
1                894.999 56554.3912092693224    2.602                 0.00000
1                845.048 56554.3912092856341    3.638                 0.00000
1                795.048 56554.3912092762120    3.022                 0.00000
1                745.048 56554.3912092763045    2.192                 0.00000
1                894.999 56554.3923743620084    3.105                 0.00000
1                845.048 56554.3923743783231    4.959                 0.00000
1                795.048 56554.3923743688562    3.169                 0.00000
1                745.048 56554.3923743690238    2.031                 0.00000
1                894.999 56554.3934811781378    2.379                 0.00000
1                845.048 56554.3934811944207    5.059                 0.00000
1                795.048 56554.3934811850390    2.960                 0.00000
1                745.048 56554.3934811851855    2.440                 0.00000
1                894.999 56555.2483506020614    3.384                 0.00000
1                845.048 56555.2483505950814    2.641                 0.00000
1                795.048 56555.2483506089994    1.635                 0.00000
1                745.048 56555.2483506091858    1.628                 0.00000
1                894.999 56555.2495074790853    6.769                 0.00000
1                845.048 56555.2495074953316    2.749                 0.00000
1                795.048 56555.2495074859126    2.192                 0.00000
1                745.048 56555.2495074860987    1.904                 0.00000
1                895.017 56670.9428413305871    8.422                 0.00000
1                845.048 56670.9428413469915    5.972                 0.00000
1                795.048 56670.9428413377262    4.277                 0.00000
1                745.042 56670.9428413377238    4.062                 0.00000
1                895.017 56670.9440065167362    4.255                 0.00000
1                845.048 56670.9440065331433    4.077                 0.00000
1                795.048 56670.9440065236467    5.715                 0.00000
1                745.042 56670.9440065238687    3.783                 0.00000
1                895.017 56670.9451133181434    5.286                 0.00000
1                845.048 56670.9451133345399    5.286                 0.00000
1                795.048 56670.9451133250974    5.221                 0.00000
1                745.042 56670.9451133251929    5.622                 0.00000
TIME -0.00002048
END
JUMP
TIME +0.00000384                                                             
1                895.780 57072.5562558897842    1.545                 0.00000
1                845.780 57072.5562559057530    1.574                 0.00000
1                795.781 57072.5562558954990    2.866                 0.00000
1                745.781 57072.5562558947004    3.474                 0.00000
1                895.781 57072.5570008145794    1.627                 0.00000
1                845.781 57072.5570008305263    1.574                 0.00000
1                795.781 57072.5570008203699    2.370                 0.00000
1                745.781 57072.5570008196638    4.188                 0.00000
1                895.781 57072.5577457377153    1.547                 0.00000
1                845.781 57072.5577457536457    1.784                 0.00000
1                795.781 57072.5577457434595    2.671                 0.00000
1                745.781 57072.5577457427555    3.408                 0.00000
1                895.781 57072.5584906591340    1.551                 0.00000
1                845.781 57072.5584906751169    1.736                 0.00000
1                795.781 57072.5584906648865    2.408                 0.00000
1                745.781 57072.5584906641720    4.794                 0.00000
1                895.781 57072.5592355788531    1.604                 0.00000
1                845.781 57072.5592355947908    1.767                 0.00000
1                795.781 57072.5592355845126    2.403                 0.00000
1                745.781 57072.5592355837600    3.821                 0.00000
1                895.781 57072.5599805201050    1.742                 0.00000
1                845.781 57072.5599805360746    1.796                 0.00000
1                795.781 57072.5599805258610    2.894                 0.00000
1                745.781 57072.5599805250577    4.594                 0.00000
1                895.781 57072.5604771311131    3.695                 0.00000
1                845.781 57072.5604771470159    3.724                 0.00000
1                795.781 57072.5604771367729    5.164                 0.00000
1                745.781 57072.5604771359433    9.075                 0.00000
1                820.780 57079.5348416464495    4.098                 0.00000
1                895.780 57100.2952373468076    5.982                 0.00000
1                845.780 57100.2952373393247    3.966                 0.00000
1                795.781 57100.2952373526300    4.058                 0.00000
1                745.781 57100.2952373518367    3.918                 0.00000
1                895.781 57100.2959822711556   11.165                 0.00000
1                845.781 57100.2959822633859    5.378                 0.00000
1                795.781 57100.2959822766631    4.781                 0.00000
1                745.781 57100.2959822756774    4.811                 0.00000
1                895.781 57100.2967271936937   10.411                 0.00000
1                845.781 57100.2967271862491    4.505                 0.00000
1                795.781 57100.2967271995124    4.538                 0.00000
1                745.781 57100.2967271988047    4.957                 0.00000
1                895.781 57100.2974721154741    6.385                 0.00000
1                845.781 57100.2974721081518    3.622                 0.00000
1                795.781 57100.2974721212975    5.050                 0.00000
1                745.781 57100.2974721205650    4.121                 0.00000
1                895.781 57100.2982170364508    5.174                 0.00000
1                845.781 57100.2982170290364    4.945                 0.00000
1                795.781 57100.2982170423410    5.006                 0.00000
1                745.781 57100.2982170414620    4.687                 0.00000
1                895.781 57100.2989619797590    6.284                 0.00000
1                845.781 57100.2989619724216    5.677                 0.00000
1                795.781 57100.2989619856254    5.161                 0.00000
1                745.781 57100.2989619847929    3.949                 0.00000
1                895.781 57100.2997068989192    7.483                 0.00000
1                845.781 57100.2997068914551    5.971                 0.00000
1                795.781 57100.2997069047425    4.386                 0.00000
1                745.781 57100.2997069039256    4.060                 0.00000
1                895.781 57100.3004518172328   13.319                 0.00000
1                845.781 57100.3004518098392    4.598                 0.00000
1                795.781 57100.3004518230811    4.401                 0.00000
1                745.781 57100.3004518223001    5.984                 0.00000
1                895.781 57100.3011967585332    6.942                 0.00000
1                845.781 57100.3011967510997    4.669                 0.00000
1                795.781 57100.3011967642292    4.025                 0.00000
1                745.781 57100.3011967634093    3.768                 0.00000
SKIP
1                895.780 57130.2795660504861   11.604                 0.00000
1                845.780 57130.2795660435190   10.651                 0.00000
1                795.781 57130.2795660570419   12.636                 0.00000
1                745.781 57130.2795660566566    5.956                 0.00000
1                895.781 57130.2803109828756   17.140                 0.00000
1                845.781 57130.2803109757677   14.738                 0.00000
1                795.781 57130.2803109886124    6.386                 0.00000
1                745.781 57130.2803109881616    5.980                 0.00000
1                895.781 57130.2810558905119    4.852                 0.00000
1                845.781 57130.2810558831926    8.047                 0.00000
1                795.781 57130.2810558963029    2.187                 0.00000
1                745.781 57130.2810558956916    1.588                 0.00000
1                895.781 57130.2818008202841    4.309                 0.00000
1                845.781 57130.2818008130985    6.370                 0.00000
1                795.781 57130.2818008262639    1.914                 0.00000
1                745.781 57130.2818008256612    1.754                 0.00000
1                895.781 57130.2825457488268    6.440                 0.00000
1                845.781 57130.2825457415987    7.116                 0.00000
1                795.781 57130.2825457547078    1.976                 0.00000
1                745.781 57130.2825457540135    1.624                 0.00000
1                895.781 57130.2832906760035    7.037                 0.00000
1                845.781 57130.2832906686298    6.862                 0.00000
1                795.781 57130.2832906818320    2.704                 0.00000
1                745.781 57130.2832906811459    2.023                 0.00000
1                895.781 57130.2840356018436    4.849                 0.00000
1                845.781 57130.2840355943772    7.826                 0.00000
1                795.781 57130.2840356075991    2.553                 0.00000
1                745.781 57130.2840356068842    1.926                 0.00000
1                895.781 57130.2847805263209    4.733                 0.00000
1                845.781 57130.2847805188588    7.521                 0.00000
1                795.781 57130.2847805320189    2.373                 0.00000
1                745.781 57130.2847805313184    1.537                 0.00000
1                895.781 57130.2852150961116   11.628                 0.00000
1                845.781 57130.2852150952439   15.360                 0.00000
1                795.781 57130.2852151020329    7.339                 0.00000
1                745.781 57130.2852151013009    3.626                 0.00000
NOSKIP
1                895.780 57163.1984318252159    2.257                 0.00000
1                845.780 57163.1984318176925    2.673                 0.00000
1                795.781 57163.1984318309042    3.218                 0.00000
1                745.781 57163.1984318301886    3.463                 0.00000
1                895.781 57163.1991767403644    2.105                 0.00000
1                845.781 57163.1991767329492    2.718                 0.00000
1                795.781 57163.1991767461553    3.636                 0.00000
1                745.781 57163.1991767452920    4.432                 0.00000
1                895.781 57163.1999216565594    1.960                 0.00000
1                845.781 57163.1999216491179    2.649                 0.00000
1                795.781 57163.1999216623342    2.744                 0.00000
1                745.781 57163.1999216614969    4.982                 0.00000
1                895.781 57163.2006665972204    2.223                 0.00000
1                845.781 57163.2006665898079    3.103                 0.00000
1                795.781 57163.2006666029834    2.883                 0.00000
1                745.781 57163.2006666023038    5.015                 0.00000
1                895.781 57163.2014115156582    1.814                 0.00000
1                845.781 57163.2014115082689    2.712                 0.00000
1                795.781 57163.2014115214404    3.905                 0.00000
1                745.781 57163.2014115206485    4.179                 0.00000
1                895.781 57163.2021564353643    2.120                 0.00000
1                845.781 57163.2021564279099    3.155                 0.00000
1                795.781 57163.2021564410940    3.090                 0.00000
1                745.781 57163.2021564403851    4.799                 0.00000
1                895.781 57163.2029013798323    1.993                 0.00000
1                845.781 57163.2029013723885    2.815                 0.00000
1                795.781 57163.2029013855399    3.321                 0.00000
1                745.781 57163.2029013847269    3.995                 0.00000
1                895.781 57163.2036463021709    2.091                 0.00000
1                845.781 57163.2036462947979    3.218                 0.00000
1                795.781 57163.2036463080201    3.597                 0.00000
1                745.781 57163.2036463072262    3.836                 0.00000
1                895.781 57163.2040808253678    4.620                 0.00000
C 1                845.781 57163.2040808178287    7.364                 0.00000
C 1                795.781 57163.2040808310886    7.170                 0.00000
C 1                745.781 57163.2040808304358   12.898                 0.00000
TIME -0.00000384                                                             
TIME +0.00000384                                                             
1                895.780 57193.1703530838166    2.712                 0.00000
1                845.780 57193.1703530764428    4.015                 0.00000
1                795.781 57193.1703530895609    3.426                 0.00000
1                745.781 57193.1703530889509    2.344                 0.00000
1                895.781 57193.1710980170164    2.323                 0.00000
1                845.781 57193.1710980097134    3.815                 0.00000
1                795.781 57193.1710980227994    3.193                 0.00000
1                745.781 57193.1710980221135    2.304                 0.00000
1                895.781 57193.1718429257150    2.561                 0.00000
1                845.781 57193.1718429183032    3.852                 0.00000
1                795.781 57193.1718429315384    4.191                 0.00000
1                745.781 57193.1718429308149    2.690                 0.00000
1                895.781 57193.1725878567322    2.332                 0.00000
1                845.781 57193.1725878493566    5.251                 0.00000
1                795.781 57193.1725878624551    2.900                 0.00000
1                745.781 57193.1725878617681    2.343                 0.00000
1                895.781 57193.1733327867243    2.351                 0.00000
1                845.781 57193.1733327793324    4.149                 0.00000
1                795.781 57193.1733327924886    3.531                 0.00000
1                745.781 57193.1733327917912    2.351                 0.00000
1                895.781 57193.1740777158421    2.545                 0.00000
1                845.781 57193.1740777084088    4.732                 0.00000
1                795.781 57193.1740777215843    4.789                 0.00000
1                745.781 57193.1740777208266    2.305                 0.00000
1                895.781 57193.1748226441624    2.498                 0.00000
1                845.781 57193.1748226366913    3.539                 0.00000
1                795.781 57193.1748226498894    2.805                 0.00000
1                745.781 57193.1748226491571    2.308                 0.00000
1                895.781 57193.1755675717314    2.418                 0.00000
1                845.781 57193.1755675642154    4.861                 0.00000
1                795.781 57193.1755675775114    3.606                 0.00000
1                745.781 57193.1755675767704    2.231                 0.00000
1                895.781 57193.1763124987044    2.794                 0.00000
1                845.781 57193.1763124912556    3.826                 0.00000
1                795.781 57193.1763125044769    2.685                 0.00000
1                745.781 57193.1763125037373    2.364                 0.00000
1                895.781 57193.1770574017794    2.636                 0.00000
1                845.781 57193.1770573943496    5.174                 0.00000
1                795.781 57193.1770574076061    3.644                 0.00000
1                745.781 57193.1770574067757    2.546                 0.00000
1                895.781 57193.1778023511402    3.196                 0.00000
1                845.781 57193.1778023437351    5.242                 0.00000
1                795.781 57193.1778023569204    3.316                 0.00000
1                745.781 57193.1778023561969    2.356                 0.00000
1                895.781 57193.1785472768798    2.578                 0.00000
1                845.781 57193.1785472694662    6.041                 0.00000
1                795.781 57193.1785472826880    3.706                 0.00000
1                745.781 57193.1785472818709    2.361                 0.00000
1                895.781 57193.1792922023420    3.033                 0.00000
1                845.781 57193.1792921948333    4.835                 0.00000
1                795.781 57193.1792922081300    3.284                 0.00000
1                745.781 57193.1792922073348    2.429                 0.00000
1                895.780 57193.1799750447010    3.033                 0.00000
1                845.780 57193.1799750373865    6.913                 0.00000
1                795.780 57193.1799750504381    3.994                 0.00000
1                745.780 57193.1799750497633    2.436                 0.00000
1                895.780 57222.9799943175104    4.949                 0.00000
1                845.780 57222.9799943100500    4.590                 0.00000
1                795.781 57222.9799943232687    3.740                 0.00000
1                745.781 57222.9799943225723    2.951                 0.00000
1                895.781 57222.9807392370266    4.812                 0.00000
1                845.781 57222.9807392295728    4.179                 0.00000
1                795.781 57222.9807392428497    4.515                 0.00000
1                745.781 57222.9807392420609    3.178                 0.00000
1                895.781 57222.9814841557167    4.440                 0.00000
1                845.781 57222.9814841483472    3.692                 0.00000
1                795.781 57222.9814841615070    3.278                 0.00000
1                745.781 57222.9814841607915    3.179                 0.00000
1                895.781 57222.9822290971568    7.581                 0.00000
1                845.781 57222.9822290896634    4.721                 0.00000
1                795.781 57222.9822291029564    3.708                 0.00000
1                745.781 57222.9822291021710    2.778                 0.00000
1                895.781 57222.9829740145578    3.844                 0.00000
1                845.781 57222.9829740070473    3.947                 0.00000
1                795.781 57222.9829740203328    3.298                 0.00000
1                745.781 57222.9829740195536    3.192                 0.00000
1                895.781 57222.9837189547758    5.300                 0.00000
1                845.781 57222.9837189473141    3.474                 0.00000
1                795.781 57222.9837189605224    3.504                 0.00000
1                745.781 57222.9837189598336    3.353                 0.00000
1                895.781 57222.9844638712356    4.732                 0.00000
1                845.781 57222.9844638638048    5.278                 0.00000
1                795.781 57222.9844638769811    3.886                 0.00000
1                745.781 57222.9844638762966    2.929                 0.00000
1                895.781 57222.9852087874249    4.780                 0.00000
1                845.781 57222.9852087799258    4.132                 0.00000
1                795.781 57222.9852087930391    3.052                 0.00000
1                745.781 57222.9852087923781    2.709                 0.00000
1                895.781 57222.9859537266633    4.619                 0.00000
1                845.781 57222.9859537192226    4.494                 0.00000
1                795.781 57222.9859537324227    2.914                 0.00000
1                745.781 57222.9859537316819    2.839                 0.00000
1                895.781 57222.9866986423555    4.992                 0.00000
1                845.781 57222.9866986349851    3.939                 0.00000
1                795.781 57222.9866986481737    3.037                 0.00000
1                745.781 57222.9866986474613    2.393                 0.00000
1                895.781 57222.9874435815393    4.572                 0.00000
1                845.781 57222.9874435740653    3.970                 0.00000
1                795.781 57222.9874435873920    2.695                 0.00000
1                745.781 57222.9874435865834    3.013                 0.00000
1                895.781 57222.9881884973567    3.845                 0.00000
1                845.781 57222.9881884899604    3.849                 0.00000
1                795.781 57222.9881885032355    3.091                 0.00000
1                745.781 57222.9881885024520    2.580                 0.00000
1                895.781 57222.9889334134254    5.183                 0.00000
1                845.781 57222.9889334059250    3.553                 0.00000
1                795.781 57222.9889334192083    3.031                 0.00000
1                745.781 57222.9889334184608    2.671                 0.00000
1                895.780 57222.9896162708425    5.701                 0.00000
1                845.780 57222.9896162634746    5.272                 0.00000
1                795.780 57222.9896162767015    3.834                 0.00000
1                745.780 57222.9896162759363    2.722                 0.00000
TIME -0.00000384
JUMP
JUMP
C TIME +0.00003072                                                             
1                387.597 57169.9477359236160    6.338                 0.00000
1                362.597 57169.9477359142486    3.781                 0.00000
1                337.597 57169.9477359273266    3.836                 0.00000
1                312.597 57169.9477359308708    3.172                 0.00000
1                387.597 57169.9484699444170    5.942                 0.00000
1                362.597 57169.9484699349868    4.177                 0.00000
1                337.597 57169.9484699480751    3.637                 0.00000
1                312.597 57169.9484699516471    3.555                 0.00000
1                387.597 57169.9492039432874    6.025                 0.00000
1                362.597 57169.9492039338801    4.367                 0.00000
1                337.597 57169.9492039469894    3.811                 0.00000
1                312.597 57169.9492039505295    3.683                 0.00000
1                387.597 57169.9499379436649    5.688                 0.00000
1                362.597 57169.9499379342843    4.944                 0.00000
1                337.597 57169.9499379473419    3.408                 0.00000
1                312.597 57169.9499379508456    3.127                 0.00000
1                387.597 57169.9504884388521    6.599                 0.00000
1                362.597 57169.9504884295748    6.020                 0.00000
1                337.597 57169.9504884426653    4.270                 0.00000
1                312.597 57169.9504884461590    4.030                 0.00000
C TIME -0.00003072                                                             
C TIME +0.00008192
1                389.513 57447.5670580088315    9.663                 0.00000
1                355.285 57447.5670580078210    4.461                 0.00000
1                337.511 57447.5670579997290    4.153                 0.00000
1                312.511 57447.5670580049514    4.042                 0.00000
1                389.513 57447.5677577411629    6.566                 0.00000
1                355.285 57447.5677577401487    6.014                 0.00000
1                337.511 57447.5677577320318    4.621                 0.00000
1                312.511 57447.5677577373161    4.148                 0.00000
C 1                389.513 57447.5684567729411    7.515                 0.00000
C 1                355.285 57447.5684567718317    4.731                 0.00000
1                337.511 57447.5684567639354    3.514                 0.00000
1                312.511 57447.5684567692118    4.680                 0.00000
1                389.513 57447.5691558060991    6.452                 0.00000
1                355.285 57447.5691558050362    4.378                 0.00000
1                337.511 57447.5691557969993    5.672                 0.00000
1                312.511 57447.5691558022320    3.764                 0.00000
1                389.513 57447.5698548870267    7.538                 0.00000
1                355.285 57447.5698548859609    5.221                 0.00000
1                337.511 57447.5698548778875    4.361                 0.00000
1                312.511 57447.5698548831525    3.850                 0.00000
1                389.513 57447.5705539455461    7.777                 0.00000
1                355.285 57447.5705539445462    4.858                 0.00000
1                337.511 57447.5705539365099    3.880                 0.00000
1                312.511 57447.5705539417949    3.934                 0.00000
1                389.513 57447.5712529819551    5.061                 0.00000
1                355.285 57447.5712529808269   13.799                 0.00000
1                337.511 57447.5712529727830    4.530                 0.00000
1                312.511 57447.5712529780776    3.923                 0.00000
1                389.513 57447.5718937894286    8.493                 0.00000
1                355.285 57447.5718937883220    5.354                 0.00000
1                337.511 57447.5718937801498    4.228                 0.00000
1                312.511 57447.5718937854900    4.544                 0.00000
C TIME -0.00008192
JUMP