1                894.998 56351.2929769312067  773.231                 0.00000
1                844.867 56351.2929771234996  722.699                 0.00000
1                795.047 56351.2929773033221  885.163                 0.00000
1                745.047 56351.2929775476745  565.086                 0.00000
1                894.998 56351.2935509488075  671.231                 0.00000
1                844.867 56351.2935511113091  475.028                 0.00000
1                795.047 56351.2935513069609  681.573                 0.00000
1                745.047 56351.2935515447494  561.432                 0.00000
1                894.998 56351.2941434455825  1070.272                 0.00000
1                844.867 56351.2941436309252  657.525                 0.00000
C 1                795.047 56351.2941482896909  2962.508                 0.00000
1                745.047 56351.2941440548406  538.734                 0.00000
1                894.998 56351.2947174708768  756.816                 0.00000
1                844.867 56351.2947176353951  536.610                 0.00000
1                795.047 56351.2947178180376  609.940                 0.00000
1                745.047 56351.2947180580029  439.554                 0.00000
1                894.542 56365.1852157923128  609.832                 0.00000
1                844.669 56365.1852159613809  523.699                 0.00000
1                795.047 56365.1852161711536  946.486                 0.00000
1                745.855 56365.1852163623482  587.109                 0.00000
1                894.542 56365.1857897892571  835.082                 0.00000
1                844.669 56365.1857899533704  662.305                 0.00000
1                795.047 56365.1857901368809  873.150                 0.00000
1                745.855 56365.1857903866271  1051.391                 0.00000
1                894.542 56365.1863823201722  745.872                 0.00000
1                844.669 56365.1863824728345  532.378                 0.00000
1                795.047 56365.1863826658864  1013.255                 0.00000
1                745.855 56365.1863828903037  831.068                 0.00000
1                894.542 56365.1869562931202  743.899                 0.00000
1                844.669 56365.1869564727264  1075.153                 0.00000
1                795.047 56365.1869566809071  803.013                 0.00000
C 1                745.855 56365.1869572165927  1261.855                 0.00000
1                894.995 56385.1224570940875  1149.673                 0.00000
1                845.047 56385.1224387370528  619.716                 0.00000
1                795.047 56385.1224574477171  777.607                 0.00000
1                745.801 56385.1224391649747  837.015                 0.00000
1                894.995 56385.1230310547962  1197.725                 0.00000
1                845.047 56385.1230127474816  906.107                 0.00000
1                795.047 56385.1230314561643  666.133                 0.00000
1                745.801 56385.1230131826614  1322.234                 0.00000
1                894.995 56385.1236236101784  1141.724                 0.00000
1                845.047 56385.1236052460128  937.826                 0.00000
1                795.047 56385.1236054601424  1137.485                 0.00000
1                745.801 56385.1236056861205  956.790                 0.00000
1                894.995 56385.1241976124428  1135.743                 0.00000
1                845.047 56385.1241792694145  586.390                 0.00000
1                795.047 56385.1241979744192  694.381                 0.00000
1                745.801 56385.1241796815142  885.145                 0.00000
1                895.015 56406.1200609795994  332.314                 0.00000
1                844.021 56406.1200611496002  364.086                 0.00000
1                794.842 56406.1200613446283  458.820                 0.00000
1                745.047 56406.1200430643792  245.617                 0.00000
1                895.015 56406.1206349826617  283.189                 0.00000
1                844.021 56406.1206351507456  326.041                 0.00000
1                794.842 56406.1206353465117  448.850                 0.00000
1                745.047 56406.1206170625108  208.672                 0.00000
1                895.015 56406.1212275031141  401.385                 0.00000
1                844.021 56406.1212276711610  461.509                 0.00000
1                794.842 56406.1212278667105  646.669                 0.00000
1                745.047 56406.1212281021220  394.754                 0.00000
1                895.015 56406.1218015092992  214.139                 0.00000
1                844.021 56406.1218016796408  315.702                 0.00000
1                794.842 56406.1218018690221  326.782                 0.00000
1                745.047 56406.1217835889814  200.479                 0.00000
1                893.887 56414.0610333691708  911.124                 0.00000
1                844.867 56414.0610335217185  466.777                 0.00000
1                794.943 56414.0610337173629  406.733                 0.00000
1                745.047 56414.0610339570282  362.439                 0.00000
C 1                893.887 56414.0616073807662  1763.791                 0.00000
1                844.867 56414.0616075301234  568.285                 0.00000
1                794.943 56414.0616077276287  433.634                 0.00000
1                745.047 56414.0616079649438  557.809                 0.00000
1                893.887 56414.0621813773177  650.506                 0.00000
1                844.867 56414.0621815348316  467.129                 0.00000
1                794.943 56414.0621817310377  356.049                 0.00000
1                745.047 56414.0621819681965  601.847                 0.00000
1                893.887 56414.0628109308231  952.505                 0.00000
1                844.867 56414.0628111001657  457.681                 0.00000
1                794.943 56414.0628112903620  495.012                 0.00000
1                745.047 56414.0628115319322  460.386                 0.00000
1                817.019 56415.9971219473551  473.279                 0.00000
1                817.019 56415.9977144639586  829.047                 0.00000
1                817.019 56415.9982884615465  657.050                 0.00000
C 1                817.019 56415.9986834148139  2600.799                 0.00000
1                819.229 56415.0413077507838  324.818                 0.00000
1                819.229 56415.0418817578674  342.898                 0.00000
1                819.229 56415.0424742833258  393.831                 0.00000
1                819.229 56415.0430482875931  547.227                 0.00000
1                895.015 56423.0588923291633  502.211                 0.00000
1                844.619 56423.0588924943585  412.523                 0.00000
1                795.047 56423.0588926909694  365.207                 0.00000
1                746.352 56423.0588929240467  319.042                 0.00000
1                895.015 56423.0594663266010  893.981                 0.00000
1                844.619 56423.0594664828513  632.237                 0.00000
1                795.047 56423.0594666844512  459.537                 0.00000
1                746.352 56423.0594669095203  487.456                 0.00000
C 1                895.015 56423.0606299233837  2343.462                 0.00000
1                844.619 56423.0606330254522  408.171                 0.00000
1                795.047 56423.0606332192531  400.417                 0.00000
1                746.352 56423.0606334604335  448.729                 0.00000
1                894.961 56426.9710693221097  639.009                 0.00000
1                844.855 56426.9710695132110  851.312                 0.00000
C 1                792.947 56426.9710826268410  1805.358                 0.00000
1                745.066 56426.9710699214482  649.435                 0.00000
1                894.961 56426.9716433292123  385.212                 0.00000
1                844.855 56426.9716435021818  557.517                 0.00000
1                792.947 56426.9716436955857  550.464                 0.00000
1                745.066 56426.9716439225037  434.526                 0.00000
1                894.961 56426.9722358730093  408.380                 0.00000
1                844.855 56426.9722360259344  513.686                 0.00000
C 1                792.947 56426.9722386669387  3820.336                 0.00000
1                745.066 56426.9722364593026  480.698                 0.00000
1                894.961 56426.9728098565684  287.189                 0.00000
1                844.855 56426.9728100345106  499.397                 0.00000
1                792.947 56426.9728102347218  562.044                 0.00000
1                745.066 56426.9728104653173  377.813                 0.00000
1                818.555 56431.9576801869005  724.670                 0.00000
1                894.995 56449.9070722640305  407.412                 0.00000
1                846.172 56449.9070724288236  377.640                 0.00000
1                795.047 56449.9070541118732  456.843                 0.00000
1                745.145 56449.9070543373392  686.926                 0.00000
1                894.995 56449.9082388070524  528.864                 0.00000
1                846.172 56449.9082389604035  309.937                 0.00000
1                795.047 56449.9082206399060  573.505                 0.00000
1                745.145 56449.9082394083757  754.427                 0.00000
1                894.995 56449.9088128123494  493.174                 0.00000
1                846.172 56449.9088129751025  205.786                 0.00000
1                795.047 56449.9087946602825  444.964                 0.00000
1                745.145 56449.9088134076468  559.454                 0.00000
1                894.789 56470.9002395831693  479.203                 0.00000
1                843.955 56470.9002397600043  339.647                 0.00000
1                794.948 56470.9002399502838  282.220                 0.00000
1                745.936 56470.9002401813695  283.835                 0.00000
1                894.789 56470.9008136017711  1013.720                 0.00000
1                843.955 56470.9008137601696  581.088                 0.00000
1                794.948 56470.9008139591740  456.421                 0.00000
1                745.936 56470.9008142001837  460.831                 0.00000
1                894.789 56470.9014061328984  626.751                 0.00000
1                843.955 56470.9014062940306  500.683                 0.00000
1                794.948 56470.9014064906687  398.972                 0.00000
1                745.936 56470.9014067306088  411.150                 0.00000
1                894.789 56470.9019801223619  483.831                 0.00000
1                843.955 56470.9019803044067  281.795                 0.00000
1                794.948 56470.9019804976148  272.448                 0.00000
1                745.936 56470.9019807270020  240.264                 0.00000
1                895.027 56494.8898021110007  878.034                 0.00000
1                844.706 56494.8898022720398  572.702                 0.00000
1                793.409 56494.8898024732758  677.237                 0.00000
1                744.300 56494.8898027139816  620.922                 0.00000
1                895.027 56494.8903946188192  839.820                 0.00000
1                844.706 56494.8903947919625  882.640                 0.00000
1                793.409 56494.8903950177123  1055.197                 0.00000
1                744.300 56494.8903952257745  697.794                 0.00000
1                895.027 56494.8909686333059  1186.121                 0.00000
1                844.706 56494.8909688005354  632.880                 0.00000
1                793.409 56494.8909690214410  764.275                 0.00000
1                744.300 56494.8909692423124  798.735                 0.00000
1                895.027 56494.8915611631052  828.988                 0.00000
1                844.706 56494.8915613231358  545.282                 0.00000
1                793.409 56494.8915615238493  458.111                 0.00000
1                744.300 56494.8915617664319  434.850                 0.00000
1                821.636 56611.5116290650048  385.817                 0.00000
1                821.636 56611.5122215799532  611.376                 0.00000
1                821.636 56611.5127955776011  539.398                 0.00000
C 1                821.636 56611.5133770276056  1840.730                 0.00000
1                895.103 56637.3526753338159  784.109                 0.00000
1                845.249 56637.3526754971213  622.499                 0.00000
1                792.114 56637.3526757047046  762.216                 0.00000
1                746.494 56637.3526759061320  1244.184                 0.00000
1                895.103 56637.3532678504584  1590.798                 0.00000
C 1                845.249 56637.3532658665928  1881.476                 0.00000
1                792.114 56637.3532682133077  1182.140                 0.00000
C 1                746.494 56637.3532684107296  1534.943                 0.00000
1                895.103 56637.3538418306785  500.060                 0.00000
1                845.249 56637.3538419989436  528.321                 0.00000
1                792.114 56637.3538422091647  460.226                 0.00000
1                746.494 56637.3538424298910  683.331                 0.00000
1                895.103 56637.3543972852546  1091.618                 0.00000
1                845.249 56637.3543974853694  1244.938                 0.00000
1                792.114 56637.3543976727200  694.067                 0.00000
C 1                746.494 56637.3544093339028  3547.701                 0.00000
1                820.415 56669.3291041186951  585.155                 0.00000
1                820.415 56669.3296966061225  536.419                 0.00000
1                820.415 56669.3302706112874  789.798                 0.00000
1                820.415 56669.3308631157364  679.852                 0.00000
JUMP
t                119.251 56468.8586764686438  423.585                 0.00000
t                140.294 56468.8586738461678  525.722                 0.00000
t                158.700 56468.8586618175370  506.659                 0.00000
t                178.515 56468.8586713278564  954.374                 0.00000
t                119.257 56468.8593800820936  359.428                 0.00000
t                140.299 56468.8593774741700  375.103                 0.00000
t                158.710 56468.8593654381247  503.406                 0.00000
C t                178.515 56468.8593749355447  1205.516                 0.00000
t                119.259 56468.8600651961598  498.657                 0.00000
t                140.328 56468.8600625546951  442.613                 0.00000
t                158.709 56468.8600505345215  535.997                 0.00000
t                178.485 56468.8600600432271  1082.607                 0.00000
t                119.320 56468.8607687414399  390.299                 0.00000
t                140.327 56468.8607661723521  484.935                 0.00000
t                158.713 56468.8607541603424  572.969                 0.00000
C t                178.526 56468.8607636737162  1301.276                 0.00000
t                119.373 56468.8614537748417  636.352                 0.00000
t                140.324 56468.8614512844858  481.724                 0.00000
t                158.742 56468.8614392673543  571.879                 0.00000
C t                178.552 56468.8614545529219  2313.391                 0.00000
t                118.993 56437.2628314193472  676.493                 0.00000
t                140.961 56437.2628464616233  859.277                 0.00000
t                158.836 56437.2628348792553  1069.901                 0.00000
t                178.497 56437.2628444746247  1102.104                 0.00000
t                119.133 56437.2635533771651  681.754                 0.00000
t                140.913 56437.2635501358561  771.457                 0.00000
t                158.807 56437.2635385263288  813.798                 0.00000
C t                178.484 56437.2635507920329  2499.197                 0.00000
t                119.155 56437.2642384675768  554.771                 0.00000
t                141.045 56437.2642351414009  664.187                 0.00000
t                158.850 56437.2642236093314  710.085                 0.00000
t                178.466 56437.2642331947017  1103.795                 0.00000
t                119.194 56437.2649420291373  599.581                 0.00000
t                141.106 56437.2649387010049  737.363                 0.00000
t                158.920 56437.2649271911242  827.106                 0.00000
C t                178.449 56437.2649325308100  1953.572                 0.00000
t                119.060 56437.2656273040723  660.512                 0.00000
t                140.985 56437.2656239062807  804.208                 0.00000
C t                158.840 56437.2656228853412  3897.820                 0.00000
t                178.486 56437.2656219354207  1406.447                 0.00000
JUMP
