MODE 1
TIME +0.00002048
1                894.998 55996.5452814109217    9.606                 0.00000
1                844.996 55996.5452814246542    7.285                 0.00000
1                795.048 55996.5452814119319    5.416                 0.00000
1                745.048 55996.5452814121193    3.100                 0.00000
1                894.999 55996.5461962035264    9.222                 0.00000
1                844.996 55996.5461962180221   10.463                 0.00000
1                795.048 55996.5461962052597    5.447                 0.00000
1                745.048 55996.5461962055325    3.767                 0.00000
1                894.999 55996.5470758141515   33.202                 0.00000
C 1                844.996 55996.5470758265021   16.321                 0.00000
1                795.048 55996.5470758157070   11.084                 0.00000
1                745.048 55996.5470758158324    6.326                 0.00000
1                894.999 55996.5506869836601   17.058                 0.00000
1                844.996 55996.5506869985637   10.440                 0.00000
1                795.048 55996.5506869853030    8.620                 0.00000
1                745.048 55996.5506869854274    4.558                 0.00000
TIME -0.00002048
TIME +0.00008192
1                387.498 56017.5325535345888   40.860                 0.00000
1                362.072 56017.5325535292411   17.323                 0.00000
1                337.481 56017.5325535108356   11.116                 0.00000
1                312.529 56017.5325535222645   14.162                 0.00000
1                387.498 56017.6249845083637   43.687                 0.00000
1                362.510 56017.6249844959045   24.205                 0.00000
1                337.510 56017.6249844841294   10.623                 0.00000
1                312.502 56017.6249844966735    7.465                 0.00000
1                387.498 56026.5902965912680   28.388                 0.00000
1                362.510 56026.5902965789830   14.727                 0.00000
1                337.510 56026.5902965669039   11.622                 0.00000
1                312.510 56026.5902965790562   39.914                 0.00000
C 1                387.498 56027.2738960978125   97.270                 0.00000
1                362.510 56027.2738960781936   25.595                 0.00000
1                337.510 56027.2738960657523   17.916                 0.00000
1                312.510 56027.2738960774294   10.524                 0.00000
1                387.499 56028.5889811321426   13.601                 0.00000
1                362.159 56028.5889811250467   13.974                 0.00000
1                337.511 56028.5889811074354   25.227                 0.00000
1                312.515 56028.5889811198171   30.753                 0.00000
1                387.499 56028.5901466526453   10.940                 0.00000
1                362.159 56028.5901466452628   23.835                 0.00000
1                337.511 56028.5901466293908   45.035                 0.00000
1                312.515 56028.5901466393784   37.904                 0.00000
1                387.499 56028.5912534716048    9.852                 0.00000
1                362.159 56028.5912534646312   11.945                 0.00000
1                337.511 56028.5912534472422   51.756                 0.00000
1                312.515 56028.5912534590236   24.741                 0.00000
C 1                387.498 56029.0709798013268   26.829                 0.00000
1                362.519 56029.0709798102909   55.498                 0.00000
1                337.510 56029.0709797984658   23.050                 0.00000
1                312.505 56029.0709798112636   21.373                 0.00000
TIME -0.00008192
TIME +0.00002048
1                895.005 56031.5182927661318   10.503                 0.00000
1                845.022 56031.5182927804683    7.485                 0.00000
1                795.048 56031.5182927673387   13.790                 0.00000
1                745.048 56031.5182927678766   17.782                 0.00000
1                895.005 56031.5194579519851    7.607                 0.00000
1                845.022 56031.5194579664762    8.581                 0.00000
1                795.048 56031.5194579536722    8.318                 0.00000
1                745.048 56031.5194579536805   15.742                 0.00000
1                895.005 56031.5205647348120   11.244                 0.00000
1                845.022 56031.5205647494854    6.733                 0.00000
1                795.048 56031.5205647367555    8.750                 0.00000
1                745.048 56031.5205647365768   11.083                 0.00000
1                895.008 56031.5722510580989    6.343                 0.00000
1                845.022 56031.5722510723924    5.206                 0.00000
1                795.048 56031.5722510596479   10.317                 0.00000
1                745.048 56031.5722510598622   10.105                 0.00000
1                895.008 56031.5734162441594    8.151                 0.00000
1                845.022 56031.5734162585872    6.830                 0.00000
1                795.048 56031.5734162456894    5.924                 0.00000
1                745.048 56031.5734162459944   10.303                 0.00000
1                895.008 56031.5745231017471    7.974                 0.00000
1                845.022 56031.5745231163844    5.662                 0.00000
1                795.048 56031.5745231035037    9.877                 0.00000
1                745.048 56031.5745231037230   14.080                 0.00000
1                894.996 56031.5227371923688   12.030                 0.00000
1                845.022 56031.5227372065788    7.184                 0.00000
1                795.048 56031.5227371940186   16.427                 0.00000
1                745.048 56031.5227371939671   15.690                 0.00000
1                894.996 56031.5238699899251   12.560                 0.00000
1                845.022 56031.5238700045311   16.331                 0.00000
1                795.048 56031.5238699921226   20.255                 0.00000
1                745.048 56031.5238699919891   12.341                 0.00000
1                894.996 56031.5250091986900   16.290                 0.00000
1                845.022 56031.5250092128629   10.934                 0.00000
1                795.048 56031.5250092000411   12.049                 0.00000
1                745.048 56031.5250092004221   10.857                 0.00000
1                894.983 56031.5452255836056    8.222                 0.00000
1                844.972 56031.5452255978882   10.038                 0.00000
1                795.048 56031.5452255854752   11.435                 0.00000
1                745.048 56031.5452255856480   10.309                 0.00000
1                894.983 56031.5463713149253    9.141                 0.00000
1                844.972 56031.5463713291466    7.662                 0.00000
1                795.048 56031.5463713162507    9.215                 0.00000
1                745.048 56031.5463713165516   13.473                 0.00000
1                894.983 56031.5474975905301    9.677                 0.00000
1                844.972 56031.5474976050033    9.542                 0.00000
1                795.048 56031.5474975920939    9.775                 0.00000
1                745.048 56031.5474975922309   17.271                 0.00000
1                894.983 56031.5496816386677    6.862                 0.00000
1                845.022 56031.5496816531807    7.950                 0.00000
1                795.048 56031.5496816404320    7.002                 0.00000
1                745.048 56031.5496816403098    9.099                 0.00000
1                894.983 56031.5508468247239    5.232                 0.00000
1                845.022 56031.5508468392169    8.833                 0.00000
1                795.048 56031.5508468263551   10.002                 0.00000
1                745.048 56031.5508468268273   11.890                 0.00000
1                894.983 56031.5519536452660    8.697                 0.00000
1                845.022 56031.5519536597395    7.725                 0.00000
1                795.048 56031.5519536471135   11.425                 0.00000
1                745.048 56031.5519536471623    8.915                 0.00000
1                894.983 56031.5539640506082    8.343                 0.00000
1                845.022 56031.5539640649037    6.811                 0.00000
1                795.048 56031.5539640522744   13.154                 0.00000
1                745.048 56031.5539640522759   11.878                 0.00000
1                894.983 56031.5551292740527    9.044                 0.00000
1                845.022 56031.5551292884293    8.934                 0.00000
1                795.048 56031.5551292755293    6.488                 0.00000
1                745.048 56031.5551292756796    7.803                 0.00000
1                894.983 56031.5562360944999   13.912                 0.00000
1                845.022 56031.5562361089596    7.534                 0.00000
1                795.048 56031.5562360961524    6.712                 0.00000
1                745.048 56031.5562360963231   11.598                 0.00000
1                895.010 56031.5581075553701    8.158                 0.00000
1                845.022 56031.5581075699501    7.328                 0.00000
1                795.048 56031.5581075572009   11.626                 0.00000
1                745.048 56031.5581075573171    7.941                 0.00000
1                895.010 56031.5592727417089    4.853                 0.00000
1                845.022 56031.5592727560330    8.031                 0.00000
1                795.048 56031.5592727434074    8.754                 0.00000
1                745.048 56031.5592727438251   17.519                 0.00000
1                895.010 56031.5603795994591    6.215                 0.00000
1                845.022 56031.5603796140789    9.529                 0.00000
1                795.048 56031.5603796010718    9.465                 0.00000
1                745.048 56031.5603796011518    8.723                 0.00000
1                894.857 56031.5678297389776    6.236                 0.00000
1                845.022 56031.5678297532488    9.774                 0.00000
1                795.048 56031.5678297404700    5.194                 0.00000
1                745.048 56031.5678297407977    6.910                 0.00000
1                894.857 56031.5689949251750    5.632                 0.00000
1                845.022 56031.5689949394907    5.872                 0.00000
1                795.048 56031.5689949267879    9.002                 0.00000
1                745.048 56031.5689949272817    8.918                 0.00000
1                894.857 56031.5701017828900    7.349                 0.00000
1                845.022 56031.5701017972824    8.957                 0.00000
1                795.048 56031.5701017845382    6.544                 0.00000
1                745.048 56031.5701017845302    9.156                 0.00000
TIME -0.00002048
TIME +0.00008192
1                387.468 56050.3967473353020   14.515                 0.00000
1                362.520 56050.3967473227542    5.324                 0.00000
1                337.511 56050.3967473103428    5.721                 0.00000
1                312.507 56050.3967473230031    7.267                 0.00000
1                387.468 56050.3979128294976   65.594                 0.00000
1                362.520 56050.3979128164889    5.611                 0.00000
1                337.511 56050.3979128044445    5.722                 0.00000
1                312.507 56050.3979128169187    6.752                 0.00000
1                387.468 56050.3990195839933   19.306                 0.00000
1                362.520 56050.3990195717368    6.080                 0.00000
1                337.511 56050.3990195596575    5.907                 0.00000
1                312.507 56050.3990195721668    8.046                 0.00000
1                387.499 56052.0675227997379    4.686                 0.00000
1                362.520 56052.0675227872648    3.838                 0.00000
1                337.511 56052.0675227751701    1.692                 0.00000
1                312.498 56052.0675227877736    2.025                 0.00000
1                387.499 56052.0686882561357    3.535                 0.00000
1                362.520 56052.0686882435471    3.644                 0.00000
1                337.511 56052.0686882315167    1.560                 0.00000
1                312.498 56052.0686882441329    1.762                 0.00000
1                387.499 56052.0697950854586    4.026                 0.00000
1                362.520 56052.0697950729460    3.028                 0.00000
1                337.511 56052.0697950609417    1.745                 0.00000
1                312.498 56052.0697950735138    1.949                 0.00000
1                387.499 56079.3418283124240   23.013                 0.00000
1                362.520 56079.3418282997671    5.503                 0.00000
1                337.511 56079.3418282878994    6.399                 0.00000
1                312.511 56079.3418283000259    8.958                 0.00000
C 1                387.499 56079.3429937678698   42.624                 0.00000
1                362.520 56079.3429937742302    6.292                 0.00000
1                337.511 56079.3429937620253    5.187                 0.00000
1                312.511 56079.3429937744754   10.364                 0.00000
1                387.499 56079.3441588879566   19.935                 0.00000
1                362.520 56079.3441588756556    6.056                 0.00000
1                337.511 56079.3441588636858    6.092                 0.00000
1                312.511 56079.3441588757684    8.851                 0.00000
1                387.499 56079.3453240639138   21.336                 0.00000
1                362.520 56079.3453240518023    6.524                 0.00000
1                337.511 56079.3453240395412    7.252                 0.00000
1                312.511 56079.3453240522077   11.058                 0.00000
C 1                387.499 56079.3464890948180   35.133                 0.00000
1                362.520 56079.3464890787639    6.861                 0.00000
1                337.511 56079.3464890666482    5.185                 0.00000
1                312.511 56079.3464890788678    9.149                 0.00000
1                387.499 56079.3475959374024   25.706                 0.00000
1                362.520 56079.3475959252837    7.623                 0.00000
1                337.511 56079.3475959131394    5.639                 0.00000
1                312.511 56079.3475959252773    8.949                 0.00000
TIME -0.00008192
TIME +0.00000512
1               1211.504 56124.0587379567804   26.416                 0.00000
1               1399.803 56124.0587379728613    4.070                 0.00000
1               1598.521 56124.0587379698183    6.968                 0.00000
1               1799.803 56124.0587379790633    6.258                 0.00000
1               1222.238 56124.0618166600004   14.990                 0.00000
1               1399.803 56124.0618166803465    9.717                 0.00000
1               1598.630 56124.0618166770567   10.298                 0.00000
1               1799.803 56124.0618166865566   22.454                 0.00000
1               1217.453 56124.0648953317650   12.451                 0.00000
1               1399.803 56124.0648953503890    8.389                 0.00000
1               1598.571 56124.0648953474073   12.163                 0.00000
1               1799.803 56124.0648953566210   21.916                 0.00000
1               1217.880 56124.0679855559936   13.911                 0.00000
1               1399.803 56124.0679855751295    7.842                 0.00000
1               1598.531 56124.0679855719262   11.634                 0.00000
1               1799.803 56124.0679855809303   15.023                 0.00000
1               1218.145 56124.0710642631771   36.611                 0.00000
1               1399.803 56124.0710642826805    7.414                 0.00000
1               1598.729 56124.0710642791941   12.215                 0.00000
1               1799.803 56124.0710642882889   21.953                 0.00000
TIME -0.00000512
TIME +0.00002048
1                894.857 56332.6886746390321   16.126                 0.00000
1                845.048 56332.6886746534837   22.012                 0.00000
1                795.048 56332.6886746401024    7.978                 0.00000
1                745.119 56332.6886746401101    8.329                 0.00000
1                894.857 56332.6898398489250   11.161                 0.00000
1                845.048 56332.6898398632477   18.841                 0.00000
1                795.048 56332.6898398505182    8.691                 0.00000
1                745.119 56332.6898398506327    8.544                 0.00000
1                894.857 56332.6909466571896   14.809                 0.00000
1                845.048 56332.6909466713545   11.464                 0.00000
1                795.048 56332.6909466588450    7.929                 0.00000
1                745.119 56332.6909466589255   10.882                 0.00000
1                894.999 56365.7285010883313    7.564                 0.00000
1                845.048 56365.7285011029489    7.299                 0.00000
1                795.048 56365.7285010902425    6.545                 0.00000
1                745.048 56365.7285010902830    5.636                 0.00000
1                894.999 56365.7296661890667    9.632                 0.00000
1                845.048 56365.7296662031472    8.622                 0.00000
1                795.048 56365.7296661907029    6.391                 0.00000
1                745.048 56365.7296661906967    4.972                 0.00000
1                894.999 56365.7307729987044    9.784                 0.00000
1                845.048 56365.7307730131876    9.236                 0.00000
1                795.048 56365.7307730003788    8.186                 0.00000
1                745.048 56365.7307730004544    5.871                 0.00000
1                894.996 56389.5938482634362    4.550                 0.00000
1                845.128 56389.5938482775218    3.870                 0.00000
1                795.048 56389.5938482649809    3.643                 0.00000
1                745.048 56389.5938482650694    4.423                 0.00000
1                894.996 56389.5950134461233    4.682                 0.00000
1                845.128 56389.5950134602996    4.449                 0.00000
1                795.048 56389.5950134478314    5.424                 0.00000
1                745.048 56389.5950134477820    7.534                 0.00000
1                894.996 56389.5961202634125    4.780                 0.00000
1                845.128 56389.5961202778612    3.905                 0.00000
1                795.048 56389.5961202651221    5.053                 0.00000
1                745.048 56389.5961202652110    4.011                 0.00000
1                894.994 56406.5674824918887    4.576                 0.00000
1                845.048 56406.5674825062879    2.508                 0.00000
1                795.048 56406.5674824935115    2.192                 0.00000
1                745.050 56406.5674824936419    2.310                 0.00000
1                894.994 56406.5686476830053    4.959                 0.00000
1                845.048 56406.5686476975208    2.806                 0.00000
1                795.048 56406.5686476847284    2.281                 0.00000
1                745.050 56406.5686476848335    2.448                 0.00000
1                894.994 56406.5697545084081    3.957                 0.00000
1                845.048 56406.5697545228797    2.719                 0.00000
1                795.048 56406.5697545101512    2.252                 0.00000
1                745.050 56406.5697545102914    2.897                 0.00000
1                895.008 56426.9903645143516    7.898                 0.00000
1                844.931 56426.9903645287703    7.675                 0.00000
1                795.048 56426.9903645160218    6.670                 0.00000
1                745.048 56426.9903645159672    5.668                 0.00000
1                895.008 56426.9915296782478    9.380                 0.00000
1                844.931 56426.9915296925274   10.333                 0.00000
1                795.048 56426.9915296798171    5.274                 0.00000
1                745.048 56426.9915296799706    8.118                 0.00000
1                895.008 56426.9926365129469   13.010                 0.00000
1                844.931 56426.9926365275710   10.125                 0.00000
1                795.048 56426.9926365147642    8.704                 0.00000
1                745.048 56426.9926365148908    8.398                 0.00000
1                895.536 56451.4382811341463    5.926                 0.00000
1                845.027 56451.4382811490657    5.536                 0.00000
1                794.847 56451.4382811367249    6.439                 0.00000
1                745.048 56451.4382811365941   14.727                 0.00000
1                895.536 56451.4394462773571    7.343                 0.00000
1                845.027 56451.4394462922149    7.945                 0.00000
1                794.847 56451.4394462798661    7.231                 0.00000
1                745.048 56451.4394462798085   10.250                 0.00000
1                895.536 56451.4405822370875    6.237                 0.00000
1                845.027 56451.4405822521840   15.539                 0.00000
1                794.847 56451.4405822396530    8.869                 0.00000
1                745.048 56451.4405822395091   18.794                 0.00000
1                894.999 56472.3630380417420   15.427                 0.00000
1                845.022 56472.3630380556614   13.078                 0.00000
1                795.048 56472.3630380428407    8.589                 0.00000
1                745.048 56472.3630380428549   15.575                 0.00000
C 1                894.999 56472.3642032649385   20.939                 0.00000
1                845.022 56472.3642032849027   19.094                 0.00000
1                795.048 56472.3642032721769   12.659                 0.00000
1                745.048 56472.3642032724906   15.751                 0.00000
1                894.999 56472.3653100945898   10.002                 0.00000
1                845.022 56472.3653101094779    8.472                 0.00000
1                795.048 56472.3653100964674   16.279                 0.00000
1                745.048 56472.3653100961088   15.892                 0.00000
1                894.999 56494.3689404821356   10.484                 0.00000
1                845.024 56494.3689404970282   13.711                 0.00000
C 1                795.048 56494.3689404852504   13.425                 0.00000
1                745.048 56494.3689404839659   24.866                 0.00000
C 1                894.999 56494.3702221973787   10.310                 0.00000
1                845.024 56494.3702222107259   11.221                 0.00000
1                795.048 56494.3702221979987   16.185                 0.00000
C 1                745.048 56494.3702222145348   25.207                 0.00000
1                894.999 56494.3712707736299   33.697                 0.00000
1                845.024 56494.3712707880387   11.342                 0.00000
1                795.048 56494.3712707750109   13.666                 0.00000
1                745.048 56494.3712707751379   17.332                 0.00000
1                894.999 56520.1976329675230    5.088                 0.00000
1                845.026 56520.1976329820296    6.121                 0.00000
1                795.048 56520.1976329690955    7.860                 0.00000
1                745.048 56520.1976329693264   10.831                 0.00000
1                894.999 56520.1987982121404    4.913                 0.00000
1                845.026 56520.1987982265824    6.245                 0.00000
1                795.048 56520.1987982138693    9.516                 0.00000
1                745.048 56520.1987982140317    6.947                 0.00000
1                894.999 56520.1995555111726   13.861                 0.00000
1                845.026 56520.1995555257702    9.444                 0.00000
C 1                795.048 56520.1995555134478   12.841                 0.00000
1                745.048 56520.1995555130445   14.647                 0.00000
1                894.999 56537.2304570165060    5.153                 0.00000
1                845.320 56537.2304570307750    5.194                 0.00000
1                794.796 56537.2304570186816    4.978                 0.00000
1                745.065 56537.2304570184533    3.518                 0.00000
1                894.999 56537.2315640052012    8.190                 0.00000
1                845.320 56537.2315640190807    5.538                 0.00000
1                794.796 56537.2315640070340    5.246                 0.00000
1                745.065 56537.2315640066527    3.663                 0.00000
1                894.999 56537.3097394875781    8.505                 0.00000
1                845.048 56537.3097395020686    6.496                 0.00000
1                795.048 56537.3097394893838   19.283                 0.00000
1                745.048 56537.3097394896874   15.607                 0.00000
1                894.999 56537.3107298881282   10.074                 0.00000
1                845.048 56537.3107299026570    6.949                 0.00000
1                795.048 56537.3107298897580   13.656                 0.00000
1                745.048 56537.3107298901850   15.895                 0.00000
1                894.999 56538.2151329431086   12.253                 0.00000
1                845.024 56538.2151329581481   16.221                 0.00000
C 1                795.048 56538.2151329273698   25.337                 0.00000
1                745.048 56538.2151329450477   13.318                 0.00000
C 1                894.999 56538.2162399349258   22.789                 0.00000
1                845.024 56538.2162399461958   13.977                 0.00000
1                795.048 56538.2162399334507   29.767                 0.00000
1                745.048 56538.2162399332180   11.252                 0.00000
1                894.999 56539.2036052177054    9.349                 0.00000
1                844.671 56539.2036052324844    7.618                 0.00000
1                795.143 56539.2036052193293   12.205                 0.00000
1                745.048 56539.2036052195302    8.315                 0.00000
1                894.999 56539.2047121313606    9.150                 0.00000
1                844.671 56539.2047121463371    7.788                 0.00000
1                795.143 56539.2047121330053   10.906                 0.00000
1                745.048 56539.2047121329087   12.726                 0.00000
1                894.999 56546.2088514709797   13.975                 0.00000
1                845.048 56546.2088514854208   19.099                 0.00000
1                795.048 56546.2088514725073   14.189                 0.00000
1                745.048 56546.2088514723898   10.921                 0.00000
C 1                894.999 56546.2098417974136   20.329                 0.00000
1                845.048 56546.2098418105972   13.332                 0.00000
1                795.048 56546.2098417976400    8.426                 0.00000
1                745.048 56546.2098417976611   11.764                 0.00000
1                894.997 56555.1751676695731    4.519                 0.00000
1                845.024 56555.1751676841237    4.418                 0.00000
1                795.048 56555.1751676713529    7.440                 0.00000
1                745.050 56555.1751676715292    6.500                 0.00000
1                894.997 56555.1762746180632    4.844                 0.00000
1                845.024 56555.1762746324644    4.218                 0.00000
1                795.048 56555.1762746196122    5.844                 0.00000
1                745.050 56555.1762746198786    9.748                 0.00000
1                895.008 56586.1275288254267    8.581                 0.00000
1                845.048 56586.1275288399050    6.978                 0.00000
1                795.048 56586.1275288271997    6.293                 0.00000
1                745.048 56586.1275288271521    6.488                 0.00000
1                895.008 56586.1286939810889    8.412                 0.00000
1                845.048 56586.1286939954201    6.605                 0.00000
1                795.048 56586.1286939829697    9.004                 0.00000
1                745.048 56586.1286939828152    5.498                 0.00000
1                895.008 56586.1294512705365   14.679                 0.00000
1                845.048 56586.1294512850934    9.330                 0.00000
1                795.048 56586.1294512722838    8.616                 0.00000
1                745.048 56586.1294512720528   10.211                 0.00000
1                894.995 56608.0297741568954    7.669                 0.00000
1                845.048 56608.0297741717279    8.339                 0.00000
1                795.048 56608.0297741587488    6.536                 0.00000
1                745.050 56608.0297741590722    7.995                 0.00000
1                894.995 56608.0309393746606    9.171                 0.00000
1                845.048 56608.0309393891140    8.614                 0.00000
1                795.048 56608.0309393765786    8.021                 0.00000
1                745.050 56608.0309393763755   12.158                 0.00000
1                894.995 56608.0316966558420    9.440                 0.00000
1                845.048 56608.0316966701899   12.243                 0.00000
1                795.048 56608.0316966575605   10.657                 0.00000
1                745.050 56608.0316966580902   10.309                 0.00000
1                895.006 56670.8601792825010    6.483                 0.00000
1                845.048 56670.8601792969250    3.822                 0.00000
1                795.048 56670.8601792840543    3.922                 0.00000
1                745.048 56670.8601792842475    5.103                 0.00000
1                895.006 56670.8613444261657    5.302                 0.00000
1                845.048 56670.8613444407930    4.113                 0.00000
1                795.048 56670.8613444278930    4.194                 0.00000
1                745.048 56670.8613444281501    5.203                 0.00000
1                895.006 56670.8621017210604    7.655                 0.00000
1                845.048 56670.8621017357995    7.851                 0.00000
1                795.048 56670.8621017229290    7.970                 0.00000
1                745.048 56670.8621017230065    7.760                 0.00000
TIME -0.00002048
C LOFAR DATA
JUMP                                                                          
t                119.178 56645.4880662525111   17.593                 0.00000 
t                139.889 56645.4880662435959   23.573                 0.00000 
t                158.745 56645.4880662343284   33.680                 0.00000 
t                178.301 56645.4880662307172   18.378                 0.00000 
t                119.332 56645.4891391766078   17.073                 0.00000 
t                139.812 56645.4891391742262   20.044                 0.00000 
t                158.828 56645.4891392064724   67.068                 0.00000 
t                178.381 56645.4891392066449   22.791                 0.00000 
t                119.188 56645.4903463565898   23.367                 0.00000 
t                139.802 56645.4903463369407   20.028                 0.00000 
t                158.775 56645.4903463387218   38.978                 0.00000 
t                178.279 56645.4903463421950   36.272                 0.00000 
t                119.277 56674.3706258669149   24.559                 0.00000 
t                139.498 56674.3706258464795   15.367                 0.00000 
t                158.705 56674.3706258585281   20.004                 0.00000 
t                178.460 56674.3706258658538   23.088                 0.00000 
t                119.299 56674.3717494435606   19.928                 0.00000 
t                139.583 56674.3717494478602   27.701                 0.00000 
t                158.736 56674.3717494383645   15.334                 0.00000 
t                178.442 56674.3717494532491   26.604                 0.00000 
t                119.428 56674.3730084166321   18.404                 0.00000 
t                139.524 56674.3730084504110   19.977                 0.00000 
t                158.751 56674.3730084236625   19.674                 0.00000 
t                178.452 56674.3730084396617   17.950                 0.00000 
t                119.114 56709.2754406498234   10.259                 0.00000 
t                139.677 56709.2754406679960   10.563                 0.00000 
t                158.716 56709.2754406482385   15.798                 0.00000 
t                178.488 56709.2754406536065   36.310                 0.00000 
t                119.172 56709.2768255045172   13.476                 0.00000 
t                139.548 56709.2768255041126   13.459                 0.00000 
t                158.716 56709.2768254895779   21.994                 0.00000 
t                178.436 56709.2768255009090   59.204                 0.00000 
t                119.142 56709.2779423116882   12.921                 0.00000 
t                139.421 56709.2779423308348   13.106                 0.00000 
t                158.737 56709.2779423179299   23.978                 0.00000 
t                178.375 56709.2779423413015   79.672                 0.00000 
t                119.659 56737.2095203377690   21.923                 0.00000 
t                139.012 56737.2095203315003   14.018                 0.00000 
t                158.714 56737.2095203307215   21.378                 0.00000 
t                178.278 56737.2095203236523   46.399                 0.00000 
t                119.580 56737.2107374247912   18.469                 0.00000 
t                139.201 56737.2107374137023   13.641                 0.00000 
t                158.713 56737.2107374242287   22.469                 0.00000 
t                178.274 56737.2107374176490   32.124                 0.00000 
t                119.497 56737.2118075575949   27.378                 0.00000 
t                139.225 56737.2118075813409   16.370                 0.00000 
t                158.696 56737.2118075624832   35.328                 0.00000 
t                178.290 56737.2118075519891   41.339                 0.00000 
t                119.576 56752.0852311987530   10.126                 0.00000 
t                139.143 56752.0852312007662    8.043                 0.00000 
t                158.685 56752.0852312011515    8.904                 0.00000 
t                178.350 56752.0852311809478   17.850                 0.00000 
t                119.536 56752.0865250892813    8.131                 0.00000 
t                139.131 56752.0865250783581    6.419                 0.00000 
t                158.669 56752.0865250784335   10.581                 0.00000 
t                178.353 56752.0865250925355   19.608                 0.00000 
t                119.576 56752.0875369987271   10.137                 0.00000 
t                139.072 56752.0875369812124    6.145                 0.00000 
t                158.648 56752.0875370072286    9.783                 0.00000 
t                178.373 56752.0875370152149   14.981                 0.00000 
t                119.043 56782.1721654781356   15.542                 0.00000 
t                138.991 56782.1721654913084   13.725                 0.00000 
t                159.182 56782.1721654808305   22.393                 0.00000 
C t                178.238 56782.1721654867698   66.398                 0.00000 
t                119.007 56782.1732562593512   13.690                 0.00000 
t                138.961 56782.1732562655931   16.227                 0.00000 
t                158.975 56782.1732562450189   17.974                 0.00000 
C t                178.218 56782.1732562537232   60.483                 0.00000 
t                119.095 56782.1744792273785   12.216                 0.00000 
t                139.045 56782.1744792105933   13.739                 0.00000 
t                158.994 56782.1744792078264   20.080                 0.00000 
C t                178.286 56782.1744792106156   63.410                 0.00000 
t                119.581 56819.9866891000726   16.662                 0.00000 
t                139.170 56819.9866890976576   13.696                 0.00000 
t                158.692 56819.9866891034068   25.560                 0.00000 
C t                182.065 56819.9866890865269   59.423                 0.00000 
t                119.623 56819.9878479290957   12.280                 0.00000 
t                139.207 56819.9878478964311   11.367                 0.00000 
t                158.702 56819.9878479104266   27.179                 0.00000 
C t                182.062 56819.9878479235547   44.412                 0.00000 
t                119.590 56819.9890042902576   13.027                 0.00000 
t                139.223 56819.9890043150802   14.155                 0.00000 
t                158.765 56819.9890042851597   31.530                 0.00000 
C t                181.883 56819.9890043053020   67.647                 0.00000 
t                119.421 56851.8123685126496   14.684                 0.00000 
t                140.255 56851.8123685103182   20.757                 0.00000 
t                158.690 56851.8123685268285   24.022                 0.00000
t                179.294 56851.8123685071629   38.596                 0.00000
t                119.426 56851.8135450010685   14.010                 0.00000
t                140.364 56851.8135450114602   18.257                 0.00000
t                158.690 56851.8135450178936   16.208                 0.00000
t                179.527 56851.8135450078722   48.193                 0.00000
t                119.225 56851.8146889592307   13.152                 0.00000
t                140.623 56851.8146889750198   17.455                 0.00000
t                158.699 56851.8146889684323   20.110                 0.00000
t                178.973 56851.8146889513779   27.478                 0.00000
t                119.417 56882.7457227001498   16.773                 0.00000
t                140.075 56882.7457227037984   21.955                 0.00000
t                158.690 56882.7457227130100   22.343                 0.00000
C t                178.939 56882.7457227163205   63.478                 0.00000
t                119.420 56882.7468793318825   20.708                 0.00000
t                139.679 56882.7468793616681   23.790                 0.00000
t                158.690 56882.7468793462847   23.959                 0.00000
C t                179.371 56882.7468793571038   62.016                 0.00000
t                119.446 56882.7480065099080   17.069                 0.00000
t                139.634 56882.7480064862227   23.289                 0.00000
t                158.690 56882.7480064967548   22.771                 0.00000
C t                179.583 56882.7480064938789   51.476                 0.00000
t                119.370 56911.7214203253517   20.697                 0.00000
t                140.284 56911.7214203330858   31.461                 0.00000
t                158.718 56911.7214203147261   36.437                 0.00000
C t                179.215 56911.7214203074310  137.077                 0.00000
t                119.301 56911.7225595797669   32.475                 0.00000
t                139.704 56911.7225595921189   29.577                 0.00000
t                158.738 56911.7225595752458   54.344                 0.00000
C t                179.030 56911.7225595949677   50.711                 0.00000
t                119.461 56911.7237097748995   36.847                 0.00000
C t                140.110 56911.7237097674319   72.498                 0.00000
t                158.698 56911.7237097672115   35.772                 0.00000
t                179.611 56911.7237097489702   27.599                 0.00000
t                151.484 56943.6339306651099   31.403                 0.00000
t                148.834 56943.6350569967350   30.786                 0.00000
t                148.572 56943.6362279493842   26.631                 0.00000
t                119.367 56973.5616914249574   29.358                 0.00000
t                140.267 56973.5616913982290   27.796                 0.00000
t                158.695 56973.5616914168264   35.598                 0.00000
t                179.323 56973.5616914309673   41.363                 0.00000
t                119.261 56973.5628430050741   39.545                 0.00000
t                139.706 56973.5628430004699   31.716                 0.00000
t                158.694 56973.5628429922320   37.129                 0.00000
C t                178.709 56973.5628430065423   63.811                 0.00000
t                119.320 56973.5640059618193   16.260                 0.00000
t                140.186 56973.5640059735888   24.584                 0.00000
t                158.709 56973.5640059694032   33.807                 0.00000
C t                178.594 56973.5640059610990   72.715                 0.00000
JUMP
TIME +0.00000384                                                                
1                820.780 57079.4870893894961   11.319                 0.00000   
1                820.781 57079.4878348635774   11.490                 0.00000   
1                820.781 57079.4885803376905    9.224                 0.00000   
1                820.781 57079.4893258120533   12.181                 0.00000   
1                820.781 57079.4900712869695   13.270                 0.00000   
1                820.781 57079.4908167606419   14.912                 0.00000   
1                820.781 57079.4915622350053    9.827                 0.00000   
1                820.781 57079.4923077089909    8.506                 0.00000   
1                820.781 57079.4928047044650   13.517                 0.00000   
1                820.780 57100.2850986553187    4.501                 0.00000   
1                820.781 57100.2858441312032    4.389                 0.00000   
1                820.781 57100.2865896070580    3.843                 0.00000   
1                820.781 57100.2873350829584    5.264                 0.00000   
1                820.781 57100.2880805214722    6.477                 0.00000   
1                820.781 57100.2888259974030    4.641                 0.00000   
1                820.781 57100.2895714732425    3.860                 0.00000   
1                820.781 57100.2903169491794    4.624                 0.00000   
1                820.781 57100.2910624250911    4.053                 0.00000   
1                820.780 57130.2699598861050    5.140                 0.00000   
1                820.781 57130.2707053323059    4.238                 0.00000   
1                820.781 57130.2714507786590    4.272                 0.00000   
1                820.781 57130.2721962623098    5.139                 0.00000   
1                820.781 57130.2729417084594    5.252                 0.00000   
1                820.781 57130.2736871923505    5.097                 0.00000   
1                820.781 57130.2744326759554    4.679                 0.00000   
1                820.781 57130.2751781223177    5.630                 0.00000   
1                820.781 57130.2756129940618   12.414                 0.00000   
1                895.780 57163.1875524042929    4.544                 0.00000   
1                845.780 57163.1875523815025    4.194                 0.00000   
1                795.781 57163.1875524057894    4.825                 0.00000   
1                745.781 57163.1875524057047    4.170                 0.00000   
1                895.781 57163.1882979373542    4.472                 0.00000   
1                845.781 57163.1882979143750    3.857                 0.00000   
1                795.781 57163.1882979387783    4.375                 0.00000   
1                745.781 57163.1882979386823    6.182                 0.00000   
1                895.781 57163.1890433956358    4.166                 0.00000   
1                845.781 57163.1890433728548    4.258                 0.00000   
1                795.781 57163.1890433971936    4.790                 0.00000   
1                745.781 57163.1890433971397    4.177                 0.00000   
1                895.781 57163.1897888542015    4.385                 0.00000   
1                845.781 57163.1897888312942    3.743                 0.00000   
1                795.781 57163.1897888557897    4.318                 0.00000   
1                745.781 57163.1897888555042    4.823                 0.00000   
1                895.781 57163.1905343499129    4.789                 0.00000   
1                845.781 57163.1905343270162    3.976                 0.00000   
1                795.781 57163.1905343513373    4.036                 0.00000   
1                745.781 57163.1905343513004    4.196                 0.00000   
1                895.781 57163.1912798083502    5.160                 0.00000   
1                845.781 57163.1912797853622    3.498                 0.00000   
1                795.781 57163.1912798097749    4.335                 0.00000   
1                745.781 57163.1912798097397    4.727                 0.00000   
1                895.781 57163.1920253040337    4.198                 0.00000   
1                845.781 57163.1920252811581    3.710                 0.00000   
1                795.781 57163.1920253056054    4.474                 0.00000   
1                745.781 57163.1920253054038    3.878                 0.00000   
1                895.781 57163.1927707624612    3.987                 0.00000   
1                845.781 57163.1927707396391    4.242                 0.00000   
1                795.781 57163.1927707639171    3.966                 0.00000   
1                745.781 57163.1927707640182    4.688                 0.00000   
1                895.781 57163.1932056038186   11.440                 0.00000   
1                845.781 57163.1932055810814   18.622                 0.00000   
1                795.781 57163.1932056054778    8.149                 0.00000   
1                745.781 57163.1932056054414    9.277                 0.00000   
1                895.780 57193.1565223734722    7.830                 0.00000   
1                845.780 57193.1565223506046   11.027                 0.00000   
1                795.781 57193.1565223752120   15.514                 0.00000   
1                745.781 57193.1565223746456    9.454                 0.00000   
1                895.781 57193.1572678434744    7.943                 0.00000   
1                845.781 57193.1572678205033   10.311                 0.00000   
1                795.781 57193.1572678446791   17.259                 0.00000   
1                745.781 57193.1572678446605   12.601                 0.00000   
1                895.781 57193.1580133130710   28.514                 0.00000   
1                845.781 57193.1580132910527   15.677                 0.00000   
1                795.781 57193.1580133148433   27.519                 0.00000   
1                745.781 57193.1580133148093   11.482                 0.00000   
1                895.781 57193.1587587832518    9.086                 0.00000   
1                845.781 57193.1587587603706   10.444                 0.00000   
1                795.781 57193.1587587858465   18.439                 0.00000   
1                745.781 57193.1587587842858   10.718                 0.00000   
1                895.781 57193.1595042533211    8.854                 0.00000   
1                845.781 57193.1595042305020    9.938                 0.00000   
1                795.781 57193.1595042544264   15.822                 0.00000   
1                745.781 57193.1595042544073   12.733                 0.00000   
1                895.781 57193.1602497232071   13.316                 0.00000   
1                845.781 57193.1602497001878   15.292                 0.00000   
1                795.781 57193.1602497248308   12.802                 0.00000   
1                745.781 57193.1602497247137    9.045                 0.00000   
1                895.781 57193.1609951934363    9.976                 0.00000   
1                845.781 57193.1609951704715   10.134                 0.00000   
1                795.781 57193.1609951949958   14.238                 0.00000   
1                745.781 57193.1609951947184   10.192                 0.00000   
1                895.781 57193.1617406631519    9.698                 0.00000   
1                845.781 57193.1617406402811   11.374                 0.00000   
1                795.781 57193.1617406650709   16.026                 0.00000   
1                745.781 57193.1617406649687   13.594                 0.00000   
1                895.781 57193.1624861333608   11.271                 0.00000   
1                845.781 57193.1624861102485   17.994                 0.00000   
1                795.781 57193.1624861346385    8.315                 0.00000   
1                745.781 57193.1624861349853   10.559                 0.00000   
1                895.781 57193.1632316038801   21.576                 0.00000   
1                845.781 57193.1632315802930   22.097                 0.00000   
1                795.781 57193.1632316047556   12.162                 0.00000   
1                745.781 57193.1632316045011   10.912                 0.00000   
1                895.781 57193.1639770731922    8.787                 0.00000   
1                845.781 57193.1639770503441   12.592                 0.00000   
1                795.781 57193.1639770746538   12.976                 0.00000   
1                745.781 57193.1639770744110   11.131                 0.00000   
1                895.781 57193.1647225432444   11.112                 0.00000   
1                845.781 57193.1647225201660   18.328                 0.00000   
1                795.781 57193.1647225448695   13.978                 0.00000   
1                745.781 57193.1647225444392   11.408                 0.00000   
1                895.781 57193.1654680131340   12.350                 0.00000   
1                845.781 57193.1654679903874   13.741                 0.00000   
1                795.781 57193.1654680145589   29.611                 0.00000   
1                745.781 57193.1654680144080    9.218                 0.00000   
1                895.780 57193.1661513886033   11.222                 0.00000   
1                845.780 57193.1661513663638   14.114                 0.00000   
1                795.780 57193.1661513902983   24.113                 0.00000   
1                745.780 57193.1661513901506    9.301                 0.00000   
TIME -0.00000384                                                                
TIME +0.00008192                                                                
C 1                349.998 57511.3250788862621   42.234                 0.00000   
1                349.998 57511.3257785761648   44.419                 0.00000   
1                349.998 57511.3264776247340   55.242                 0.00000   
1                349.998 57511.3271766756138   38.444                 0.00000   
1                349.998 57511.3278757269775   57.776                 0.00000   
1                349.998 57511.3285747763696   36.125                 0.00000   
1                349.998 57511.3292738262289   33.300                 0.00000   
1                349.998 57511.3299728761047   23.581                 0.00000   
1                349.998 57511.3306719267189   35.061                 0.00000   
1                349.998 57511.3313127591857   41.801                 0.00000   
1                387.499 57536.8675789165306   22.087                 0.00000   
1                362.511 57536.8675789041176   12.384                 0.00000   
1                337.511 57536.8675788920271    7.780                 0.00000   
1                312.511 57536.8675789044276    8.365                 0.00000   
1                387.499 57536.8682786087880   41.415                 0.00000   
1                362.511 57536.8682785965504    9.163                 0.00000   
1                337.511 57536.8682785844237    5.850                 0.00000   
1                312.511 57536.8682785969372    7.452                 0.00000   
1                387.499 57536.8689776303966   27.507                 0.00000   
1                362.511 57536.8689776184017    8.790                 0.00000   
1                337.511 57536.8689776062028    5.519                 0.00000   
1                312.511 57536.8689776186952    6.757                 0.00000   
1                387.499 57536.8696766901895   33.854                 0.00000   
1                362.511 57536.8696766771337   14.108                 0.00000   
1                337.511 57536.8696766652195    5.439                 0.00000   
1                312.511 57536.8696766775945    5.882                 0.00000   
1                387.499 57536.8703757480426   31.241                 0.00000   
1                362.511 57536.8703757362860   10.380                 0.00000   
1                337.511 57536.8703757240124    6.176                 0.00000   
1                312.511 57536.8703757366733    6.965                 0.00000   
1                387.499 57536.8710748071316   32.306                 0.00000   
1                362.511 57536.8710747952228   15.222                 0.00000   
1                337.511 57536.8710747830915    5.830                 0.00000   
1                312.511 57536.8710747957331    6.973                 0.00000   
1                387.499 57536.8717738665514   34.679                 0.00000   
1                362.511 57536.8717738542343   10.336                 0.00000   
1                337.511 57536.8717738420294    8.277                 0.00000   
1                312.511 57536.8717738545079    7.339                 0.00000   
1                387.499 57536.8724146700188   30.431                 0.00000   
1                362.511 57536.8724146582459   16.733                 0.00000   
1                337.511 57536.8724146458280    7.843                 0.00000   
1                312.511 57536.8724146584267    8.091                 0.00000   
1                349.998 57570.7816761041048   28.609                 0.00000   
1                349.998 57570.7823758078577   27.373                 0.00000   
1                349.998 57570.7830748783286   18.703                 0.00000   
1                349.998 57570.7837739114268   39.315                 0.00000   
1                349.998 57570.7844729816562   27.300                 0.00000   
1                349.998 57570.7851720153341   50.803                 0.00000   
1                349.998 57570.7858710483175   15.822                 0.00000   
1                349.998 57570.7865118624767   31.464                 0.00000   
1                387.499 57607.6937362505158   34.550                 0.00000   
1                362.511 57607.6937362374648   12.290                 0.00000   
1                337.511 57607.6937362251491   10.650                 0.00000   
1                312.511 57607.6937362378425    8.254                 0.00000   
1                387.499 57607.6944359619581   28.892                 0.00000   
1                362.511 57607.6944359494706   13.893                 0.00000   
1                337.511 57607.6944359369661   11.441                 0.00000   
1                312.511 57607.6944359496445    9.368                 0.00000   
1                387.499 57607.6951350019469   27.049                 0.00000   
1                362.511 57607.6951349900213   11.227                 0.00000   
1                337.511 57607.6951349777420    9.124                 0.00000   
1                312.511 57607.6951349902732    8.433                 0.00000   
C 1                387.499 57607.6958340450614   66.398                 0.00000   
1                362.511 57607.6958340306799   17.103                 0.00000   
1                337.511 57607.6958340187374   12.056                 0.00000   
1                312.511 57607.6958340310382    8.693                 0.00000   
C 1                387.499 57607.6965330824417   29.284                 0.00000   
1                362.511 57607.6965330718652   22.141                 0.00000   
1                337.511 57607.6965330595093   10.709                 0.00000   
1                312.511 57607.6965330717641    6.873                 0.00000   
1                387.499 57607.6972321253713   49.953                 0.00000   
1                362.511 57607.6972321123114   12.881                 0.00000   
1                337.511 57607.6972321001760   13.629                 0.00000   
1                312.511 57607.6972321125164    9.031                 0.00000   
1                387.499 57607.6979312781441   47.834                 0.00000   
1                362.511 57607.6979312651083   20.030                 0.00000   
1                337.511 57607.6979312526278   10.316                 0.00000   
1                312.511 57607.6979312651664    7.465                 0.00000   
1                387.499 57607.6986303175475   44.210                 0.00000   
1                362.511 57607.6986303059203   18.419                 0.00000   
1                337.511 57607.6986302935617   10.815                 0.00000   
1                312.511 57607.6986303060765    6.577                 0.00000
1                387.499 57607.6993293584811   26.640                 0.00000
1                362.511 57607.6993293463953   13.019                 0.00000
1                337.511 57607.6993293340605    9.810                 0.00000
1                312.511 57607.6993293466772    6.542                 0.00000
1                387.499 57607.6999701800023   44.774                 0.00000
1                362.511 57607.6999701677608   17.552                 0.00000
1                337.511 57607.6999701557663    9.120                 0.00000
1                312.511 57607.6999701681364    7.566                 0.00000
1                349.998 57637.5972548110551   21.859                 0.00000
1                349.998 57637.5979545237316   23.774                 0.00000
1                349.998 57637.5986535648056   19.761                 0.00000
1                349.998 57637.5993526068576   20.522                 0.00000
1                349.998 57637.5999934288310   16.380                 0.00000
C 1                387.499 57662.5274283393107   39.637                 0.00000
1                362.511 57662.5274283475356   18.076                 0.00000
1                337.511 57662.5274283353899   25.536                 0.00000
1                312.511 57662.5274283477290    6.526                 0.00000
1                387.499 57662.5281281061837   45.166                 0.00000
1                362.511 57662.5281280937313   18.290                 0.00000
1                337.511 57662.5281280815321   16.375                 0.00000
1                312.511 57662.5281280938958    7.328                 0.00000
1                387.499 57662.5288271067709   23.348                 0.00000
1                362.511 57662.5288270940563   10.720                 0.00000
1                337.511 57662.5288270819721   11.734                 0.00000
1                312.511 57662.5288270945586    7.388                 0.00000
1                387.499 57662.5295262180053   45.282                 0.00000
1                362.511 57662.5295262066863   14.866                 0.00000
1                337.511 57662.5295261945476   12.480                 0.00000
1                312.511 57662.5295262070763    6.184                 0.00000
1                387.499 57662.5302252205661   68.274                 0.00000
1                362.511 57662.5302252074153   10.522                 0.00000
1                337.511 57662.5302251952552   12.469                 0.00000
1                312.511 57662.5302252076169    7.719                 0.00000
1                387.499 57662.5309242950121   25.882                 0.00000
1                362.511 57662.5309242825200   12.826                 0.00000
1                337.511 57662.5309242704294   16.692                 0.00000
1                312.511 57662.5309242827922    7.257                 0.00000
1                387.499 57662.5315651508502   27.380                 0.00000
1                362.511 57662.5315651385963   16.285                 0.00000
1                337.511 57662.5315651264906   14.472                 0.00000
1                312.511 57662.5315651390376    7.775                 0.00000
1                349.998 57700.4498821405431   16.766                 0.00000
1                349.998 57700.4505818379846   12.118                 0.00000
1                349.998 57700.4512808645401   12.575                 0.00000
1                349.998 57700.4519799277874   12.905                 0.00000
1                349.998 57700.4526789918668   12.584                 0.00000
1                349.998 57700.4533780182678   10.857                 0.00000
1                349.998 57700.4540188264501   13.422                 0.00000
TIME -0.00008192
