MODE 1
EFAC 1.0817
1                346.783 57909.0468506861813  500.499                 0.00000
1                346.783 57909.0480174893782  277.125                 0.00000
1                346.783 57909.0492604518146  578.846                 0.00000
1                349.172 57997.1403586474565  269.575                 0.00000
1                349.172 57997.1415255694982  366.983                 0.00000
1                349.172 57997.1425736600956  335.742                 0.00000
1                348.415 57998.1440049437130  458.175                 0.00000
1                348.415 57998.1451718692190  293.140                 0.00000
1                348.415 57998.1462184476182  329.213                 0.00000
1                348.461 57999.1361117778871  236.924                 0.00000
1                348.461 57999.1372787050566  241.984                 0.00000
1                348.461 57999.1383252796582  497.850                 0.00000
1                347.509 58003.1606725929916  374.708                 0.00000
1                347.509 58003.1618379984407  269.956                 0.00000
1                347.509 58003.1628860942173  277.783                 0.00000
1                347.143 58051.8306605669673  312.793                 0.00000
1                347.143 58051.8318274673996  318.757                 0.00000
1                347.143 58051.8327582394020  291.933                 0.00000
1                342.780 58057.0097107948782  379.846                 0.00000
1                342.780 58057.0108792043456  302.912                 0.00000
1                342.780 58057.0120430636046  400.355                 0.00000
1                344.580 58082.8432060860870  274.064                 0.00000
1                344.580 58082.8443729437017  254.972                 0.00000
1                344.580 58082.8455382737393  307.201                 0.00000
1                343.396 58087.7997455587132  322.990                 0.00000
1                343.396 58087.8009108855522  464.499                 0.00000
1                343.396 58087.8019589063395  463.859                 0.00000
1                345.563 58107.5167367881537  305.354                 0.00000
1                345.563 58107.5179036023419  281.786                 0.00000
1                345.563 58107.5190688786142  268.824                 0.00000
1                344.916 58107.7393325348582  171.346                 0.00000
1                344.916 58107.7416646292986  208.700                 0.00000
1                344.916 58107.7438779147833  184.260                 0.00000
1                344.564 58109.7275571759684  268.015                 0.00000
1                344.564 58109.7282563545605  337.642                 0.00000
1                344.564 58109.7288397501230  321.132                 0.00000
1                345.464 58110.8455911533790  216.193                 0.00000
1                345.464 58110.8467579546241  286.984                 0.00000
1                345.464 58110.8479232382932  235.656                 0.00000
1                346.264 58111.6621766684111  213.629                 0.00000
1                346.264 58111.6633434686559  264.288                 0.00000
1                346.264 58111.6645087528634  251.288                 0.00000
1                344.158 58118.8462401105322  262.050                 0.00000
1                344.158 58118.8474068964391  222.238                 0.00000
1                344.158 58118.8485706394033  244.890                 0.00000
