MODE 1
EFAC 1.2525
TIME +0.000020480
1                820.212 56406.5712268516038   179.192        
1                820.212 56406.5719236588857   309.131        
1                820.212 56406.5726184284255   175.266        
1                820.212 56406.5733152339150   227.995        
1                820.472 56426.9940288147506   141.274        
1                820.472 56426.9947256236358   213.530        
1                820.472 56426.9954203928748   189.674        
1                820.472 56426.9961151623131   299.340        
1                823.277 56537.2330556725078   627.773        
1                823.277 56537.2337504456783   758.914        
1                823.277 56537.2344472572598   563.986        
1                820.559 56538.2177083405519   134.284        
1                820.559 56538.2184049438223   210.236        
1                817.229 56543.2070172166355   304.189        
1                817.229 56543.2077139894553   712.707        
1                819.619 56551.1569010685519   258.893        
1                819.619 56551.1575957293128   237.107        
1                819.619 56551.1582924354432   237.670        
1                822.215 56555.1777790459302   400.815        
1                822.215 56555.1784757348090   932.193        
1                822.215 56555.1791703761177   507.188        
1                818.807 56608.0328136461408   62.950        
1                818.807 56608.0335102440734   65.494        
1                818.807 56608.0342048052866   79.885        
1                818.807 58101.9033567593417   67.118                
1                818.807 58101.9066223922697   57.155                
1                818.807 58101.9098839534189   47.524                
1                818.807 58101.9131455223115   56.736                
1                818.807 58101.9162909709942   72.726                
1                823.781 58104.7378450604216  110.595                
1                823.781 58104.7406449113268  113.019                
1                823.781 58104.7434406859637  102.543                
1                823.781 58104.7462364640922   85.555                
1                823.781 58104.7487999339447  112.374                
1                824.813 58127.5531670438899  349.507                
1                824.813 58127.5559638506086  460.396                
1                824.813 58127.5587606498042  295.383                
1                824.813 58127.5613231779311  298.922                
1                804.907 58131.5368094530835  122.980                
1                804.907 58131.5404216122700  127.699                
1                804.907 58131.5441458037641  135.159                
1                804.907 58131.5478740470674  136.565                
1                804.907 58131.5513700155784  184.473                
1                815.650 58270.0468439029868  369.308                
1                815.650 58270.0504567018263  316.895                
1                815.650 58270.0541856592171  263.011                
1                815.650 58270.0579146245697  322.679                
1                815.650 58270.0610608071347  311.602                
1                817.550 58284.9859023883063  416.515                
1                817.550 58284.9891652731813  422.943                
1                817.550 58284.9924301922413  630.347                
1                817.550 58284.9956930552679  694.716                
1                820.700 58286.0083572233651  696.848                
1                820.700 58286.0113909129734  933.130                
1                820.700 58286.0144164300757  1038.667               
1                820.700 58286.0174460746974  537.954                
1                820.700 58286.0201252485786  304.763                
1                809.220 58313.2607157409642  439.250                
1                809.220 58313.2630488182247  462.459                
1                809.220 58313.2653778071635  332.065                
1                809.220 58313.2677088188880  347.541                
1                809.220 58313.2698055096812  339.052                
1                816.351 58315.0915751967437  489.511                
1                816.351 58315.0943730421447  610.142                
1                816.351 58315.0971688654819  768.433                
1                816.351 58315.0999748453740  514.249                
1                816.351 58315.1027604606820  384.626                
TIME -0.000020480
TIME +0.000081920
1                345.582 58382.1934813911799  661.609                
1                345.582 58382.1976768237461  703.176                
1                345.582 58382.2018722367388  1232.191               
1                345.582 58382.2059515304318  523.185                
TIME -0.000081920
TIME +0.000020480
1                818.426 58451.9652661487380  246.573                
1                818.426 58451.9685286009841  192.135                
1                818.426 58451.9717930899502  278.597                
1                818.426 58451.9750555425192  306.283                
1                818.426 58451.9782018391784  194.649                
TIME -0.000081920
TIME +0.000081920
1                344.525 58466.7696948883679  216.415               
1                344.525 58466.7724873901848  256.398               
1                344.525 58466.7752839596538  279.537               
1                344.525 58466.7780784823806  219.237               
1                344.525 58466.7805267410237  260.400               
TIME -0.000081920
TIME +0.000020480
1                821.543 58509.8398146211137  327.544                
1                821.543 58509.8430794098292  688.706                
1                821.543 58509.8462973397543  548.038                
1                821.543 58509.8496048883677  446.632                
1                821.543 58509.8525173340797  549.916                
TIME -0.000020480
TIME +0.000020480
1                834.785 58543.7902918755834  374.230                
1                834.785 58543.7930854749358  229.868                
1                834.785 58543.7958811191992  251.318                
1                834.785 58543.7986788046215  346.947                
1                834.785 58543.8010078288846  571.630                
1                822.907 58566.7873343041148  309.869                
1                822.907 58566.7884994565341  380.762                
1                822.907 58566.7896646238205  298.897                
1                822.907 58566.7908297722238  419.381                
1                822.907 58566.7915284637384  415.489                
1                810.413 58573.6945904808816  419.247                
1                810.413 58573.6955234325956  584.182                
1                810.413 58573.6964543481931  1076.251               
1                810.413 58573.6973872879671  1095.932               
TIME -0.000020480
TIME +0.000081920
1                341.912 58656.3564783534096  596.599                
1                341.912 58656.3578782986374  1102.245               
1                341.912 58656.3589277079631  1129.405               
TIME -0.000081920
TIME +0.000020480
1                825.669 58672.4487973134146  403.840                
1                825.669 58672.4513912895560  295.216                
1                825.669 58672.4571049119360  703.163                
1                825.783 58690.3639596456939  369.173                
1                825.783 58690.3671072762525  365.121                
1                825.783 58690.3702528631702  335.955                
1                825.783 58690.3733984645695  254.529                
1                823.674 58730.2351606312978  211.820                
1                823.674 58730.2384240003034  164.713                
1                823.674 58730.2416893944690  242.579                
1                823.674 58730.2449975603863  340.183                
1                823.674 58730.2479818158789  224.011                
TIME -0.000020480
TIME +0.000081920
1                350.058 58741.2519005715150  344.496                
1                350.058 58741.2536484464728  379.070                
1                350.058 58741.2555124562623  342.108                
1                350.058 58741.2570280944670  460.440                
1                343.580 58742.9026976902708  475.566                
1                343.580 58742.9047976505228  852.396                
1                343.580 58742.9068976114190  597.899                
TIME -0.000081920
TIME +0.000020480
1                819.671 58751.2254455580650  489.132                
1                819.671 58751.2295194463239  709.871                
1                819.671 58751.2335994382345  416.238                
1                819.671 58751.2376183577761  444.177                
TIME -0.000020480
TIME +0.000081920
1                349.383 58767.9599789710496  673.994                
1                349.383 58767.9620773729608  462.883                
1                349.383 58767.9641757706938  621.943                
1                345.514 58768.5555496767460  571.493                
1                345.514 58768.5576485742822  890.882                
1                345.514 58768.5597454281331  602.710                
1                343.367 58769.5262648066096  672.972                
1                343.367 58769.5283627794458  791.000                
1                343.367 58769.5304607497302  738.841                
1                348.852 58770.5237330463596  677.370                
1                348.852 58770.5307264682030  513.472                
1                348.852 58770.5373694712961  531.096                
1                346.151 58772.0106179544481  519.930                
1                346.151 58772.0158598067917  521.878                
1                346.151 58772.0210996418059  392.569                
1                346.151 58772.0262274366559  387.275                
1                346.115 58772.0385182938744  988.305                
1                346.115 58772.0394513761472  586.775                
1                346.115 58772.0403844562820  1062.724               
1                346.115 58772.0412584344811  858.609                
1                338.225 58774.0064886510071  871.327                
1                338.225 58774.0109909032311  458.652                
1                338.225 58774.0150082967894  510.419                
1                338.225 58774.0189706617173  1611.858               
1                329.698 58774.0249440059895  863.232                
1                329.698 58774.0297212674509  1070.243               
1                329.698 58774.0344985976261  478.116                
1                329.698 58774.0392738845315  418.537                
1                342.522 58777.6863026076560  705.698                
1                342.522 58777.6888649749263  662.713                
1                342.522 58777.6916554622335  670.169                
1                342.522 58777.6943522442152  631.720                
1                342.522 58777.6970205450363  568.391                
1                342.522 58777.6997030910351  515.286                
1                342.522 58777.7023815595560  535.635                
1                342.523 58777.7046608336418  492.372                
1                344.480 58778.9041887455656  655.710                
1                344.480 58778.9059371440028  707.413                
1                344.480 58778.9076875935600  586.190                
1                344.480 58778.9094360451463  639.175                
1                344.480 58778.9111844652934  715.248                
1                344.480 58778.9129654865179  670.114                
1                344.480 58778.9146792600153  887.442                
1                344.480 58778.9163298587476  1336.116               
1                341.435 58803.6098783511835  533.334                
1                341.435 58803.6133747937178  899.968                
1                341.435 58803.6167306261948  633.840                
1                341.435 58803.6198378698220  810.545   
TIME -0.000081920
TIME +0.000020480
1                818.215 58837.9169877771382   86.537                
1                818.215 58837.9195531818050  115.821                
1                818.215 58837.9221165494456  148.045                
1                818.215 58837.9246799217218  130.106                
1                818.215 58837.9272453215950  209.619                
1                818.138 58845.9531128152865  295.338                 
1                818.138 58845.9554437647489  229.240                 
1                820.048 58850.9249708551102  326.690                 
1                820.048 58850.9266022670364  296.686  
1                833.682 58859.6753294570917  269.718                 
1                833.682 58859.6762603721242  184.043                 
1                833.682 58859.6771973964165  198.832                 
1                833.682 58859.6778940607978  372.172 
TIME -0.000020480
