1                894.152 56365.7321698714136  410.034                 0.00000
1                844.883 56365.7321700387325  373.101                 0.00000
1                793.280 56365.7321702488905  380.811                 0.00000
1                747.196 56365.7321704561765  436.974                 0.00000
1                893.844 56365.7327522475214  496.115                 0.00000
1                844.883 56365.7327524060109  274.812                 0.00000
1                793.280 56365.7327526137822  326.181                 0.00000
1                747.196 56365.7327528327049  493.607                 0.00000
1                894.113 56365.7333413085509  433.679                 0.00000
1                844.878 56365.7333414797288  300.283                 0.00000
1                793.280 56365.7333416875336  396.434                 0.00000
1                747.196 56365.7333419031049  357.288                 0.00000
1                894.115 56365.7339169956687  539.361                 0.00000
1                844.865 56365.7339171640550  311.318                 0.00000
1                793.280 56365.7339173664093  337.171                 0.00000
1                747.196 56365.7339175876905  490.109                 0.00000
1                894.110 56365.7344993729988  503.241                 0.00000
1                844.883 56365.7344995492042  411.018                 0.00000
1                793.280 56365.7344997497980  341.756                 0.00000
1                747.196 56365.7344999705060  616.448                 0.00000
1                894.131 56365.7350282034618  701.076                 0.00000
1                844.883 56365.7350283673669  352.058                 0.00000
1                793.280 56365.7350285710189  482.188                 0.00000
1                747.196 56365.7350287967495  489.925                 0.00000
C 1                892.128 56389.5975678319309  1285.077                 0.00000
1                844.932 56389.5975681057420  855.605                 0.00000
C 1                793.674 56389.5975683246556  1321.586                 0.00000
1                746.959 56389.5975685421489  570.018                 0.00000
1                894.826 56389.5981436419056  1170.418                 0.00000
1                844.932 56389.5981437910104  762.891                 0.00000
1                793.674 56389.5981439929280  914.695                 0.00000
1                746.959 56389.5981442164239  674.333                 0.00000
C 1                894.793 56389.5987192929296  1746.598                 0.00000
1                844.922 56389.5987194613753  427.013                 0.00000
1                793.674 56389.5987196615228  873.355                 0.00000
1                746.958 56389.5987198953658  693.505                 0.00000
1                894.817 56389.5993083642690  1237.132                 0.00000
1                844.932 56389.5993085393467  365.871                 0.00000
1                793.674 56389.5993087270573  1384.240                 0.00000
1                746.958 56389.5993089606145  444.681                 0.00000
C 1                894.820 56389.5998907354518  1746.962                 0.00000
1                844.932 56389.5998909128586  460.308                 0.00000
1                793.674 56389.5998911147342  1075.503                 0.00000
1                746.958 56389.5998913469833  670.975                 0.00000
1                894.838 56389.6004062113794  872.667                 0.00000
1                844.932 56389.6004063442722  397.524                 0.00000
C 1                793.674 56389.6004037420563  1782.962                 0.00000
1                746.958 56389.6004067839319  912.794                 0.00000
1                895.158 56406.5711660703218  284.980                 0.00000
1                844.861 56406.5711662361524  589.276                 0.00000
1                792.583 56406.5711664511373  575.220                 0.00000
1                745.249 56406.5711666752783  334.756                 0.00000
1                895.171 56406.5717484498626  326.650                 0.00000
1                844.861 56406.5717486109050  469.762                 0.00000
1                792.583 56406.5717488101013  737.122                 0.00000
1                745.258 56406.5717490439662  355.580                 0.00000
1                895.169 56406.5723308273830  254.599                 0.00000
1                844.886 56406.5723309893832  476.978                 0.00000
1                792.583 56406.5723311934417  354.012                 0.00000
1                745.258 56406.5723314275344  325.466                 0.00000
1                895.167 56406.5729132086529  262.838                 0.00000
1                844.861 56406.5729133663689  418.589                 0.00000
1                792.583 56406.5729135849515  738.892                 0.00000
1                745.258 56406.5729138044549  369.577                 0.00000
1                895.160 56406.5734955831201  324.613                 0.00000
1                844.855 56406.5734957588728  654.013                 0.00000
1                792.583 56406.5734959572583  553.593                 0.00000
1                745.268 56406.5734961825465  399.683                 0.00000
1                895.133 56406.5740244121517  293.286                 0.00000
1                844.861 56406.5740245977305  574.844                 0.00000
1                792.583 56406.5740247895116  509.123                 0.00000
1                745.249 56406.5740250129311  439.825                 0.00000
1                895.887 56426.5341433581375  394.726                 0.00000
1                844.868 56426.5341435148768  734.317                 0.00000
1                793.121 56426.5341437309466  537.249                 0.00000
C 1                748.192 56426.5341452898436  2411.106                 0.00000
1                895.965 56426.5345516832973  657.252                 0.00000
1                844.898 56426.5345518691110  1108.365                 0.00000
1                793.121 56426.5345520513539  1048.198                 0.00000
C 1                748.235 56426.5345522094810  1415.349                 0.00000
1                898.578 56451.4419761859933  565.340                 0.00000
1                843.922 56451.4419763654834  270.023                 0.00000
1                792.512 56451.4419765674590  222.370                 0.00000
1                745.217 56451.4419767943479  310.909                 0.00000
1                898.564 56451.4425585715747  800.718                 0.00000
1                843.907 56451.4425587558781  258.909                 0.00000
1                792.512 56451.4425589622753  243.696                 0.00000
1                745.217 56451.4425591808498  263.924                 0.00000
1                898.568 56451.4431476555006  649.208                 0.00000
1                843.921 56451.4431478365635  306.584                 0.00000
1                792.512 56451.4431480378351  231.864                 0.00000
1                745.217 56451.4431482651145  371.720                 0.00000
1                898.568 56451.4437233603380  496.124                 0.00000
1                843.889 56451.4437235274531  239.980                 0.00000
1                792.512 56451.4437237355246  213.759                 0.00000
1                745.217 56451.4437239654353  259.758                 0.00000
1                898.568 56451.4443124203896  541.616                 0.00000
1                843.889 56451.4443126106802  214.627                 0.00000
1                792.512 56451.4443128119732  219.347                 0.00000
1                745.217 56451.4443130441283  241.180                 0.00000
1                899.069 56451.4448345607961  765.907                 0.00000
1                843.927 56451.4448347592281  304.870                 0.00000
1                792.512 56451.4448349503789  275.993                 0.00000
1                745.217 56451.4448351875061  339.718                 0.00000
1                895.616 56472.3667473704889  227.038                 0.00000
1                845.022 56472.3667475340893  343.260                 0.00000
1                793.141 56472.3667477427425  325.943                 0.00000
1                748.119 56472.3667479515888  414.700                 0.00000
1                895.620 56472.3673297641850  277.070                 0.00000
1                845.022 56472.3673299290713  312.820                 0.00000
1                793.141 56472.3673301307330  287.852                 0.00000
1                748.119 56472.3673303501669  371.258                 0.00000
1                895.616 56472.3679121561897  250.386                 0.00000
1                845.022 56472.3679123228078  308.086                 0.00000
1                793.141 56472.3679125285607  289.251                 0.00000
1                748.119 56472.3679127395919  361.689                 0.00000
1                895.764 56472.3684945417155  373.862                 0.00000
1                845.022 56472.3684947183105  333.253                 0.00000
1                793.141 56472.3684949235426  285.983                 0.00000
1                748.119 56472.3684951342831  554.854                 0.00000
1                895.764 56472.3690769445356  354.174                 0.00000
1                845.022 56472.3690771134267  543.223                 0.00000
1                793.141 56472.3690773162027  325.329                 0.00000
1                748.119 56472.3690775307613  576.225                 0.00000
1                895.761 56472.3695990878617  341.137                 0.00000
1                845.170 56472.3695992574687  447.340                 0.00000
1                793.055 56472.3695994560800  306.307                 0.00000
1                748.119 56472.3695996886199  571.531                 0.00000
1                894.447 56494.3726938448910  514.286                 0.00000
1                845.073 56494.3726940107406  505.086                 0.00000
1                792.194 56494.3726942120315  516.173                 0.00000
1                747.236 56494.3726944349324  494.323                 0.00000
1                894.447 56494.3732762396265  840.457                 0.00000
1                845.068 56494.3732764047084  368.208                 0.00000
1                792.194 56494.3732766241224  376.815                 0.00000
1                747.236 56494.3732768425076  284.112                 0.00000
1                894.447 56494.3738586531656  1012.910                 0.00000
1                845.073 56494.3738588145067  639.537                 0.00000
1                792.194 56494.3738590169751  408.105                 0.00000
1                747.236 56494.3738592388669  351.395                 0.00000
1                894.446 56494.3744410532696  1020.722                 0.00000
1                845.073 56494.3744412176354  583.177                 0.00000
1                792.194 56494.3744414151251  463.745                 0.00000
1                747.236 56494.3744416374629  397.263                 0.00000
1                894.447 56494.3750167441722  1081.946                 0.00000
1                845.068 56494.3750169205560  566.182                 0.00000
1                792.194 56494.3750171209397  422.376                 0.00000
1                747.236 56494.3750173436485  443.200                 0.00000
1                894.447 56494.3755388978221  659.465                 0.00000
1                845.073 56494.3755390676222  571.405                 0.00000
1                792.194 56494.3755392825773  389.919                 0.00000
1                747.236 56494.3755394897008  358.038                 0.00000
1                894.804 56520.2006343157563  314.488                 0.00000
1                845.026 56520.2006344726617  341.884                 0.00000
1                792.726 56520.2006346887364  1145.562                 0.00000
1                746.837 56520.2006348988030  429.806                 0.00000
1                894.804 56520.2012234017362  354.929                 0.00000
1                845.026 56520.2012235739234  277.081                 0.00000
1                792.726 56520.2012237913958  620.397                 0.00000
1                746.837 56520.2012240014866  388.667                 0.00000
1                894.804 56520.2018058120913  448.076                 0.00000
1                845.026 56520.2018059752005  299.525                 0.00000
1                792.726 56520.2018061790873  612.921                 0.00000
1                746.837 56520.2018064005440  434.928                 0.00000
1                894.804 56520.2023882153622  360.433                 0.00000
1                845.026 56520.2023883866888  270.965                 0.00000
1                792.726 56520.2023885936360  956.680                 0.00000
1                746.837 56520.2023888099353  453.370                 0.00000
1                894.804 56520.2028501181031  560.223                 0.00000
1                845.026 56520.2028502875075  308.211                 0.00000
C 1                792.726 56520.2028505563802  1379.081                 0.00000
1                746.837 56520.2028507132010  609.262                 0.00000
1                896.590 56537.2330011644711  426.787                 0.00000
1                845.122 56537.2330013393979  411.845                 0.00000
1                792.925 56537.2330015446503  496.845                 0.00000
1                745.875 56537.2330018049856  805.910                 0.00000
1                896.590 56537.2335835779615  506.131                 0.00000
1                845.122 56537.2335837481751  303.635                 0.00000
1                792.925 56537.2335839423095  620.139                 0.00000
1                745.875 56537.2335841856827  835.234                 0.00000
1                896.498 56537.2341659722684  502.912                 0.00000
1                845.122 56537.2341661454582  482.231                 0.00000
1                792.925 56537.2341663614745  598.529                 0.00000
1                746.420 56537.2341665678820  1577.720                 0.00000
1                896.437 56537.2346948257207  595.734                 0.00000
1                845.122 56537.2346950119727  412.551                 0.00000
1                792.925 56537.2346952145464  725.992                 0.00000
1                745.875 56537.2346954507039  1574.415                 0.00000
1                822.970 56538.2175964274524  363.449                 0.00000
1                820.712 56538.2181989358511  748.245                 0.00000
1                820.602 56538.2188616677951  314.360                 0.00000
1                820.642 56538.2192365404778  823.098                 0.00000
1                821.112 56539.2061412452178  417.237                 0.00000
1                821.143 56539.2066700998999  442.383                 0.00000
1                821.456 56539.2073127524010  437.888                 0.00000
1                820.718 56539.2077211082492  662.095                 0.00000
1                895.926 56543.2069744996817  780.247                 0.00000
1                844.518 56543.2069746499462  516.210                 0.00000
1                793.175 56543.2069748563883  370.452                 0.00000
1                745.048 56543.2069750808485  538.188                 0.00000
1                894.562 56543.2075501933911  771.594                 0.00000
1                845.038 56543.2075503553596  408.941                 0.00000
1                793.175 56543.2075505670261  434.369                 0.00000
1                745.048 56543.2075507986384  697.829                 0.00000
1                894.562 56543.2081326055734  657.609                 0.00000
1                845.039 56543.2081327677633  434.466                 0.00000
1                793.175 56543.2081329763307  338.667                 0.00000
1                745.048 56543.2081331972173  520.851                 0.00000
C 1                894.562 56543.2085342197311  867.866                 0.00000
1                845.048 56543.2085344363771  625.097                 0.00000
1                793.175 56543.2085346273917  583.791                 0.00000
1                745.048 56543.2085348625191  571.429                 0.00000
1                895.147 56546.2112041077218  168.800                 0.00000
1                845.048 56546.2112042663955  161.823                 0.00000
1                793.364 56546.2112044780824  363.166                 0.00000
1                748.243 56546.2112046894703  380.604                 0.00000
1                895.109 56546.2117932105928  205.346                 0.00000
1                845.048 56546.2117933790936  202.637                 0.00000
1                793.361 56546.2117935803662  527.449                 0.00000
1                748.254 56546.2117937985159  354.618                 0.00000
1                895.156 56546.2123689196975  160.272                 0.00000
1                845.039 56546.2123690867006  178.915                 0.00000
1                793.348 56546.2123692941196  355.395                 0.00000
1                748.261 56546.2123695100161  385.663                 0.00000
1                895.146 56546.2128977816994  282.389                 0.00000
1                845.048 56546.2128979403547  208.033                 0.00000
1                793.364 56546.2128981503665  404.485                 0.00000
1                748.243 56546.2128983717248  576.797                 0.00000
1                894.490 56551.1568525264032  700.635                 0.00000
1                845.024 56551.1568526876587  255.933                 0.00000
1                793.005 56551.1568528887493  330.714                 0.00000
1                747.187 56551.1568531056557  408.944                 0.00000
1                894.481 56551.1574349362474  783.437                 0.00000
1                845.024 56551.1574350904452  235.510                 0.00000
1                793.005 56551.1574352950899  246.629                 0.00000
1                747.187 56551.1574355180625  356.741                 0.00000
1                894.486 56551.1580173459882  367.988                 0.00000
1                845.024 56551.1580175018211  251.595                 0.00000
1                793.005 56551.1580177022921  247.244                 0.00000
1                747.187 56551.1580179232488  271.095                 0.00000
1                894.486 56551.1585997394219  560.316                 0.00000
1                845.024 56551.1585999011127  295.469                 0.00000
1                793.005 56551.1586001100347  394.227                 0.00000
1                747.187 56551.1586003366930  393.369                 0.00000
1                894.488 56551.1590616445690  626.516                 0.00000
1                845.024 56551.1590618205655  287.272                 0.00000
1                793.005 56551.1590620239146  447.029                 0.00000
1                747.187 56551.1590622518563  565.130                 0.00000
C 1                893.699 56555.1777281020311  1053.020                 0.00000
1                845.005 56555.1777264890567  345.595                 0.00000
1                792.675 56555.1777267020523  379.209                 0.00000
1                746.952 56555.1777269175191  346.055                 0.00000
C 1                893.673 56555.1783087187632  2171.577                 0.00000
1                845.005 56555.1783088941067  259.225                 0.00000
1                792.641 56555.1783091066260  513.514                 0.00000
1                746.952 56555.1783093191252  297.890                 0.00000
1                893.648 56555.1788911538280  758.812                 0.00000
1                845.005 56555.1788913050020  271.047                 0.00000
1                792.641 56555.1788915135872  629.228                 0.00000
1                746.952 56555.1788917309235  278.680                 0.00000
C 1                893.642 56555.1794200147546  1533.028                 0.00000
1                845.005 56555.1794201555278  280.757                 0.00000
1                792.641 56555.1794203647266  416.423                 0.00000
1                746.952 56555.1794205804132  346.342                 0.00000
C 1                819.345 56586.1304968295187  1240.668                 0.00000
1                818.927 56586.1310828508763  610.153                 0.00000
1                821.173 56586.1316585483192  377.982                 0.00000
1                819.312 56586.1322476675284  562.309                 0.00000
1                818.089 56586.1327162603800  649.853                 0.00000
1                894.421 56608.0327662887577  319.126                 0.00000
1                844.989 56608.0327664524352  583.051                 0.00000
1                793.595 56608.0327666639037  645.193                 0.00000
1                745.050 56608.0327602081001  409.879                 0.00000
1                894.421 56608.0333487044986  460.882                 0.00000
1                844.999 56608.0333488576178  640.495                 0.00000
C 1                793.595 56608.0333490495143  1033.447                 0.00000
1                745.050 56608.0333426022102  570.499                 0.00000
1                894.422 56608.0339310950222  310.186                 0.00000
1                845.021 56608.0339312619949  679.836                 0.00000
1                793.595 56608.0339314539485  456.694                 0.00000
1                745.050 56608.0339250021855  308.552                 0.00000
1                894.421 56608.0345134981044  435.605                 0.00000
1                844.991 56608.0345136560898  587.383                 0.00000
1                793.990 56608.0345138615810  747.963                 0.00000
1                745.050 56608.0345074150124  416.737                 0.00000
1                894.422 56608.0349820927075  771.989                 0.00000
1                845.026 56608.0349822692976  695.007                 0.00000
C 1                793.978 56608.0349818032231  1055.880                 0.00000
C 1                745.754 56608.0349818643489  1007.047                 0.00000
1                896.656 56670.8631680521856  459.721                 0.00000
1                845.041 56670.8631682218067  551.602                 0.00000
1                793.193 56670.8631684376317  475.258                 0.00000
1                747.056 56670.8631686518752  373.374                 0.00000
1                896.629 56670.8637504404384  785.612                 0.00000
1                845.036 56670.8637506115923  536.206                 0.00000
1                793.187 56670.8637508255752  444.238                 0.00000
1                747.056 56670.8637510406982  383.665                 0.00000
1                896.628 56670.8642993547155  862.650                 0.00000
1                845.038 56670.8642995189480  966.946                 0.00000
1                793.168 56670.8642997320930  483.111                 0.00000
1                747.056 56670.8642999544704  448.208                 0.00000
1                896.640 56670.8649219055487  813.446                 0.00000
1                845.039 56670.8649220691458  944.072                 0.00000
1                793.168 56670.8649222792332  561.497                 0.00000
1                747.057 56670.8649225009879  416.278                 0.00000
1                896.635 56670.8653837997987  863.611                 0.00000
1                845.026 56670.8653839782081  807.901                 0.00000
1                793.168 56670.8653841798315  543.595                 0.00000
1                747.056 56670.8653844128396  586.490                 0.00000
JUMP
t                148.920 56437.2670115382059  1483.223                 0.00000
t                148.920 56437.2670114912904  1243.174                 0.00000
t                148.920 56437.2670114833605  909.388                 0.00000
t                148.920 56437.2670114643065  1361.716                 0.00000
t                148.920 56437.2677010248861  1085.389                 0.00000
t                148.920 56437.2677009852037  1105.303                 0.00000
t                148.920 56437.2677009457772  822.797                 0.00000
t                148.920 56437.2677009597253  1602.825                 0.00000
t                148.920 56437.2683972131446  1238.936                 0.00000
t                148.920 56437.2683971671387  995.337                 0.00000
C t                148.920 56437.2683971899436  1988.274                 0.00000
t                148.920 56437.2683971692080  1440.365                 0.00000
t                148.920 56437.2690933783359  1002.184                 0.00000
t                148.920 56437.2690933571580  775.534                 0.00000
C t                148.920 56437.2690932175393  2174.802                 0.00000
t                148.920 56437.2690933371256  1484.568                 0.00000
t                148.920 56437.2697895563387  1218.465                 0.00000
t                148.920 56437.2697895524606  1232.663                 0.00000
t                148.920 56437.2697895425009  1222.562                 0.00000
t                148.920 56437.2697895310061  1754.368                 0.00000
t                148.920 56453.7628479637966  1683.170                 0.00000
t                148.920 56453.7628479021472  1408.783                 0.00000
t                148.920 56453.7628479164251  1207.728                 0.00000
C t                148.920 56453.7628477781981  1399.427                 0.00000
C t                148.920 56453.7635369427707  1858.176                 0.00000
C t                148.920 56453.7635362125093  2135.073                 0.00000
t                148.920 56453.7635373945440  1254.344                 0.00000
C t                148.920 56453.7635374305051  2080.885                 0.00000
t                148.920 56453.7642336248962  1476.922                 0.00000
t                148.920 56453.7642336009447  1508.705                 0.00000
t                148.920 56453.7642336107879  1346.495                 0.00000
t                148.920 56453.7642335909370  1448.816                 0.00000
C t                148.920 56453.7649297774557  2214.916                 0.00000
t                148.920 56453.7649297867690  1153.001                 0.00000
t                148.920 56453.7649297732897  911.910                 0.00000
t                148.920 56453.7649297815714  1014.405                 0.00000
t                148.920 56453.7656260102227  1328.639                 0.00000
t                148.920 56453.7656259882053  1371.676                 0.00000
t                148.920 56453.7656259599717  1345.566                 0.00000
t                148.920 56453.7656259664286  1588.862                 0.00000
t                148.920 56454.7795112360719  1825.656                 0.00000
t                148.920 56454.7795112164156  1265.886                 0.00000
t                148.920 56454.7795111981756  1000.039                 0.00000
C t                148.920 56454.7795093858754  2534.676                 0.00000
C t                148.920 56454.7802074726680  1871.246                 0.00000
t                148.920 56454.7802074026800  1522.525                 0.00000
t                148.920 56454.7802074190671  1576.342                 0.00000
C t                148.920 56454.7802072766937  3275.401                 0.00000
t                148.920 56454.7809036190346  1076.337                 0.00000
t                148.920 56454.7809035955888  1601.908                 0.00000
t                148.920 56454.7809035831178  997.117                 0.00000
C t                148.920 56454.7809033787257  3295.823                 0.00000
t                148.920 56454.7815931053624  1409.549                 0.00000
t                148.920 56454.7815930803473  1536.051                 0.00000
t                148.920 56454.7815930830556  1678.053                 0.00000
t                148.920 56454.7815930554996  1610.019                 0.00000
JUMP
