MODE 1
EFACS 1.009742320099539
1                350.012 56254.8200121376248    37.42
1                350.012 57382.9122604483935    53.22
1                350.012 57387.9011262321792    67.64
1                350.012 57392.8876888860026    65.49
1                350.012 57447.5539826323884    60.80
1                350.012 57450.7181401947447    59.80
1                350.012 57451.5393731247336    43.23
1                350.012 57451.6298106273882    31.12
1                350.012 57453.7297489836295    37.69
1                350.012 57454.7391007620116    41.97
1                350.012 57472.4241425980392    14.87
1                350.012 57474.5581980543501    26.10
1                350.012 57475.5156786451081    18.35
1                350.012 57479.4292546808218     9.96
1                350.012 57505.4075689083799    53.87
1                350.012 57507.2985106000692    73.23
1                350.012 57509.5612536721177    35.98
1                350.012 57511.3442745230333    45.62
1                350.012 57535.2693938343613    30.97
1                350.012 57535.4528079159548     9.27
1                350.012 57536.1154551039210    12.25
1                350.012 57539.3286646373670    23.64
1                350.012 57540.3394400070821     6.97
1                350.012 57541.3296138396895    20.60
1                350.012 57543.3199610807381    18.31
1                350.012 57543.5219192243423    10.42
1                350.012 57544.3144517957890    15.11
1                350.012 57545.1843439237622    23.74
1                350.012 57570.2641004631626    21.79
1                350.012 57571.2000305130304    27.18
1                350.012 57606.2026653162468    40.28
1                350.012 57637.1416120400450    24.66
1                350.012 57638.0112457538313    35.63
1                350.012 57692.8780823955139    23.56
1                350.012 57753.8516045843486    37.10
