C 1                915.359 56365.7360414044727  1068.821                 0.00000
1                915.359 56365.7366260026299  1470.554                 0.00000
1                915.359 56365.7372089546641  727.095                 0.00000
C 1                915.359 56365.7377928313761  838.631                 0.00000
1                915.359 56365.7383748549528  822.382                 0.00000
1                915.359 56365.7388985267262  1133.591                 0.00000
1                896.090 56406.5752376316564  652.778                 0.00000
1                845.048 56406.5752380490935  519.562                 0.00000
C 1                795.048 56406.5752390560170  1113.044                 0.00000
1                745.048 56406.5752392103009  670.487                 0.00000
1                896.090 56406.5758206710062  895.007                 0.00000
1                845.048 56406.5758210245266  708.433                 0.00000
C 1                795.048 56406.5758203719607  1434.223                 0.00000
1                745.048 56406.5758221665866  647.144                 0.00000
1                896.090 56406.5764035214754  739.771                 0.00000
1                845.048 56406.5764039613210  686.139                 0.00000
1                795.048 56406.5764044711669  1065.326                 0.00000
1                745.048 56406.5764051298916  1021.690                 0.00000
1                896.090 56406.5769864782941  858.417                 0.00000
1                845.048 56406.5769869148223  818.047                 0.00000
1                795.048 56406.5769874385193  649.773                 0.00000
1                745.048 56406.5769880448048  820.623                 0.00000
1                896.090 56406.5775694456757  819.850                 0.00000
1                845.048 56406.5775698718612  668.153                 0.00000
1                795.048 56406.5775703931811  788.500                 0.00000
1                745.048 56406.5775710183257  486.265                 0.00000
1                896.090 56406.5780930926561  1026.234                 0.00000
1                845.048 56406.5780935357219  443.716                 0.00000
1                795.048 56406.5780940602923  1007.810                 0.00000
1                745.048 56406.5780946737710  568.265                 0.00000
1                915.359 56426.9978666184438  1280.894                 0.00000
1                915.359 56426.9984446554313  485.115                 0.00000
1                915.359 56426.9990275828392  666.583                 0.00000
1                915.359 56426.9996105676166  731.571                 0.00000
1                915.359 56427.0001885856637  1416.093                 0.00000
1                915.358 56451.4477543374439  1111.933                 0.00000
1                814.547 56472.3722632048172  906.385                 0.00000
1                819.993 56520.2043938121748  890.079                 0.00000
1                819.993 56520.2049767534276  942.651                 0.00000
1                819.993 56520.2055597631848  1591.417                 0.00000
1                819.993 56520.2061426581416  585.261                 0.00000
1                819.993 56520.2066071005073  734.767                 0.00000
1                820.672 56537.2357824581414  709.783                 0.00000
1                820.672 56537.2363061471687  492.339                 0.00000
1                820.672 56537.2368891346021  695.007                 0.00000
1                820.672 56537.2374720756393  794.569                 0.00000
1                809.679 56539.2087026052883  1267.312                 0.00000
1                809.679 56539.2092311555865  576.837                 0.00000
1                809.679 56539.2098141588734  670.684                 0.00000
1                809.679 56539.2103378396674  563.527                 0.00000
1                816.086 56543.2094569624882  974.611                 0.00000
1                816.086 56543.2100398960382  567.501                 0.00000
1                816.086 56543.2106228560619  1039.305                 0.00000
1                816.086 56543.2111465429486  549.119                 0.00000
1                819.811 56546.2139407145924  618.075                 0.00000
1                819.811 56546.2144643883529  728.096                 0.00000
1                819.811 56546.2151066281671  701.063                 0.00000
1                819.811 56546.2156303438697  648.452                 0.00000
1                818.679 56551.1605304666768  1070.227                 0.00000
1                818.679 56551.1611085213478  907.501                 0.00000
1                818.679 56551.1616964088263  821.035                 0.00000
1                818.679 56551.1622744329906  701.328                 0.00000
1                818.679 56551.1627388376258  568.012                 0.00000
1                814.947 56555.1805433679800  1364.752                 0.00000
1                814.947 56555.1810670493810  638.092                 0.00000
1                814.947 56555.1816499985626  604.933                 0.00000
1                814.947 56555.1821737594846  1072.963                 0.00000
1                817.398 56586.1336750743807  471.680                 0.00000
1                817.398 56586.1343123935875  945.863                 0.00000
1                817.398 56586.1348410210476  649.353                 0.00000
1                817.398 56586.1354239738117  696.252                 0.00000
1                817.398 56586.1358933210229  594.414                 0.00000
1                895.409 56608.0361661265552  1044.812                 0.00000
1                845.048 56608.0361665800818  1493.946                 0.00000
1                795.205 56608.0361621331517  573.755                 0.00000
1                746.017 56608.0361627510454  958.988                 0.00000
C 1                895.409 56608.0367482221197  671.961                 0.00000
C 1                845.048 56608.0367495359467  881.320                 0.00000
C 1                795.205 56608.0367500272675  1292.811                 0.00000
C 1                746.017 56608.0367457039265  867.906                 0.00000
C 1                895.409 56608.0373303842997  1248.949                 0.00000
C 1                845.048 56608.0373324743948  1506.082                 0.00000
1                795.205 56608.0373280786069  775.657                 0.00000
C 1                746.017 56608.0373286712625  1649.146                 0.00000
C 1                895.409 56608.0379128712414  1338.605                 0.00000
1                845.048 56608.0379154507904  721.198                 0.00000
1                795.205 56608.0379110278090  759.682                 0.00000
1                746.017 56608.0379116317444  749.224                 0.00000
C 1                895.409 56608.0383790231407  1258.025                 0.00000
C 1                845.048 56608.0383798848817  1225.678                 0.00000
1                795.205 56608.0383754443973  602.608                 0.00000
1                746.017 56608.0383760848943  1155.860                 0.00000
1                820.888 56670.8665805686357  1299.629                 0.00000
1                820.888 56670.8671635372286  621.879                 0.00000
1                820.888 56670.8677465012816  431.916                 0.00000
1                820.888 56670.8683294441512  670.982                 0.00000
1                820.888 56670.8687938211474  758.484                 0.00000
JUMP
t                119.374 56437.2725670034729  713.708                 0.00000
t                139.897 56437.2725672872726  1084.632                 0.00000
t                158.709 56437.2725646467200  1569.301                 0.00000
C t                178.208 56437.2725659244551  2987.005                 0.00000
t                119.443 56452.8503485460071  881.029                 0.00000
t                139.587 56452.8503447442010  1030.452                 0.00000
t                158.794 56452.8503462948101  939.330                 0.00000
t                178.300 56452.8503477428729  1207.821                 0.00000
t                119.511 56452.8510448826754  997.317                 0.00000
t                139.494 56452.8510415324908  1119.683                 0.00000
t                158.780 56452.8510428814398  1180.478                 0.00000
C t                178.297 56452.8510442976138  2477.949                 0.00000
t                119.485 56452.8517366026276  993.641                 0.00000
t                139.662 56452.8517328090979  899.791                 0.00000
t                158.760 56452.8517345458544  1028.453                 0.00000
t                178.276 56452.8517359747101  1117.342                 0.00000
t                119.472 56452.8524332415941  834.899                 0.00000
t                139.659 56452.8524293940361  738.260                 0.00000
t                158.854 56452.8524309897532  1252.466                 0.00000
C t                178.312 56452.8524328577297  1943.132                 0.00000
t                119.513 56452.8531296802412  680.755                 0.00000
t                139.659 56452.8531259704195  722.194                 0.00000
t                158.783 56452.8531276700600  761.877                 0.00000
C t                178.361 56452.8531271796427  4136.420                 0.00000
JUMP
