MODE 1
TIME +0.00008192
1                350.004 56085.1810496433193  416.672                 0.00000
1                349.996 56085.3004713487064  391.017                 0.00000
1                350.006 56085.4296489969150  440.699                 0.00000
1                387.499 56086.4083145424669  631.977                 0.00000
1                362.520 56086.4083164038518  670.611                 0.00000
1                337.511 56086.4083186932600  620.139                 0.00000
1                312.479 56086.4083215415511  659.575                 0.00000
1                387.499 56086.4090155836066  777.319                 0.00000
1                362.520 56086.4090174361643  478.713                 0.00000
1                337.511 56086.4090197139260  406.953                 0.00000
1                312.479 56086.4090225679472  411.145                 0.00000
1                387.499 56086.4097165892442  610.097                 0.00000
1                362.520 56086.4097184448506  340.961                 0.00000
1                337.511 56086.4097207307661  298.934                 0.00000
1                312.479 56086.4097235786034  435.347                 0.00000
1                387.499 56086.4104176205350  1076.145                 0.00000
1                362.520 56086.4104194679721  700.308                 0.00000
1                337.511 56086.4104217432551  689.617                 0.00000
1                312.479 56086.4104246002491  819.469                 0.00000
C 1                387.499 56086.4110604139213  2532.444                 0.00000
1                362.520 56086.4110620759670  589.740                 0.00000
1                337.511 56086.4110643601585  751.886                 0.00000
1                312.479 56086.4110671946614  848.118                 0.00000
1                387.513 56086.5535136261116  951.302                 0.00000
1                362.071 56086.5535154856051  898.902                 0.00000
1                337.520 56086.5535177496157  639.697                 0.00000
1                312.490 56086.5535206060311  806.560                 0.00000
1                387.513 56086.5542146206414  803.389                 0.00000
1                362.071 56086.5542165041367  592.989                 0.00000
1                337.520 56086.5542187644967  395.100                 0.00000
1                312.490 56086.5542216256126  457.758                 0.00000
1                387.513 56086.5549156405947  1180.822                 0.00000
1                362.071 56086.5549175328383  461.601                 0.00000
1                337.520 56086.5549197772117  430.561                 0.00000
1                312.490 56086.5549226354675  463.756                 0.00000
1                387.513 56086.5556020556644  755.688                 0.00000
1                362.071 56086.5556039680125  410.382                 0.00000
1                337.520 56086.5556062073731  334.347                 0.00000
1                312.490 56086.5556090558497  358.741                 0.00000
1                387.513 56086.5562592683924  905.383                 0.00000
1                362.071 56086.5562611641331  609.064                 0.00000
1                337.520 56086.5562634083104  623.934                 0.00000
1                312.490 56086.5562662490769  819.777                 0.00000
1                387.467 56089.3086884750288  911.371                 0.00000
1                362.511 56089.3086903109312  689.570                 0.00000
1                337.511 56089.3086926037790  590.335                 0.00000
1                312.503 56089.3086954574894  679.107                 0.00000
1                387.467 56089.3094771228961  620.273                 0.00000
1                362.511 56089.3094789748075  384.500                 0.00000
1                337.511 56089.3094812507435  330.198                 0.00000
1                312.503 56089.3094840962367  394.433                 0.00000
1                387.467 56089.3101781342684  767.158                 0.00000
1                362.511 56089.3101799933001  783.571                 0.00000
1                337.511 56089.3101822691955  593.842                 0.00000
1                312.503 56089.3101851184593  595.829                 0.00000
1                387.467 56089.3108791692657  801.578                 0.00000
1                362.511 56089.3108810140221  752.705                 0.00000
1                337.511 56089.3108832856921  448.498                 0.00000
1                312.503 56089.3108861463249  667.417                 0.00000
1                387.467 56089.3115217551628  850.690                 0.00000
1                362.511 56089.3115236188880  517.713                 0.00000
1                337.511 56089.3115258939013  440.645                 0.00000
1                312.503 56089.3115287509147  550.162                 0.00000
TIME -0.00008192
TIME +0.00002048
1                894.793 56328.7644112967351  462.272                 0.00000
1                845.120 56328.7644115855905  596.481                 0.00000
1                795.047 56328.7644119474786  685.413                 0.00000
1                745.047 56328.7644123780636  700.557                 0.00000
1                819.912 56328.7662957174620  1229.189                 0.00000
1                819.655 56328.7681504927151  718.307                 0.00000
1                819.691 56328.7700928979137  907.633                 0.00000
1                894.932 56332.7073473745028  476.750                 0.00000
1                845.140 56332.7073476814843  528.662                 0.00000
1                795.047 56332.7073480385935  476.329                 0.00000
1                745.047 56332.7073484623094  510.698                 0.00000
1                894.242 56365.7453786588648  817.521                 0.00000
1                844.880 56365.7453789461541  557.728                 0.00000
1                795.047 56365.7453793081001  517.447                 0.00000
1                745.056 56365.7453797340447  617.639                 0.00000
1                894.670 56389.6099616119062  820.529                 0.00000
1                845.048 56389.6099619043818  480.312                 0.00000
C 1                795.048 56389.6099687622839  4964.729                 0.00000
C 1                745.053 56389.6099626764710  630.952                 0.00000
C 1                894.670 56389.6106626018966  1445.275                 0.00000
1                845.048 56389.6106628972174  551.084                 0.00000
C 1                795.048 56389.6106630427422  1587.205                 0.00000
C 1                745.053 56389.6106636830679  1151.019                 0.00000
1                894.670 56389.6113636146558  876.167                 0.00000
1                845.048 56389.6113638999833  622.358                 0.00000
1                795.048 56389.6113642540536  725.483                 0.00000
1                745.053 56389.6113646975839  692.666                 0.00000
1                894.670 56389.6120646232218  878.109                 0.00000
1                845.048 56389.6120649054010  646.380                 0.00000
1                795.048 56389.6120652536209  703.555                 0.00000
1                745.053 56389.6120656814254  816.891                 0.00000
C 1                894.670 56389.6125299539010  2936.326                 0.00000
1                845.048 56389.6125322406274  1328.018                 0.00000
1                795.048 56389.6125326125555  2138.240                 0.00000
C 1                745.053 56389.6125328478711  1983.555                 0.00000
1                894.767 56406.5832315481287  440.670                 0.00000
1                844.976 56406.5832318561341  448.798                 0.00000
1                795.048 56406.5832321983701  595.461                 0.00000
1                745.051 56406.5832326347699  529.748                 0.00000
1                894.767 56406.5839325666392  815.202                 0.00000
1                844.976 56406.5839328430947  759.006                 0.00000
1                795.048 56406.5839332119169  932.130                 0.00000
1                745.051 56406.5839336236424  607.595                 0.00000
1                894.767 56406.5846335708496  595.292                 0.00000
1                844.976 56406.5846338622701  577.709                 0.00000
1                795.048 56406.5846342260077  707.226                 0.00000
1                745.051 56406.5846346547169  715.799                 0.00000
1                894.767 56406.5853345781974  1111.387                 0.00000
1                844.976 56406.5853348560486  705.577                 0.00000
1                795.048 56406.5853352347629  1248.505                 0.00000
1                745.051 56406.5853356545736  847.385                 0.00000
C 1                894.767 56406.5858014127761  1083.426                 0.00000
1                844.976 56406.5858022056929  1161.246                 0.00000
1                795.048 56406.5858025414597  1394.784                 0.00000
C 1                745.051 56406.5857971420125  1878.852                 0.00000
1                896.388 56426.5396912213954  703.730                 0.00000
1                844.951 56426.5396915262138  535.860                 0.00000
1                795.048 56426.5396918829092  465.117                 0.00000
1                745.876 56426.5396922907926  442.227                 0.00000
1                896.388 56426.5403922265817  676.414                 0.00000
1                844.951 56426.5403925440016  430.822                 0.00000
1                795.048 56426.5403928867689  589.153                 0.00000
1                745.876 56426.5403932996158  537.638                 0.00000
1                896.388 56426.5410786325943  493.351                 0.00000
1                844.951 56426.5410789261513  449.288                 0.00000
1                795.048 56426.5410792815652  547.414                 0.00000
1                745.876 56426.5410797111119  571.391                 0.00000
1                896.388 56426.5417650365714  478.860                 0.00000
1                844.951 56426.5417653422951  448.944                 0.00000
1                795.048 56426.5417657042226  499.872                 0.00000
1                745.876 56426.5417661203791  423.880                 0.00000
1                896.388 56426.5422469864249  708.224                 0.00000
1                844.951 56426.5422472893299  1024.249                 0.00000
1                795.048 56426.5422476483342  814.065                 0.00000
1                745.876 56426.5422480643077  895.200                 0.00000
1                896.052 56451.4554885627239  453.614                 0.00000
1                844.796 56451.4554888637713  383.572                 0.00000
1                795.047 56451.4554892206972  459.830                 0.00000
1                745.047 56451.4554896497359  467.068                 0.00000
1                896.303 56472.3788404403825  959.446                 0.00000
1                845.022 56472.3788407484311  1296.835                 0.00000
1                795.048 56472.3788410902589  1412.423                 0.00000
1                745.862 56472.3788415173632  845.073                 0.00000
1                896.303 56472.3795414439809  978.465                 0.00000
1                845.022 56472.3795417728270  851.567                 0.00000
C 1                795.048 56472.3795446720211  2414.564                 0.00000
1                745.862 56472.3795425429990  703.503                 0.00000
1                896.303 56472.3802425023891  963.308                 0.00000
1                845.022 56472.3802427816608  810.408                 0.00000
1                795.048 56472.3802431510617  884.301                 0.00000
1                745.862 56472.3802435686744  845.235                 0.00000
1                896.303 56472.3809435412895  813.029                 0.00000
1                845.022 56472.3809438434632  639.436                 0.00000
1                795.048 56472.3809441973263  1154.188                 0.00000
1                745.862 56472.3809445999037  847.932                 0.00000
1                896.303 56472.3813962633612  867.417                 0.00000
1                845.022 56472.3813965836004  1322.428                 0.00000
C 1                795.048 56472.3814029358896  1920.168                 0.00000
1                745.862 56472.3813973691073  1272.795                 0.00000
1                894.859 56494.3861143238616  518.871                 0.00000
1                845.023 56494.3861146261482  399.619                 0.00000
1                795.047 56494.3861149793648  592.708                 0.00000
1                745.047 56494.3861154053211  371.469                 0.00000
1                894.921 56520.2111484271317  645.130                 0.00000
1                845.026 56520.2111487218572  572.849                 0.00000
1                795.048 56520.2111491031460  825.733                 0.00000
1                745.048 56520.2111495099633  902.899                 0.00000
1                894.921 56520.2118348840591  1618.103                 0.00000
1                845.026 56520.2118351857355  607.992                 0.00000
1                795.048 56520.2118355288859  962.032                 0.00000
1                745.048 56520.2118359332121  1286.987                 0.00000
1                894.921 56520.2125359245810  1088.711                 0.00000
1                845.026 56520.2125362033408  718.872                 0.00000
1                795.048 56520.2125365716932  774.893                 0.00000
C 1                745.048 56520.2125389104042  2781.370                 0.00000
1                894.921 56520.2131785553712  1125.177                 0.00000
1                845.026 56520.2131788662364  786.287                 0.00000
1                795.048 56520.2131792078894  617.699                 0.00000
C 1                745.048 56520.2131826871938  2378.179                 0.00000
1                895.250 56537.2395211494764  1057.165                 0.00000
1                845.023 56537.2395214411939  683.227                 0.00000
1                795.047 56537.2395217978465  563.607                 0.00000
1                745.047 56537.2395222201329  711.434                 0.00000
1                894.999 56538.2241123908869  781.461                 0.00000
1                845.768 56538.2241126644165  950.975                 0.00000
1                794.812 56538.2241130378905  928.517                 0.00000
1                745.047 56538.2241134630914  863.370                 0.00000
1                894.900 56538.2953866446838  722.138                 0.00000
1                845.023 56538.2953869181398  887.100                 0.00000
1                795.047 56538.2953872904379  805.841                 0.00000
1                745.047 56538.2953877187376  1025.196                 0.00000
1                899.591 56539.2124721224004  1300.052                 0.00000
1                842.390 56539.2124724704216  830.639                 0.00000
1                795.093 56539.2124728253004  977.934                 0.00000
1                744.999 56539.2124732260445  1405.953                 0.00000
1                894.859 56543.2132797341399  391.969                 0.00000
1                844.981 56543.2132800352361  431.834                 0.00000
1                795.047 56543.2132803966332  366.701                 0.00000
1                745.047 56543.2132808220081  417.255                 0.00000
1                895.347 56546.2169812162733  943.333                 0.00000
1                845.006 56546.2169815133175  744.201                 0.00000
1                795.048 56546.2169818762928  776.936                 0.00000
1                745.862 56546.2169822896710  735.266                 0.00000
1                895.347 56546.2176676672245  731.664                 0.00000
1                845.006 56546.2176679524762  751.871                 0.00000
1                795.048 56546.2176683314215  916.229                 0.00000
1                745.862 56546.2176687477362  686.693                 0.00000
1                895.347 56546.2183687264295  862.955                 0.00000
1                845.006 56546.2183690224302  808.478                 0.00000
1                795.048 56546.2183693888884  965.207                 0.00000
1                745.862 56546.2183698224998  931.681                 0.00000
1                895.347 56546.2187923140659  775.045                 0.00000
C 1                845.006 56546.2187923365889  1394.586                 0.00000
1                795.048 56546.2187929467723  899.587                 0.00000
1                745.862 56546.2187933589104  889.081                 0.00000
1                894.858 56551.1671775380587  534.185                 0.00000
1                845.282 56551.1671778415918  476.254                 0.00000
1                794.812 56551.1671781918153  796.935                 0.00000
1                745.048 56551.1671786279594  633.016                 0.00000
1                894.858 56551.1678639832673  535.647                 0.00000
1                845.282 56551.1678642919351  507.326                 0.00000
1                794.812 56551.1678646427698  808.305                 0.00000
1                745.048 56551.1678650723979  588.271                 0.00000
1                894.858 56551.1685650651979  511.831                 0.00000
1                845.282 56551.1685653527410  510.913                 0.00000
1                794.812 56551.1685657148924  586.351                 0.00000
1                745.048 56551.1685661443750  834.988                 0.00000
1                894.858 56551.1692223126173  798.202                 0.00000
1                845.282 56551.1692225939017  531.614                 0.00000
1                794.812 56551.1692229496327  1037.991                 0.00000
1                745.048 56551.1692233856708  1097.367                 0.00000
1                894.921 56555.1843256619993  402.793                 0.00000
1                845.047 56555.1843259614220  364.696                 0.00000
1                795.047 56555.1843263141851  484.544                 0.00000
1                745.047 56555.1843267410469  519.870                 0.00000
1                894.736 56586.1414029473968  556.301                 0.00000
1                844.976 56586.1414032312435  418.252                 0.00000
1                795.047 56586.1414035936624  596.901                 0.00000
1                745.047 56586.1414040250045  633.495                 0.00000
1                894.925 56608.0427411521757  612.415                 0.00000
1                845.002 56608.0427414451459  607.495                 0.00000
1                795.048 56608.0427417869855  934.463                 0.00000
C 1                745.048 56608.0427366850374  970.425                 0.00000
1                894.925 56608.0434421989917  683.426                 0.00000
1                845.002 56608.0434425034931  560.864                 0.00000
1                795.048 56608.0434428558440  775.806                 0.00000
1                745.048 56608.0434432771821  800.922                 0.00000
1                894.925 56608.0441432719254  797.270                 0.00000
1                845.002 56608.0441435462014  653.733                 0.00000
1                795.048 56608.0441439213813  864.688                 0.00000
1                745.048 56608.0441443374871  951.939                 0.00000
C 1                894.925 56608.0447470745215  1250.528                 0.00000
1                845.002 56608.0447423682426  1201.753                 0.00000
1                795.048 56608.0447427313030  848.767                 0.00000
1                745.048 56608.0447431510327  1045.952                 0.00000
1                894.838 56670.8741692675777  952.020                 0.00000
1                845.047 56670.8741695736784  511.276                 0.00000
C 1                795.047 56670.8741687205320  2213.843                 0.00000
1                745.049 56670.8741703595296  609.148                 0.00000
TIME -0.00002048
C LOFAR DATA
JUMP
t                119.574 56437.2767093349920  349.385                 0.00000
t                139.486 56437.2767023106881  447.012                 0.00000
t                158.739 56437.2767086520455  475.837                 0.00000
t                178.182 56437.2767072477523  1073.284                 0.00000
t                119.530 56452.8555472270068  530.572                 0.00000
t                139.351 56452.8555403116938  647.052                 0.00000
t                158.738 56452.8555464638255  1005.183                 0.00000
t                178.344 56452.8555449319136  1649.022                 0.00000
JUMP
