MODE 1
TIME +0.00002048
1                915.360 56351.3023508585669  931.703                 0.00000
1                845.048 56351.3023513119603  760.367                 0.00000
1                795.048 56351.3023517442824  951.316                 0.00000
1                745.048 56351.3023522103994  911.572                 0.00000
1                915.360 56351.3030444714594  810.278                 0.00000
1                845.048 56351.3030449482851  867.413                 0.00000
1                795.048 56351.3030453706645  1008.854                 0.00000
1                745.048 56351.3030458781244  905.193                 0.00000
1                915.360 56351.3036574842069  773.228                 0.00000
1                845.048 56351.3036579529375  765.186                 0.00000
1                795.048 56351.3036583862098  750.115                 0.00000
1                745.048 56351.3036588696213  791.565                 0.00000
1                915.360 56365.1943911250701  570.538                 0.00000
1                844.319 56365.1943916022865  557.701                 0.00000
1                795.048 56365.1943920047933  850.188                 0.00000
1                745.048 56365.1943925003475  566.485                 0.00000
1                915.360 56365.1951009197203  1575.684                 0.00000
1                844.319 56365.1951013868286  568.120                 0.00000
1                795.048 56365.1951018064088  1008.409                 0.00000
1                745.048 56365.1951022886457  590.941                 0.00000
1                915.360 56365.1956171221477  1205.828                 0.00000
1                844.319 56365.1956175811755  1063.342                 0.00000
C 1                795.048 56365.1956231722714  4835.400                 0.00000
1                745.048 56365.1956185088088  1127.027                 0.00000
1                915.360 56385.1316628147525  923.863                 0.00000
1                845.048 56385.1316632759756  428.536                 0.00000
1                795.048 56385.1316637130807  754.410                 0.00000
1                745.048 56385.1316480435893  934.541                 0.00000
1                915.360 56385.1323564712003  1404.128                 0.00000
1                845.048 56385.1323569376391  486.110                 0.00000
1                795.048 56385.1323573501605  1515.072                 0.00000
1                745.048 56385.1323417160699  1160.933                 0.00000
1                915.360 56385.1330017353411  828.027                 0.00000
1                845.048 56385.1330021885954  475.459                 0.00000
1                795.048 56385.1330026229690  935.267                 0.00000
1                745.048 56385.1329869704566  734.850                 0.00000
1                888.798 56414.0519416837193  821.774                 0.00000
1                845.569 56414.0519419852078  725.239                 0.00000
1                791.714 56414.0519424224091  1085.513                 0.00000
1                754.841 56414.0519428008940  1119.251                 0.00000
1                888.798 56414.0526353211609  1112.246                 0.00000
1                845.569 56414.0526356264744  745.016                 0.00000
1                791.714 56414.0526360549795  818.622                 0.00000
1                754.841 56414.0526364286932  1901.508                 0.00000
1                888.798 56414.0532805815785  1479.705                 0.00000
1                845.569 56414.0532808771709  861.992                 0.00000
1                791.714 56414.0532813215653  1197.232                 0.00000
1                754.841 56414.0532816928801  1325.283                 0.00000
1                825.679 56415.0325952965603  543.646                 0.00000
1                825.679 56415.0333050720448  732.663                 0.00000
1                825.679 56415.0339341961009  856.839                 0.00000
1                895.048 56416.0069081003133  748.930                 0.00000
1                845.048 56416.0069084576037  482.348                 0.00000
1                794.944 56416.0068927509501  677.124                 0.00000
1                745.048 56416.0068932187603  715.982                 0.00000
1                895.048 56416.0076178818917  717.315                 0.00000
1                845.048 56416.0076021221605  582.093                 0.00000
1                794.944 56416.0076025371712  955.851                 0.00000
1                745.048 56416.0076030237582  705.434                 0.00000
1                895.048 56416.0082631257792  877.215                 0.00000
1                845.048 56416.0082473484090  493.503                 0.00000
1                794.944 56416.0082477668768  940.138                 0.00000
1                745.048 56416.0082482709219  787.129                 0.00000
1                895.048 56416.0725462686088  596.587                 0.00000
1                845.048 56416.0725466235495  572.992                 0.00000
1                794.944 56416.0725470415353  644.553                 0.00000
1                745.048 56416.0725475276390  448.016                 0.00000
1                895.048 56416.0732721688018  670.505                 0.00000
1                845.048 56416.0732725275738  620.765                 0.00000
1                794.944 56416.0732729458557  851.447                 0.00000
1                745.048 56416.0732734309353  539.958                 0.00000
1                895.048 56416.0738851723082  869.569                 0.00000
1                845.048 56416.0738855113638  704.364                 0.00000
1                794.944 56416.0738859274008  1056.001                 0.00000
1                745.048 56416.0738864146549  804.121                 0.00000
1                893.726 56418.0107189717668  835.713                 0.00000
1                845.048 56418.0107193128478  501.658                 0.00000
1                795.048 56418.0107035900682  753.858                 0.00000
1                745.048 56418.0107040861434  695.250                 0.00000
1                893.726 56418.0114126200874  747.572                 0.00000
1                845.048 56418.0114129533196  487.885                 0.00000
1                795.048 56418.0113972387427  769.983                 0.00000
1                745.048 56418.0113977275273  579.363                 0.00000
1                893.726 56418.0121223868466  463.649                 0.00000
1                845.048 56418.0121065943170  389.915                 0.00000
1                795.048 56418.0121070007848  517.400                 0.00000
1                745.048 56418.0121075093465  592.066                 0.00000
1                893.726 56418.0127515155055  715.901                 0.00000
1                845.048 56418.0127518511172  481.818                 0.00000
1                795.048 56418.0127522595139  835.450                 0.00000
1                745.048 56418.0127527579131  902.927                 0.00000
1                895.048 56423.0648034520549  412.921                 0.00000
1                845.048 56423.0648038151485  561.794                 0.00000
1                795.048 56423.0648042232644  597.355                 0.00000
1                745.569 56423.0648047091802  915.199                 0.00000
1                895.048 56423.0655132375182  502.903                 0.00000
1                845.048 56423.0655135845920  474.906                 0.00000
1                795.048 56423.0655139948363  543.936                 0.00000
1                745.569 56423.0655144854012  564.016                 0.00000
1                895.048 56423.0661423480815  642.753                 0.00000
1                845.048 56423.0661427041521  630.004                 0.00000
1                795.048 56423.0661431336239  1002.608                 0.00000
1                745.569 56423.0661436072140  757.647                 0.00000
1                915.360 56426.9803867009815  789.862                 0.00000
1                845.048 56426.9803871889087  436.624                 0.00000
1                795.048 56426.9803876074411  940.269                 0.00000
1                745.152 56426.9803880929964  687.014                 0.00000
1                915.360 56426.9810803652689  750.353                 0.00000
1                845.048 56426.9810808298623  442.438                 0.00000
1                795.048 56426.9810812527766  775.798                 0.00000
1                745.152 56426.9810817426940  517.865                 0.00000
1                915.360 56426.9817256253668  953.101                 0.00000
1                845.048 56426.9817260849822  541.259                 0.00000
1                795.048 56426.9817264997474  1091.386                 0.00000
1                745.152 56426.9817269905085  735.093                 0.00000
1                893.895 56431.9707553236511  573.909                 0.00000
1                845.048 56431.9707556470911  343.687                 0.00000
1                795.110 56431.9707560610054  712.607                 0.00000
1                746.017 56431.9707565565337  908.523                 0.00000
1                893.895 56431.9714650883331  636.353                 0.00000
1                845.048 56431.9714654246964  343.560                 0.00000
1                795.110 56431.9714658323712  882.137                 0.00000
1                746.017 56431.9714663241093  799.684                 0.00000
1                893.895 56431.9721103392994  671.271                 0.00000
1                845.048 56431.9721106721056  471.263                 0.00000
C 1                795.110 56431.9721152898008  2830.381                 0.00000
1                746.017 56431.9721115681490  1164.568                 0.00000
1                915.360 56449.9198750169880  1104.141                 0.00000
1                845.985 56449.9198754583345  740.550                 0.00000
1                793.262 56449.9198758881869  763.561                 0.00000
1                745.152 56449.9198763762056  841.513                 0.00000
1                915.360 56449.9205847907657  1300.887                 0.00000
1                845.985 56449.9205852195635  975.901                 0.00000
1                793.262 56449.9205856881074  919.430                 0.00000
1                745.152 56449.9205861766683  896.762                 0.00000
1                915.360 56449.9211655092404  1663.036                 0.00000
1                845.986 56449.9211659681892  882.509                 0.00000
1                793.262 56449.9211664024082  1307.781                 0.00000
1                745.152 56449.9211668690771  1129.890                 0.00000
1                894.046 56470.9133611336230  1620.243                 0.00000
1                845.048 56470.9133614470694  1321.156                 0.00000
1                795.205 56470.9133618758555  1503.974                 0.00000
1                746.017 56470.9133623789490  1411.080                 0.00000
1                894.046 56470.9139902096649  1553.817                 0.00000
1                845.048 56470.9139905623519  926.144                 0.00000
1                795.205 56470.9139910021146  1081.594                 0.00000
1                746.017 56470.9139914585932  1039.040                 0.00000
1                894.046 56470.9146354704322  1301.674                 0.00000
1                845.048 56470.9146358186498  941.299                 0.00000
1                795.205 56470.9146362201111  1426.162                 0.00000
1                746.017 56470.9146367031022  1437.744                 0.00000
1                893.895 56494.9028397885300  1105.314                 0.00000
1                845.048 56494.9028401442107  1115.420                 0.00000
1                795.205 56494.9028405504326  2838.872                 0.00000
1                746.170 56494.9028410434953  1083.174                 0.00000
1                893.895 56494.9035334148741  1480.747                 0.00000
1                845.048 56494.9035337429010  1795.840                 0.00000
1                795.205 56494.9035341670896  1462.520                 0.00000
1                746.170 56494.9035346678430  1649.469                 0.00000
1                893.895 56494.9041786579962  1010.481                 0.00000
1                845.048 56494.9041789837016  1276.731                 0.00000
1                795.205 56494.9041793800349  1660.854                 0.00000
1                746.170 56494.9041799015559  1227.129                 0.00000
1                893.867 56520.7293321671968  419.626                 0.00000
1                845.941 56520.7293324940729  566.346                 0.00000
1                795.205 56520.7293329203707  981.884                 0.00000
1                746.170 56520.7293333974199  654.841                 0.00000
1                893.867 56520.7300419317932  441.820                 0.00000
1                845.941 56520.7300422534412  618.772                 0.00000
1                795.205 56520.7300426653285  702.062                 0.00000
1                746.170 56520.7300431464395  733.279                 0.00000
1                893.867 56520.7306871637893  364.262                 0.00000
1                845.941 56520.7306875002056  512.367                 0.00000
1                795.205 56520.7306879096916  734.302                 0.00000
1                746.170 56520.7306883952414  721.426                 0.00000
1                819.964 56585.5003020700549  566.546                 0.00000
1                819.964 56585.5008343901750  718.551                 0.00000
1                819.964 56585.5015280168211  561.730                 0.00000
1                819.657 56611.5247013605008  529.131                 0.00000
1                819.657 56611.5253465963436  636.501                 0.00000
1                819.657 56611.5260563566122  664.351                 0.00000
1                824.029 56637.3655003107207  660.142                 0.00000
1                824.029 56637.3661455533163  494.266                 0.00000
1                824.029 56637.3667424006578  688.896                 0.00000
1                821.833 56669.3419389840563  625.768                 0.00000
1                821.833 56669.3426003601282  822.588                 0.00000
1                821.833 56669.3431810885815  852.567                 0.00000
TIME -0.00002048
