 GUPPI_GBNCC29217_55988    349.857  55988.5970587990762    0.00  384.83        1
 GUPPI_GBNCC29450_55988    349.847  55988.5989204830402    0.00  827.38        1
 GUPPI_GBNCC29594_55988    349.934  55988.6449500332611    0.00  325.19        1
 GUPPI_GBNCC29827_56017    375.062  56017.5641514020075    0.00  245.97        1
 GUPPI_GBNCC29827_56017    324.826  56017.5641596284645    0.00  149.69        1
 GUPPI_GBNCC29827_56017    375.008  56017.5647916613743    0.00  283.28        1
 GUPPI_GBNCC29827_56017    324.848  56017.5647998766222    0.00  175.94        1
 GUPPI_GBNCC30204_56017    349.916  56017.5628154908553    0.00  854.27        1
 GUPPI_J1911+37_3_57071    865.507  57071.4295074287482    0.00  541.74        1
 GUPPI_J1911+37_3_57071    769.524  57071.4295086579076    0.00  384.02        1
 GUPPI_J1911+37_3_57071    865.436  57071.4305023079849    0.00  478.18        1
 GUPPI_J1911+37_3_57071    769.512  57071.4305035410625    0.00  360.31        1
 GUPPI_J1911+37_57079_3    892.055  57079.4145793220617    0.00  717.35        1
 GUPPI_J1911+37_57079_3    844.489  57079.4145798177306    0.00  371.96        1
 GUPPI_J1911+37_57079_3    794.349  57079.4145804495920    0.00  307.22        1
 GUPPI_J1911+37_57079_3    745.518  57079.4145811919877    0.00  276.63        1
 GUPPI_J1911+37_57079_3    891.911  57079.4162636906674    0.00  481.77        1
 GUPPI_J1911+37_57079_3    844.385  57079.4162641967679    0.00  433.34        1
 GUPPI_J1911+37_57079_3    794.299  57079.4162648319801    0.00  362.45        1
 GUPPI_J1911+37_57079_3    745.506  57079.4162655704017    0.00  339.88        1
C GUPPI_J1911+37_57100_3    893.833  57100.3584337915529    0.00 1547.21        1
 GUPPI_J1911+37_57100_3    844.130  57100.3584301991847    0.00  428.70        1
 GUPPI_J1911+37_57100_3    794.334  57100.3584308313140    0.00  355.44        1
 GUPPI_J1911+37_57100_3    745.560  57100.3584315777601    0.00  295.20        1
 GUPPI_J1911+37_57100_3    893.710  57100.3601238672401    0.00  682.23        1
 GUPPI_J1911+37_57100_3    844.179  57100.3601244105266    0.00  598.71        1
 GUPPI_J1911+37_57100_3    794.336  57100.3601250319477    0.00  364.67        1
 GUPPI_J1911+37_57100_3    745.559  57100.3601257802534    0.00  362.26        1
 GUPPI_J1911+37_57100_3    866.873  57100.3817252313973    0.00  426.20        1
 GUPPI_J1911+37_57100_3    769.447  57100.3817264787390    0.00  322.27        1
 GUPPI_J1911+37_57100_3    866.939  57100.3829466399886    0.00  636.82        1
 GUPPI_J1911+37_57100_3    769.451  57100.3829478773528    0.00  411.79        1
 GUPPI_J1911+37_57130_2    893.744  57130.3192928668470    0.00  644.18        1
 GUPPI_J1911+37_57130_2    843.964  57130.3192933954379    0.00  418.63        1
 GUPPI_J1911+37_57130_2    794.377  57130.3192940292949    0.00  389.34        1
 GUPPI_J1911+37_57130_2    745.574  57130.3192947696545    0.00  276.63        1
 GUPPI_J1911+37_57130_2    894.034  57130.3209772096195    0.00  539.28        1
 GUPPI_J1911+37_57130_2    844.076  57130.3209777371143    0.00  412.49        1
 GUPPI_J1911+37_57130_2    794.390  57130.3209783662295    0.00  328.42        1
 GUPPI_J1911+37_57130_2    745.564  57130.3209791099781    0.00  333.42        1
 GUPPI_J1911+37_57163_2    866.246  57163.2390319035121    0.00  425.40        1
 GUPPI_J1911+37_57163_2    769.176  57163.2390331483192    0.00  319.99        1
 GUPPI_J1911+37_57163_2    866.415  57163.2403715028405    0.00  426.67        1
 GUPPI_J1911+37_57163_2    769.179  57163.2403727474786    0.00  267.14        1
 GUPPI_J1911+37_57193_1    865.579  57193.2228919815838    0.00  354.24        1
 GUPPI_J1911+37_57193_1    770.999  57193.2228931886811    0.00  214.54        1
 GUPPI_J1911+37_57193_1    865.426  57193.2245862161705    0.00  361.60        1
 GUPPI_J1911+37_57193_1    770.810  57193.2245874263545    0.00  238.88        1
 GUPPI_J1911+37_57223_0    866.216  57223.0339764877726    0.00  421.94        1
 GUPPI_J1911+37_57223_0    768.744  57223.0339777400672    0.00  246.33        1
 GUPPI_J1911+37_57223_0    866.241  57223.0356609142964    0.00  393.71        1
 GUPPI_J1911+37_57223_0    768.695  57223.0356621624531    0.00  246.84        1
 GUPPI_J1911+37_57249_0    865.887  57249.0009802140273    0.00  385.82        1
 GUPPI_J1911+37_57249_0    769.291  57249.0009814458105    0.00  227.73        1
 GUPPI_J1911+37_57249_0    865.449  57249.0026745254576    0.00  413.58        1
 GUPPI_J1911+37_57249_0    769.498  57249.0026757543067    0.00  291.43        1
 GUPPI_J1911+37_57278_7    865.759  57278.8570470791226    0.00  458.45        1
 GUPPI_J1911+37_57278_7    769.870  57278.8570483095326    0.00  300.19        1
 GUPPI_J1911+37_57278_7    865.477  57278.8587217309541    0.00  453.47        1
 GUPPI_J1911+37_57278_7    769.890  57278.8587229384243    0.00  445.23        1
 GUPPI_J1911+37_57307_6    893.972  57307.7847777803537    0.00  681.39        1
 GUPPI_J1911+37_57307_6    844.291  57307.7847783110856    0.00  526.24        1
 GUPPI_J1911+37_57307_6    794.489  57307.7847789250857    0.00  401.68        1
 GUPPI_J1911+37_57307_6    745.488  57307.7847796743469    0.00  321.40        1
 GUPPI_J1911+37_57307_6    894.032  57307.7864623014168    0.00  699.18        1
 GUPPI_J1911+37_57307_6    844.250  57307.7864628145375    0.00  484.18        1
 GUPPI_J1911+37_57307_6    794.481  57307.7864634420957    0.00  352.52        1
 GUPPI_J1911+37_57307_6    745.508  57307.7864641886280    0.00  331.46        1
 GUPPI_J1911+37_57333_5    895.259  57333.6272538591295    0.00  855.29        1
 GUPPI_J1911+37_57333_5    843.520  57333.6272544114341    0.00  344.68        1
 GUPPI_J1911+37_57333_5    794.401  57333.6272550199674    0.00  343.01        1
 GUPPI_J1911+37_57333_5    745.451  57333.6272557816868    0.00  355.86        1
 GUPPI_J1911+37_57333_5    894.846  57333.6289482135158    0.00  824.26        1
 GUPPI_J1911+37_57333_5    843.225  57333.6289487644334    0.00  439.16        1
 GUPPI_J1911+37_57333_5    794.404  57333.6289493954874    0.00  424.43        1
 GUPPI_J1911+37_57333_5    745.395  57333.6289501428732    0.00  296.13        1
 GUPPI_J1911+37_57333_5    894.531  57333.6314602239906    0.00  588.54        1
 GUPPI_J1911+37_57333_5    843.613  57333.6314607457625    0.00  602.45        1
 GUPPI_J1911+37_57333_5    794.397  57333.6314613746539    0.00  317.95        1
 GUPPI_J1911+37_57333_5    745.462  57333.6314621205289    0.00  299.29        1
C GUPPI_J1911+37_57333_5    894.512  57333.6331545968586    0.00 1258.27        1
 GUPPI_J1911+37_57333_5    843.340  57333.6331551164525    0.00  428.23        1
 GUPPI_J1911+37_57333_5    794.423  57333.6331557352209    0.00  338.00        1
 GUPPI_J1911+37_57333_5    745.471  57333.6331564770020    0.00  337.44        1
 GUPPI_J1911+37_57334_5    894.699  57334.6227403792220    0.00  588.13        1
 GUPPI_J1911+37_57334_5    844.328  57334.6227409103786    0.00  386.25        1
 GUPPI_J1911+37_57334_5    794.400  57334.6227415458310    0.00  257.66        1
 GUPPI_J1911+37_57334_5    745.573  57334.6227422941432    0.00  265.36        1
 GUPPI_J1911+37_57334_5    894.672  57334.6261783529816    0.00 1009.66        1
 GUPPI_J1911+37_57334_5    844.435  57334.6261788880628    0.00  409.97        1
 GUPPI_J1911+37_57334_5    794.428  57334.6261795197187    0.00  312.96        1
 GUPPI_J1911+37_57334_5    745.580  57334.6261802629902    0.00  257.54        1
 GUPPI_J1911+37_57335_5    894.002  57335.6246199085600    0.00  606.45        1
 GUPPI_J1911+37_57335_5    843.859  57335.6246204361465    0.00  408.06        1
 GUPPI_J1911+37_57335_5    794.056  57335.6246210727981    0.00  311.38        1
 GUPPI_J1911+37_57335_5    745.513  57335.6246218058076    0.00  292.88        1
 GUPPI_J1911+37_57335_5    893.888  57335.6280283336562    0.00  826.05        1
 GUPPI_J1911+37_57335_5    843.966  57335.6280288601961    0.00  394.01        1
 GUPPI_J1911+37_57335_5    794.072  57335.6280294911694    0.00  318.50        1
 GUPPI_J1911+37_57335_5    745.467  57335.6280302286028    0.00  275.28        1
 GUPPI_J1911+37_57335_5    893.695  57335.6326878213361    0.00  787.43        1
 GUPPI_J1911+37_57335_5    844.278  57335.6326883375948    0.00  425.34        1
 GUPPI_J1911+37_57335_5    794.408  57335.6326889770789    0.00  371.32        1
 GUPPI_J1911+37_57335_5    745.409  57335.6326897223014    0.00  469.46        1
 GUPPI_J1911+37_57335_5    893.679  57335.6343821935963    0.00  705.60        1
 GUPPI_J1911+37_57335_5    844.548  57335.6343826908089    0.00  607.79        1
 GUPPI_J1911+37_57335_5    794.364  57335.6343833429324    0.00  403.50        1
 GUPPI_J1911+37_57335_5    745.495  57335.6343840799088    0.00  350.04        1
C GUPPI_J1911+37_57337_5    895.143  57337.6291563614647    0.00  625.34        1
 GUPPI_J1911+37_57337_5    842.153  57337.6291568908886    0.00  398.36        1
 GUPPI_J1911+37_57337_5    794.585  57337.6291574962159    0.00  295.08        1
 GUPPI_J1911+37_57337_5    745.165  57337.6291582452306    0.00  324.30        1
 GUPPI_J1911+37_57337_5    894.807  57337.6321116179000    0.00  743.22        1
 GUPPI_J1911+37_57337_5    842.331  57337.6321121630711    0.00  393.30        1
 GUPPI_J1911+37_57337_5    794.690  57337.6321127663033    0.00  316.30        1
 GUPPI_J1911+37_57337_5    745.166  57337.6321135162885    0.00  268.16        1
 GUPPI_J1911+37_57337_5    894.939  57337.6349880780995    0.00  565.23        1
 GUPPI_J1911+37_57337_5    842.500  57337.6349886308805    0.00  394.82        1
 GUPPI_J1911+37_57337_5    794.716  57337.6349892383072    0.00  288.04        1
 GUPPI_J1911+37_57337_5    745.217  57337.6349899958123    0.00  287.75        1
 GUPPI_J1911+37_57337_5    895.165  57337.6378546932042    0.00  833.67        1
 GUPPI_J1911+37_57337_5    842.413  57337.6378552480557    0.00  415.56        1
 GUPPI_J1911+37_57337_5    794.691  57337.6378558485054    0.00  324.22        1
 GUPPI_J1911+37_57337_5    745.238  57337.6378566091562    0.00  321.17        1
 GUPPI_J1911+37_57340_6    893.893  57340.7033044046401    0.00  925.13        1
 GUPPI_J1911+37_57340_6    844.495  57340.7033049450145    0.00  510.24        1
 GUPPI_J1911+37_57340_6    794.489  57340.7033055761581    0.00  364.52        1
 GUPPI_J1911+37_57340_6    745.491  57340.7033063251765    0.00  347.88        1
 GUPPI_J1911+37_57340_6    893.958  57340.7049889337088    0.00  682.34        1
 GUPPI_J1911+37_57340_6    844.482  57340.7049894423226    0.00  457.71        1
 GUPPI_J1911+37_57340_6    794.452  57340.7049900781845    0.00  332.16        1
 GUPPI_J1911+37_57340_6    745.502  57340.7049908289490    0.00  308.20        1
 GUPPI_J1911+37_57353_4    895.965  57353.5591329983363    0.00  544.26        1
 GUPPI_J1911+37_57353_4    843.904  57353.5591335504094    0.00  379.08        1
 GUPPI_J1911+37_57353_4    794.461  57353.5591341690152    0.00  288.80        1
 GUPPI_J1911+37_57353_4    745.482  57353.5591349141201    0.00  260.90        1
 GUPPI_J1911+37_57353_4    896.085  57353.5620390109563    0.00  635.96        1
 GUPPI_J1911+37_57353_4    843.821  57353.5620395436766    0.00  360.70        1
 GUPPI_J1911+37_57353_4    794.426  57353.5620401780095    0.00  276.48        1
 GUPPI_J1911+37_57353_4    745.496  57353.5620409164391    0.00  240.23        1
 GUPPI_J1911+37_57353_4    896.011  57353.5649548462175    0.00  487.03        1
 GUPPI_J1911+37_57353_4    844.067  57353.5649553917407    0.00  301.73        1
 GUPPI_J1911+37_57353_4    794.407  57353.5649560264649    0.00  262.01        1
 GUPPI_J1911+37_57353_4    745.503  57353.5649567734149    0.00  288.78        1
 GUPPI_J1911+37_57353_4    895.620  57353.5678017415535    0.00  460.13        1
 GUPPI_J1911+37_57353_4    843.918  57353.5678022955882    0.00  275.76        1
 GUPPI_J1911+37_57353_4    794.401  57353.5678029165045    0.00  287.07        1
 GUPPI_J1911+37_57353_4    745.485  57353.5678036633030    0.00  274.09        1
 GUPPI_J1911+37_57353_4    866.390  57353.5709937204195    0.00  404.56        1
 GUPPI_J1911+37_57353_4    769.911  57353.5709949630585    0.00  443.51        1
 GUPPI_J1911+37_57353_4    865.984  57353.5722250918313    0.00  475.87        1
 GUPPI_J1911+37_57353_4    770.042  57353.5722263099764    0.00  297.83        1
 GUPPI_J1911+37_57364_4    894.636  57364.5352260162630    0.00  742.54        1
 GUPPI_J1911+37_57364_4    843.331  57364.5352265439741    0.00  439.99        1
 GUPPI_J1911+37_57364_4    794.481  57364.5352271614449    0.00  393.00        1
 GUPPI_J1911+37_57364_4    745.440  57364.5352279102525    0.00  336.18        1
 GUPPI_J1911+37_57364_4    894.427  57364.5370878152042    0.00  649.85        1
 GUPPI_J1911+37_57364_4    843.562  57364.5370883369918    0.00  519.32        1
 GUPPI_J1911+37_57364_4    794.437  57364.5370889715722    0.00  324.42        1
 GUPPI_J1911+37_57364_4    745.435  57364.5370897111828    0.00  412.75        1
 GUPPI_J1911+37_57364_4    894.870  57364.5389397532126    0.00  622.91        1
 GUPPI_J1911+37_57364_4    843.573  57364.5389402930703    0.00  437.43        1
 GUPPI_J1911+37_57364_4    794.419  57364.5389409112518    0.00  315.59        1
 GUPPI_J1911+37_57364_4    745.548  57364.5389416659406    0.00  348.61        1
 GUPPI_J1911+37_57364_4    894.821  57364.5407621618248    0.00  660.20        1
 GUPPI_J1911+37_57364_4    843.298  57364.5407626908381    0.00  482.00        1
 GUPPI_J1911+37_57364_4    794.407  57364.5407633123641    0.00  378.10        1
 GUPPI_J1911+37_57364_4    745.466  57364.5407640616476    0.00  356.02        1
 GUPPI_J1911+37_57369_5    895.160  57369.6711773648972    0.00  642.00        1
 GUPPI_J1911+37_57369_5    843.558  57369.6711779055316    0.00  407.81        1
 GUPPI_J1911+37_57369_5    794.415  57369.6711785324099    0.00  308.63        1
 GUPPI_J1911+37_57369_5    744.432  57369.6711792912794    0.00  316.65        1
 GUPPI_J1911+37_57369_5    895.166  57369.6728913990328    0.00  782.82        1
 GUPPI_J1911+37_57369_5    843.305  57369.6728919508336    0.00  381.92        1
 GUPPI_J1911+37_57369_5    794.426  57369.6728925588976    0.00  381.63        1
 GUPPI_J1911+37_57369_5    744.541  57369.6728933343276    0.00  364.42        1
 GUPPI_J1911+37_57399_5    892.556  57399.6508827679614    0.00  642.62        1
 GUPPI_J1911+37_57399_5    844.729  57399.6508832718667    0.00  425.44        1
 GUPPI_J1911+37_57399_5    791.667  57399.6508839468718    0.00  500.98        1
 GUPPI_J1911+37_57399_5    745.910  57399.6508846397151    0.00  363.99        1
 GUPPI_J1911+37_57399_5    892.371  57399.6518185673077    0.00  937.37        1
 GUPPI_J1911+37_57399_5    844.669  57399.6518190720065    0.00  483.07        1
 GUPPI_J1911+37_57399_5    791.698  57399.6518197361610    0.00  466.61        1
 GUPPI_J1911+37_57399_5    745.938  57399.6518204398403    0.00  362.85        1
 GUPPI_J1911+37_57399_5    892.238  57399.6527445134396    0.00  582.36        1
 GUPPI_J1911+37_57399_5    844.619  57399.6527450212628    0.00  469.54        1
 GUPPI_J1911+37_57399_5    791.740  57399.6527456877806    0.00  396.06        1
 GUPPI_J1911+37_57399_5    745.910  57399.6527463905846    0.00  350.33        1
 GUPPI_J1911+37_57399_5    892.347  57399.6534931725288    0.00  897.69        1
 GUPPI_J1911+37_57399_5    844.627  57399.6534936545721    0.00  579.48        1
 GUPPI_J1911+37_57399_5    791.667  57399.6534943348368    0.00  615.55        1
 GUPPI_J1911+37_57399_5    745.910  57399.6534950273800    0.00  504.44        1
