EFAC 0.8057
 GUPPI_1917-29_57153_4158 378.0910  57153.4819142456808    0.00  867.14        1
 GUPPI_1917-29_57153_4158 325.0920  57153.4819187869809    0.00  418.70        1
 GUPPI_1917-29_57153_4158 378.0910  57153.4830847262298    0.00 1037.58        1
 GUPPI_1917-29_57153_4158 325.0920  57153.4830892731621    0.00  417.41        1
 GUPPI_1917-29_57153_4158 378.0910  57153.4842552187760    0.00  868.99        1
 GUPPI_1917-29_57153_4158 325.0920  57153.4842597550354    0.00  469.84        1
C GUPPI_1917-29_57154_3134 378.2300  57154.3634386244220    0.00 4773.74        1
 GUPPI_1917-29_57154_3134 325.0109  57154.3634368600233    0.00 1074.33        1
C GUPPI_1917-29_57154_3134 378.2300  57154.3646193367756    0.00 3922.30        1
 GUPPI_1917-29_57154_3134 325.0109  57154.3646218004446    0.00 1850.19        1
C GUPPI_1917-29_57154_3134 378.2300  57154.3657877368949    0.00 3148.81        1
 GUPPI_1917-29_57154_3134 325.0109  57154.3657922727832    0.00 1471.92        1
 GUPPI_1917-29_57447_4600 378.5610  57447.5329678791413    0.00  764.55        1
 GUPPI_1917-29_57447_4600 325.1289  57447.5329724549452    0.00  391.84        1
 GUPPI_1917-29_57447_4600 378.5610  57447.5339071704286    0.00 1143.93        1
 GUPPI_1917-29_57447_4600 325.1289  57447.5339117248132    0.00  660.86        1
C GUPPI_1917-29_57447_4600 378.5610  57447.5347847078143    0.00 2428.93        1
 GUPPI_1917-29_57447_4600 325.1289  57447.5347787451207    0.00  580.66        1
 GUPPI_1917-29_57475_4522 378.5400  57475.5243694198595    0.00  402.30        1
 GUPPI_1917-29_57475_4522 324.7650  57475.5243740343429    0.00  276.77        1
 GUPPI_1917-29_57475_4522 378.5400  57475.5262334920433    0.00  400.67        1
 GUPPI_1917-29_57475_4522 324.7650  57475.5262381008457    0.00  253.89        1
 GUPPI_1917-29_57475_4522 378.5400  57475.5280397812686    0.00  531.96        1
 GUPPI_1917-29_57475_4522 324.7650  57475.5280443800089    0.00  305.40        1
 GUPPI_1917-29_57505_3622 378.2300  57505.4204036934433    0.00  630.78        1
 GUPPI_1917-29_57505_3622 325.0109  57505.4204082534838    0.00  315.21        1
 GUPPI_1917-29_57505_3622 378.2300  57505.4227301854748    0.00  503.81        1
 GUPPI_1917-29_57505_3622 325.0109  57505.4227347432766    0.00  312.38        1
C GUPPI_1917-29_57505_3622 378.2300  57505.4250081778083    0.00 5505.58        1
C GUPPI_1917-29_57505_3622 325.0109  57505.4250076885601    0.00 4455.56        1
C GUPPI_1917-29_57537_2621 378.3699  57537.3039616575254    0.00 6184.47        1
C GUPPI_1917-29_57537_2621 325.1289  57537.3039725904723    0.00 3404.81        1
C GUPPI_1917-29_57537_2621 378.3699  57537.3051375073448    0.00 4222.90        1
 GUPPI_1917-29_57537_2621 325.1289  57537.3051388050170    0.00 1661.89        1
C GUPPI_1917-29_57537_2621 378.3699  57537.3062553961599    0.00 1844.54        1
C GUPPI_1917-29_57537_2621 325.1289  57537.3062566075558    0.00 3509.96        1
 GUPPI_1917-29_57539_2430 378.2300  57539.2819346503937    0.00  713.57        1
 GUPPI_1917-29_57539_2430 325.0109  57539.2819392178099    0.00  352.33        1
 GUPPI_1917-29_57539_2430 378.2300  57539.2831051527048    0.00  964.66        1
 GUPPI_1917-29_57539_2430 325.0109  57539.2831097205646    0.00  400.59        1
 GUPPI_1917-29_57539_2430 378.2300  57539.2842034180101    0.00  793.17        1
 GUPPI_1917-29_57539_2430 325.0109  57539.2842079799079    0.00  481.83        1
 GUPPI_1917-29_57541_2437 378.0910  57541.2827140465865    0.00  712.51        1
 GUPPI_1917-29_57541_2437 325.0109  57541.2827185873623    0.00  420.79        1
 GUPPI_1917-29_57541_2437 378.0910  57541.2838845595090    0.00  681.98        1
 GUPPI_1917-29_57541_2437 325.0109  57541.2838890942689    0.00  409.04        1
 GUPPI_1917-29_57541_2437 378.0910  57541.2849827990911    0.00  764.53        1
 GUPPI_1917-29_57541_2437 325.0109  57541.2849873516899    0.00  440.97        1
 GUPPI_1917-29_57543_2354 377.5239  57543.2731520890852    0.00  856.35        1
 GUPPI_1917-29_57543_2354 325.0109  57543.2731566080840    0.00  384.93        1
 GUPPI_1917-29_57543_2354 377.5239  57543.2743226126279    0.00  823.90        1
 GUPPI_1917-29_57543_2354 325.0109  57543.2743271133593    0.00  443.09        1
 GUPPI_1917-29_57543_2354 377.5239  57543.2754208683298    0.00  817.27        1
 GUPPI_1917-29_57543_2354 325.0109  57543.2754253769691    0.00  468.90        1
 GUPPI_1917-29_57544_2752 377.2650  57544.3191028185383    0.00  996.55        1
 GUPPI_1917-29_57544_2752 325.1380  57544.3191073092753    0.00  448.51        1
 GUPPI_1917-29_57544_2752 377.2650  57544.3202733308820    0.00  822.77        1
 GUPPI_1917-29_57544_2752 325.1380  57544.3202778279877    0.00  739.49        1
 GUPPI_1917-29_57544_2752 377.2650  57544.3213716043839    0.00  820.68        1
 GUPPI_1917-29_57544_2752 325.1380  57544.3213760812485    0.00  531.22        1
 GUPPI_1917-29_57571_1766 377.7420  57571.2050356676365    0.00 1194.54        1
 GUPPI_1917-29_57571_1766 324.9830  57571.2050401870399    0.00  978.51        1
 GUPPI_1917-29_57571_1766 377.7420  57571.2062062263550    0.00 1272.45        1
 GUPPI_1917-29_57571_1766 324.9830  57571.2062107606491    0.00  783.95        1
 GUPPI_1917-29_57571_1766 377.7420  57571.2073045411397    0.00  942.75        1
 GUPPI_1917-29_57571_1766 324.9830  57571.2073090798756    0.00  731.47        1
 GUPPI_1917-29_57608_1367 377.2130  57608.1587460871365    0.00  872.32        1
 GUPPI_1917-29_57608_1367 325.0620  57608.1587505599424    0.00  467.11        1
 GUPPI_1917-29_57608_1367 377.2130  57608.1596710292470    0.00 1192.29        1
 GUPPI_1917-29_57608_1367 325.0620  57608.1596755083933    0.00  446.19        1
 GUPPI_1917-29_57608_1367 377.2130  57608.1605381642009    0.00  869.34        1
 GUPPI_1917-29_57608_1367 325.0620  57608.1605426447811    0.00  509.72        1
 GUPPI_1917-29_57638_0135 377.0209  57638.0162699772227    0.00  737.04        1
 GUPPI_1917-29_57638_0135 325.0859  57638.0162744495276    0.00  359.79        1
 GUPPI_1917-29_57638_0135 377.0209  57638.0174261999004    0.00  754.28        1
 GUPPI_1917-29_57638_0135 325.0859  57638.0174306664137    0.00  403.40        1
 GUPPI_1917-29_57638_0135 377.0209  57638.0185390661390    0.00  776.59        1
 GUPPI_1917-29_57638_0135 325.0859  57638.0185435289074    0.00  473.43        1
 GUPPI_1917-29_57699_7741 373.7290  57699.8966548268623    0.00 1013.31        1
 GUPPI_1917-29_57699_7741 324.0180  57699.8966591963302    0.00  409.42        1
 GUPPI_1917-29_57699_7741 373.7290  57699.8978255227935    0.00  902.40        1
 GUPPI_1917-29_57699_7741 324.0180  57699.8978298741477    0.00  402.83        1
 GUPPI_1917-29_57699_7741 373.7290  57699.8989383749555    0.00 1167.30        1
 GUPPI_1917-29_57699_7741 324.0180  57699.8989427462198    0.00  430.11        1
 GUPPI_1917-29_57789_5852 377.2999  57789.6777675662105    0.00  795.08        1
 GUPPI_1917-29_57789_5852 325.0109  57789.6777576165257    0.00  501.16        1
 GUPPI_1917-29_57789_5852 377.2999  57789.6784756635534    0.00  772.07        1
 GUPPI_1917-29_57789_5852 325.0109  57789.6784657114081    0.00  372.44        1
 GUPPI_1917-29_57789_5852 377.2999  57789.6791115024829    0.00  903.59        1
 GUPPI_1917-29_57789_5852 325.0109  57789.6791015516188    0.00  413.15        1
 GUPPI_GBNCC113447_56902_ 377.3829  56902.1417416700077    0.00  751.36        1
 GUPPI_GBNCC113447_56902_ 324.2420  56902.1417462504997    0.00  621.54        1
 GUPPI_GBNCC113447_56902_ 377.3829  56902.1422186169258    0.00  833.15        1
 GUPPI_GBNCC113447_56902_ 324.2420  56902.1422231870319    0.00  442.49        1
 GUPPI_GBNCC113447_56902_ 377.3829  56902.1426088365948    0.00  971.47        1
 GUPPI_GBNCC113447_56902_ 324.2420  56902.1426134183200    0.00  621.42        1
 GUPPI_GBNCC113824_56902_ 377.9030  56902.1401663107777    0.00 1332.34        1
 GUPPI_GBNCC113824_56902_ 325.1319  56902.1401708183328    0.00  670.87        1
 GUPPI_GBNCC113824_56902_ 377.9030  56902.1406287745250    0.00 1436.58        1
 GUPPI_GBNCC113824_56902_ 325.1319  56902.1406332987852    0.00  810.16        1
 GUPPI_GBNCC113824_56902_ 377.9030  56902.1410912692692    0.00 1002.81        1
 GUPPI_GBNCC113824_56902_ 325.1319  56902.1410957894931    0.00  683.40        1
