MODE 1
EFACS 0.82343395727890645
1                350.012 57216.0038175899320   884.52
1                350.012 57453.5203091839841   507.67
1                350.012 57472.4400336684730   574.69
1                350.012 57479.4458505300312   919.38
1                350.012 57506.4698894157164   517.33
1                350.012 57540.3723148746330   235.82
1                350.012 57570.2890607189745   391.29
1                350.012 57606.2159576789749   511.36
1                350.012 57636.3263868141315   154.42
1                350.012 57637.1539064153800   375.33
1                350.012 57875.6548214788036   460.59
