MODE 1
TIME +0.00002048
1                915.359 56365.7479279120712  529.866                 0.00000
1                915.359 56365.7484514744535  860.885                 0.00000
1                915.359 56365.7496156313434  1072.883                 0.00000
1                915.359 56365.7500358255403  410.105                 0.00000
1                915.359 56365.7504973761772  807.152                 0.00000
1                894.944 56406.5869736135557  1038.031                 0.00000
1                845.048 56406.5869739762152  541.650                 0.00000
1                794.944 56406.5869744390585  496.555                 0.00000
1                745.048 56406.5869750033445  534.419                 0.00000
1                894.944 56406.5876693464500  1061.250                 0.00000
1                845.048 56406.5876697247482  623.987                 0.00000
1                794.944 56406.5876701970745  1058.558                 0.00000
1                745.048 56406.5876707275361  892.768                 0.00000
1                894.944 56406.5883719509544  771.421                 0.00000
1                845.048 56406.5883723422914  563.978                 0.00000
1                794.944 56406.5883728150548  567.182                 0.00000
1                745.048 56406.5883733681241  431.950                 0.00000
1                894.944 56406.5890676772657  753.605                 0.00000
1                845.048 56406.5890680871566  658.878                 0.00000
1                794.944 56406.5890685592454  775.112                 0.00000
1                745.048 56406.5890691126138  406.932                 0.00000
1                894.944 56406.5895361194861  1913.201                 0.00000
1                845.048 56406.5895364998248  1125.057                 0.00000
1                794.944 56406.5895369585291  656.849                 0.00000
1                745.048 56406.5895375415869  573.882                 0.00000
1                915.360 56426.5434353673046  971.896                 0.00000
1                845.360 56426.5434290122793  518.215                 0.00000
1                794.944 56426.5434294625769  543.906                 0.00000
1                746.851 56426.5434300050559  520.128                 0.00000
1                915.360 56426.5441311039924  765.052                 0.00000
1                845.360 56426.5441247473210  621.419                 0.00000
1                794.944 56426.5441252127459  578.841                 0.00000
1                746.851 56426.5441257541972  394.879                 0.00000
1                915.360 56426.5448337328961  1106.542                 0.00000
1                845.360 56426.5448273851936  713.161                 0.00000
1                794.944 56426.5448278342509  671.087                 0.00000
1                746.851 56426.5448283804208  573.672                 0.00000
1                915.360 56426.5455639283127  955.201                 0.00000
1                845.361 56426.5455575570230  564.336                 0.00000
1                794.944 56426.5455580279131  468.301                 0.00000
1                746.851 56426.5455585635672  430.883                 0.00000
C 1                915.360 56426.5459961638008  1810.259                 0.00000
1                845.361 56426.5459915318446  926.003                 0.00000
1                794.944 56426.5459919959913  943.657                 0.00000
1                746.851 56426.5459925377238  660.209                 0.00000
1                915.360 56451.4580852512522  493.531                 0.00000
1                844.825 56451.4580857737355  452.867                 0.00000
1                794.006 56451.4580862471216  469.151                 0.00000
1                745.048 56451.4580868017912  502.703                 0.00000
1                915.360 56451.4587810044497  538.766                 0.00000
1                844.825 56451.4587815188571  618.395                 0.00000
1                794.006 56451.4587819945823  528.789                 0.00000
1                745.048 56451.4587825315005  512.284                 0.00000
1                915.360 56451.4594767241910  1085.394                 0.00000
1                844.825 56451.4594772671995  675.937                 0.00000
1                794.006 56451.4594777410735  563.187                 0.00000
1                745.048 56451.4594782906300  486.664                 0.00000
1                915.360 56451.4601793820532  1069.901                 0.00000
1                844.825 56451.4601798902969  525.102                 0.00000
1                794.006 56451.4601803730760  467.858                 0.00000
1                745.048 56451.4601809225692  511.029                 0.00000
1                915.360 56451.4606478260247  1515.700                 0.00000
1                844.825 56451.4606483407062  658.149                 0.00000
1                794.006 56451.4606488111770  555.906                 0.00000
1                745.048 56451.4606493674088  739.107                 0.00000
1                903.435 56472.3827721975547  979.412                 0.00000
1                845.048 56472.3827726397881  1055.098                 0.00000
1                795.205 56472.3827731128386  551.831                 0.00000
1                748.247 56472.3827667494785  366.187                 0.00000
1                903.435 56472.3832888643486  654.128                 0.00000
1                845.048 56472.3832893099653  532.907                 0.00000
1                795.205 56472.3832897658737  340.766                 0.00000
1                748.247 56472.3832833983127  476.358                 0.00000
1                903.435 56472.3839914829575  627.458                 0.00000
1                845.048 56472.3839919594427  585.549                 0.00000
1                795.205 56472.3839924030203  391.117                 0.00000
1                748.247 56472.3839860360520  355.148                 0.00000
1                903.435 56472.3846872428840  920.443                 0.00000
1                845.048 56472.3846876974183  539.696                 0.00000
1                795.205 56472.3846881582606  332.677                 0.00000
1                748.247 56472.3846817984968  340.351                 0.00000
1                903.435 56472.3851556880010  823.443                 0.00000
1                845.048 56472.3851561236683  896.572                 0.00000
1                795.205 56472.3851565900753  595.020                 0.00000
1                748.247 56472.3851502051840  740.924                 0.00000
1                893.485 56494.3893315200681  985.675                 0.00000
1                845.048 56494.3893318652231  551.379                 0.00000
1                795.205 56494.3893254217672  487.941                 0.00000
1                746.017 56494.3893259851641  481.584                 0.00000
C 1                893.485 56494.3900272590972  1264.490                 0.00000
1                845.048 56494.3900276260843  676.705                 0.00000
1                795.205 56494.3900211980003  354.302                 0.00000
1                746.017 56494.3900217548952  450.695                 0.00000
1                893.485 56494.3907299094441  711.799                 0.00000
1                845.048 56494.3907302901270  456.526                 0.00000
1                795.205 56494.3907238607383  378.753                 0.00000
1                746.017 56494.3907244045316  371.026                 0.00000
1                893.485 56494.3914256783785  734.116                 0.00000
1                845.048 56494.3914260508451  569.155                 0.00000
1                795.205 56494.3914196142504  557.727                 0.00000
1                746.017 56494.3914201775987  390.810                 0.00000
C 1                893.486 56494.3918940203494  1005.773                 0.00000
1                845.048 56494.3918944932186  963.341                 0.00000
1                795.205 56494.3918880693902  761.445                 0.00000
1                746.017 56494.3918886274672  1386.089                 0.00000
1                894.046 56520.2145387222748  555.894                 0.00000
1                845.048 56520.2145391017340  495.140                 0.00000
1                795.205 56520.2145395681215  630.810                 0.00000
1                746.653 56520.2145400928513  574.624                 0.00000
1                894.046 56520.2152344969778  844.637                 0.00000
1                845.048 56520.2152348748751  527.740                 0.00000
1                795.205 56520.2152353391319  459.811                 0.00000
1                746.653 56520.2152358823949  480.311                 0.00000
1                894.046 56520.2159371592696  1052.084                 0.00000
1                845.048 56520.2159375516056  710.036                 0.00000
1                795.205 56520.2159380085538  697.658                 0.00000
1                746.653 56520.2159385516394  627.024                 0.00000
1                894.046 56520.2165778674553  987.530                 0.00000
1                845.048 56520.2165782201509  787.350                 0.00000
1                795.205 56520.2165786871569  1707.630                 0.00000
1                746.653 56520.2165792151598  562.336                 0.00000
1                821.173 56537.2422266076604  236.970                 0.00000
1                821.173 56537.2428672795486  237.998                 0.00000
1                821.173 56537.2435630661166  260.228                 0.00000
1                821.173 56537.2439695039993  780.048                 0.00000
1                820.777 56538.2264482541835  236.035                 0.00000
1                820.777 56538.2270269249542  234.806                 0.00000
1                820.777 56538.2277296040192  234.241                 0.00000
1                820.777 56538.2281291637496  515.449                 0.00000
1                894.046 56538.2975075620157  673.614                 0.00000
1                845.048 56538.2975079547082  620.597                 0.00000
1                795.205 56538.2975084000286  468.627                 0.00000
1                746.017 56538.2975089534845  399.115                 0.00000
1                894.046 56538.2981482277195  531.253                 0.00000
1                845.048 56538.2981486237707  519.261                 0.00000
1                795.205 56538.2981490792559  375.529                 0.00000
1                746.017 56538.2981496304554  348.729                 0.00000
1                894.046 56538.2987889191801  992.522                 0.00000
1                845.048 56538.2987892941135  647.548                 0.00000
1                795.205 56538.2987897579054  453.286                 0.00000
1                746.017 56538.2987903006903  436.467                 0.00000
1                818.189 56539.2147281284758  448.109                 0.00000
1                818.189 56539.2153619192316  258.366                 0.00000
1                818.189 56539.2160645935829  241.088                 0.00000
1                818.189 56539.2164710509136  823.794                 0.00000
1                822.146 56543.2154702313313  275.202                 0.00000
1                822.146 56543.2161660308182  259.512                 0.00000
1                822.146 56543.2168687034617  199.151                 0.00000
1                822.146 56543.2172682674287  549.614                 0.00000
1                894.046 56546.2199866724322  594.662                 0.00000
1                845.048 56546.2199870504927  496.165                 0.00000
1                795.205 56546.2199875039587  483.741                 0.00000
1                747.632 56546.2199880366207  346.862                 0.00000
1                894.046 56546.2206893573691  614.886                 0.00000
1                845.048 56546.2206897158298  468.342                 0.00000
1                795.205 56546.2206901853004  442.706                 0.00000
1                747.632 56546.2206907173778  492.593                 0.00000
1                894.046 56546.2213851415439  746.373                 0.00000
1                845.048 56546.2213855187174  768.644                 0.00000
1                795.205 56546.2213859790931  439.737                 0.00000
1                747.632 56546.2213865043870  418.433                 0.00000
C 1                894.046 56546.2217884511702  1048.870                 0.00000
1                845.048 56546.2217919629418  650.207                 0.00000
1                795.205 56546.2217924330401  719.997                 0.00000
1                747.632 56546.2217929540797  757.000                 0.00000
1                894.046 56551.1705834726193  819.356                 0.00000
1                845.048 56551.1705769409985  567.663                 0.00000
1                795.205 56551.1705774130930  560.391                 0.00000
1                747.632 56551.1705779424856  429.914                 0.00000
1                894.046 56551.1712861457729  905.556                 0.00000
1                845.048 56551.1712796420728  670.611                 0.00000
1                795.205 56551.1712800989921  708.551                 0.00000
1                747.632 56551.1712806199952  476.476                 0.00000
1                894.046 56551.1719819491331  663.429                 0.00000
1                845.048 56551.1719754373812  765.546                 0.00000
1                795.205 56551.1719758839371  775.273                 0.00000
1                747.632 56551.1719764130517  459.694                 0.00000
1                894.046 56551.1726295107044  858.146                 0.00000
1                845.048 56551.1726230022007  1147.076                 0.00000
1                795.205 56551.1726234416279  1437.244                 0.00000
1                747.632 56551.1726239823550  597.990                 0.00000
1                894.046 56555.1865763381656  622.637                 0.00000
1                845.048 56555.1865766975769  604.333                 0.00000
1                795.205 56555.1865771678665  610.883                 0.00000
1                746.017 56555.1865777163400  565.496                 0.00000
1                894.046 56555.1872170020294  802.195                 0.00000
1                845.048 56555.1872173698768  518.523                 0.00000
1                795.205 56555.1872178734881  861.875                 0.00000
1                746.017 56555.1872183951830  408.814                 0.00000
1                894.046 56555.1879059153626  718.047                 0.00000
1                845.048 56555.1879062964472  585.461                 0.00000
1                795.205 56555.1879067596412  465.990                 0.00000
1                746.017 56555.1879072975998  395.019                 0.00000
1                894.046 56555.1883123355414  1565.499                 0.00000
1                845.048 56555.1883127399803  965.286                 0.00000
1                795.205 56555.1883132016506  1229.975                 0.00000
1                746.017 56555.1883137578286  815.443                 0.00000
1                896.706 56586.1438886506220  722.067                 0.00000
1                845.048 56586.1438890493652  599.894                 0.00000
1                794.203 56586.1438895157946  696.685                 0.00000
1                746.017 56586.1438900493260  504.348                 0.00000
C 1                896.706 56586.1444398643641  1169.486                 0.00000
1                845.048 56586.1444401680240  488.041                 0.00000
1                794.203 56586.1444406522023  508.676                 0.00000
1                746.017 56586.1444411827328  517.570                 0.00000
1                896.706 56586.1451700260424  570.511                 0.00000
1                845.048 56586.1451704232615  510.129                 0.00000
1                794.203 56586.1451708888558  493.925                 0.00000
1                746.017 56586.1451714309851  419.638                 0.00000
1                896.706 56586.1458107251054  723.327                 0.00000
1                845.048 56586.1458110975733  626.984                 0.00000
1                794.203 56586.1458115690107  520.111                 0.00000
1                746.017 56586.1458121105761  610.932                 0.00000
1                893.692 56608.0461490128612  796.585                 0.00000
1                845.048 56608.0461493910086  482.566                 0.00000
1                795.110 56608.0461498606009  384.717                 0.00000
1                746.017 56608.0461435039846  421.577                 0.00000
1                893.692 56608.0468516981642  827.554                 0.00000
1                845.048 56608.0468520752950  457.791                 0.00000
1                795.110 56608.0468525421515  424.348                 0.00000
1                746.017 56608.0468462029947  483.945                 0.00000
1                893.692 56608.0475612754005  1122.618                 0.00000
1                845.048 56608.0475616450786  671.746                 0.00000
1                795.110 56608.0475621214245  556.626                 0.00000
1                746.017 56608.0475557803656  576.301                 0.00000
1                893.692 56608.0481950738607  689.848                 0.00000
1                845.048 56608.0481954570594  480.859                 0.00000
1                795.110 56608.0481959075617  812.213                 0.00000
1                746.017 56608.0481895734343  389.968                 0.00000
1                813.455 56670.8766303645782  550.713                 0.00000
1                813.455 56670.8773054758732  407.812                 0.00000
1                813.455 56670.8779668069291  548.137                 0.00000
1                813.455 56670.8785523612752  547.802                 0.00000
TIME -0.00002048
JUMP
t                119.535 56437.2850787448900  1042.289                 0.00000
t                139.875 56437.2850787490684  1301.127                 0.00000
t                158.684 56437.2850772240216  2004.719                 0.00000
C t                178.419 56437.2850742507748  2034.780                 0.00000
JUMP
