 GUPPI_C1929+66_56872_8    349.502  56872.9360321371151    0.00  433.09        1
C GUPPI_GBNCC06139_55178    349.932  55178.9606024597733    0.00  490.25        1
C GUPPI_GBNCC06283_55178    349.813  55178.9539695285596    0.00  811.34        1
C GUPPI_GBNCC06372_55179    349.752  55179.8668344968929    0.00  656.34        1
C GUPPI_GBNCC06516_55179    349.710  55179.8634667444563    0.00  630.81        1
 GUPPI_J1929+66_5_57071    813.995  57071.2734478581721    0.00  340.44        1
 GUPPI_J1929+66_57130_2    865.340  57130.3103320372753    0.00  298.03        1
 GUPPI_J1929+66_57130_2    769.551  57130.3103330497197    0.00  276.89        1
 GUPPI_J1929+66_57130_2    865.430  57130.3120205488606    0.00  339.24        1
 GUPPI_J1929+66_57130_2    769.552  57130.3120215660037    0.00  277.89        1
 GUPPI_J1929+66_57163_1    865.816  57163.2314487312383    0.00  279.96        1
 GUPPI_J1929+66_57163_1    768.512  57163.2314497620462    0.00  390.55        1
 GUPPI_J1929+66_57163_1    865.591  57163.2327827429001    0.00  299.85        1
 GUPPI_J1929+66_57163_1    768.504  57163.2327837763562    0.00  342.55        1
 GUPPI_J1929+66_57193_1    865.872  57193.2138110787211    0.00  398.07        1
 GUPPI_J1929+66_57193_1    768.632  57193.2138121128902    0.00  328.93        1
 GUPPI_J1929+66_57193_1    866.129  57193.2154902609478    0.00  379.12        1
 GUPPI_J1929+66_57193_1    768.766  57193.2154912843039    0.00  424.97        1
 GUPPI_J1929+66_57223_0    813.597  57223.0257929218375    0.00  308.26        1
 GUPPI_J1929+66_57248_8    814.371  57248.9930223085559    0.00  488.28        1
 GUPPI_J1929+66_57278_7    814.216  57278.8489101405946    0.00  456.68        1
 GUPPI_J1929+66_57289_1    811.579  57289.2130216671253    0.00  281.21        1
 GUPPI_J1929+66_57290_1    866.221  57290.2022837384670    0.00  393.78        1
 GUPPI_J1929+66_57290_1    769.686  57290.2022847648841    0.00  363.15        1
 GUPPI_J1929+66_57292_1    866.468  57292.2050927988740    0.00  315.08        1
 GUPPI_J1929+66_57292_1    769.608  57292.2050938205474    0.00  402.90        1
 GUPPI_J1929+66_57293_1    814.998  57293.2087418147351    0.00  294.28        1
 GUPPI_J1929+66_57297_1    815.753  57297.1987661600099    0.00  262.58        1
 GUPPI_J1929+66_57307_1    816.890  57307.1706920968538    0.00  346.29        1
 GUPPI_J1929+66_57307_6    816.091  57307.7757941816816    0.00  381.11        1
 GUPPI_J1929+66_57340_5    814.998  57340.6947121186946    0.00  369.87        1
 GUPPI_J1929+66_57369_5    865.810  57369.6627205594118    0.00  442.51        1
 GUPPI_J1929+66_57369_5    771.547  57369.6627215523001    0.00  259.06        1
 GUPPI_J1929+66_57399_5    866.398  57399.6424518242844    0.00  367.72        1
 GUPPI_J1929+66_57399_5    766.738  57399.6424528839224    0.00  301.91        1
