MODE 1
TIME +0.00002048
1                886.194 56365.7623345762863  2293.706                 0.00000
1                845.048 56365.7623350891084  1299.989                 0.00000
1                794.944 56365.7623357273807  1258.936                 0.00000
1                745.048 56365.7623364643878  2078.121                 0.00000
1                886.194 56365.7632097137460  1511.877                 0.00000
1                845.048 56365.7632101080188  1038.808                 0.00000
1                794.944 56365.7632107577912  1929.492                 0.00000
1                745.048 56365.7632115258779  1182.721                 0.00000
1                886.194 56365.7640846467797  1640.843                 0.00000
1                845.048 56365.7640851236468  1081.378                 0.00000
1                794.944 56365.7640857319226  1223.076                 0.00000
1                745.048 56365.7640864962778  1692.600                 0.00000
1                894.687 56406.6014444542513  1385.855                 0.00000
1                845.048 56406.6014449934221  1376.145                 0.00000
1                795.048 56406.6014455972456  941.591                 0.00000
1                745.048 56406.6014463924362  1359.048                 0.00000
1                894.687 56406.6025563347756  1134.314                 0.00000
1                845.048 56406.6025568509790  1212.376                 0.00000
1                795.048 56406.6025574516387  834.413                 0.00000
1                745.048 56406.6025582142324  761.580                 0.00000
1                894.687 56406.6033721010117  1041.176                 0.00000
1                845.048 56406.6033725801754  1663.973                 0.00000
1                795.048 56406.6033732847088  1358.887                 0.00000
1                745.048 56406.6033740168849  1112.761                 0.00000
1                915.359 56426.5577161608886  1230.156                 0.00000
1                915.359 56426.5585911716178  1008.259                 0.00000
1                915.359 56426.5594661373467  1081.256                 0.00000
1                915.360 56451.4724974396677  1669.191                 0.00000
1                844.825 56451.4724981296053  1135.258                 0.00000
1                794.527 56451.4724987467419  1158.183                 0.00000
1                745.048 56451.4724995112151  1139.240                 0.00000
1                915.360 56451.4733724408312  1535.538                 0.00000
1                844.825 56451.4733731895562  2182.678                 0.00000
1                794.527 56451.4733737703530  1967.388                 0.00000
1                745.048 56451.4733745365380  1178.456                 0.00000
1                915.360 56451.4742474606858  1965.496                 0.00000
1                844.825 56451.4742481733792  2412.552                 0.00000
1                794.527 56451.4742487936988  1247.582                 0.00000
1                745.048 56451.4742495316186  1339.928                 0.00000
1                896.460 56472.3972960316691  1779.814                 0.00000
1                845.569 56472.3972965866278  2398.263                 0.00000
1                794.689 56472.3972906330122  1077.214                 0.00000
1                746.653 56472.3972913869041  1099.163                 0.00000
1                896.460 56472.3981710470239  1912.596                 0.00000
1                845.569 56472.3981650490890  1595.736                 0.00000
1                794.689 56472.3981656345153  974.617                 0.00000
1                746.653 56472.3981663953879  1173.445                 0.00000
1                896.460 56472.3990460407810  1569.655                 0.00000
1                845.569 56472.3990400798606  1201.122                 0.00000
1                794.689 56472.3990406682936  979.704                 0.00000
1                746.653 56472.3990414261814  1410.101                 0.00000
1                894.046 56494.4034972184844  1558.730                 0.00000
1                845.048 56494.4034977629748  2023.306                 0.00000
1                795.205 56494.4034983301729  1966.163                 0.00000
1                746.017 56494.4034991035553  2530.732                 0.00000
C 1                894.046 56494.4043747318335  2209.075                 0.00000
1                845.048 56494.4043728346382  2214.782                 0.00000
1                795.205 56494.4043733472361  1493.369                 0.00000
1                746.017 56494.4043741438130  2142.688                 0.00000
1                894.046 56494.4052472164611  1329.314                 0.00000
1                845.048 56494.4052477882291  2375.300                 0.00000
1                795.205 56494.4052483801210  2841.490                 0.00000
1                746.017 56494.4052492143809  2016.593                 0.00000
1                894.738 56520.2276339804618  1146.688                 0.00000
1                845.048 56520.2276344904183  880.067                 0.00000
1                795.205 56520.2276351180102  1141.234                 0.00000
1                746.017 56520.2276358534729  2046.542                 0.00000
1                894.738 56520.2285682229069  1270.821                 0.00000
1                845.048 56520.2285687545099  1002.533                 0.00000
1                795.205 56520.2285693613732  1718.085                 0.00000
1                746.017 56520.2285701222800  1837.583                 0.00000
1                894.738 56520.2294301058000  1242.137                 0.00000
1                845.048 56520.2294306430817  1109.513                 0.00000
1                795.205 56520.2294312287187  1200.790                 0.00000
1                746.017 56520.2294319857206  1331.148                 0.00000
1                894.046 56537.2530839585784  1963.825                 0.00000
1                845.048 56537.2530778450569  1084.905                 0.00000
1                795.205 56537.2530784829774  1844.109                 0.00000
1                748.247 56537.2530791674091  1084.348                 0.00000
1                894.046 56537.2538405188240  2082.009                 0.00000
1                845.048 56537.2538344588480  1370.494                 0.00000
1                795.205 56537.2538350676799  1032.795                 0.00000
1                748.247 56537.2538357601661  1451.343                 0.00000
1                894.046 56537.2545444806432  1539.545                 0.00000
1                845.048 56537.2545384550950  1958.687                 0.00000
1                795.205 56537.2545390855768  1157.172                 0.00000
1                748.247 56537.2545397617741  5228.274                 0.00000
1                894.046 56538.2372496244336  2114.810                 0.00000
1                845.569 56538.2372501027431  1384.625                 0.00000
1                794.689 56538.2372507378673  1716.130                 0.00000
1                746.017 56538.2372514863101  2017.536                 0.00000
1                894.046 56538.2380061721686  1799.960                 0.00000
1                845.569 56538.2380067840888  1339.285                 0.00000
1                794.689 56538.2380073966650  1514.705                 0.00000
1                746.017 56538.2380080993456  1955.739                 0.00000
1                894.046 56538.2387628646286  1471.046                 0.00000
1                845.569 56538.2387633574647  1375.207                 0.00000
1                794.689 56538.2387639977176  1621.289                 0.00000
1                746.017 56538.2387647892164  1520.191                 0.00000
1                906.571 56539.2255408478154  2611.547                 0.00000
1                842.524 56539.2255415584796  1528.038                 0.00000
1                795.205 56539.2255421282797  1072.932                 0.00000
1                746.017 56539.2255428313743  3267.526                 0.00000
1                906.571 56539.2262974746493  1567.074                 0.00000
1                842.524 56539.2262981739767  1716.495                 0.00000
1                795.205 56539.2262987290913  1451.918                 0.00000
1                746.017 56539.2262994713485  963.291                 0.00000
1                906.571 56539.2270014715857  2410.111                 0.00000
1                842.524 56539.2270021302540  1104.396                 0.00000
1                795.205 56539.2270027154509  1063.587                 0.00000
1                746.017 56539.2270034590478  1925.019                 0.00000
1                828.367 56539.2857617973744  984.778                 0.00000
1                828.367 56539.2863999595058  769.647                 0.00000
1                828.367 56539.2869855073158  1236.303                 0.00000
1                893.486 56543.2234899714715  1660.138                 0.00000
1                845.048 56543.2234904657636  1088.734                 0.00000
1                795.205 56543.2234911007460  2209.058                 0.00000
1                746.597 56543.2234918463860  1426.521                 0.00000
1                893.485 56543.2243255144142  1202.875                 0.00000
1                845.048 56543.2243259922577  1428.088                 0.00000
1                795.205 56543.2243266780138  1660.483                 0.00000
1                746.597 56543.2243274132982  1302.885                 0.00000
1                893.486 56543.2249506389157  1405.293                 0.00000
1                845.048 56543.2249510143557  1801.856                 0.00000
1                795.205 56543.2249517328927  1958.526                 0.00000
1                746.597 56543.2249523933937  1602.833                 0.00000
1                900.359 56546.2313026127767  1957.704                 0.00000
1                845.048 56546.2313031827261  1707.225                 0.00000
1                795.205 56546.2313038124322  1405.182                 0.00000
1                748.614 56546.2312979836325  1600.386                 0.00000
1                900.359 56546.2320592821426  2183.427                 0.00000
1                845.048 56546.2320597890466  1969.265                 0.00000
1                795.205 56546.2320604432281  1369.335                 0.00000
1                748.614 56546.2320545478841  1712.337                 0.00000
1                900.359 56546.2327632206500  1809.168                 0.00000
1                845.048 56546.2327638343626  2087.048                 0.00000
1                795.205 56546.2327644140405  1393.010                 0.00000
1                748.614 56546.2327585799272  3974.111                 0.00000
1                896.460 56551.1837904766020  1335.030                 0.00000
1                845.048 56551.1837909367342  1389.484                 0.00000
1                795.111 56551.1837916136667  1410.307                 0.00000
1                746.653 56551.1837923221813  1053.870                 0.00000
1                896.460 56551.1847246730994  1939.507                 0.00000
1                845.048 56551.1847251870324  2304.883                 0.00000
1                795.111 56551.1847258754169  1069.641                 0.00000
1                746.653 56551.1847266182922  1610.592                 0.00000
1                896.460 56551.1855996462217  2218.320                 0.00000
1                845.048 56551.1856002851497  1769.957                 0.00000
1                795.111 56551.1856009023900  1899.359                 0.00000
1                746.653 56551.1856017038582  1845.470                 0.00000
1                894.046 56555.1976705612004  2402.762                 0.00000
1                845.048 56555.1976710113494  1769.743                 0.00000
1                795.205 56555.1976716665317  2755.041                 0.00000
1                746.017 56555.1976723960536  2446.498                 0.00000
1                894.046 56555.1984402006367  1406.941                 0.00000
1                845.048 56555.1984407706227  2798.597                 0.00000
1                795.205 56555.1984413910776  1483.648                 0.00000
1                746.017 56555.1984421433312  900.290                 0.00000
1                894.046 56555.1991376737872  4281.649                 0.00000
1                845.048 56555.1991381641462  2124.904                 0.00000
1                795.205 56555.1991387962137  2724.242                 0.00000
1                746.017 56555.1991394745314  3221.805                 0.00000
1                895.701 56586.1567185340708  2530.523                 0.00000
1                845.048 56586.1567190993973  1096.924                 0.00000
1                795.205 56586.1567196925887  1563.597                 0.00000
1                748.614 56586.1567204430300  3185.897                 0.00000
1                895.701 56586.1575869920800  1466.168                 0.00000
1                845.048 56586.1575875436510  1170.849                 0.00000
1                795.205 56586.1575881767869  1287.467                 0.00000
1                748.614 56586.1575888674339  2680.938                 0.00000
1                895.701 56586.1584028362344  1821.180                 0.00000
C 1                845.048 56586.1584057738465  1826.398                 0.00000
1                795.205 56586.1584040155882  1120.680                 0.00000
1                748.614 56586.1584047059718  2177.425                 0.00000
1                815.655 56608.0593754277678  1324.154                 0.00000
1                815.655 56608.0603097073678  932.723                 0.00000
1                815.655 56608.0611782255991  1211.824                 0.00000
1                815.832 56670.8896069540353  1254.169                 0.00000
1                815.832 56670.8907714898201  1217.523                 0.00000
1                815.832 56670.8915873104453  1036.237                 0.00000
TIME -0.00002048
