MODE 1
TIME +0.000004096
1                387.477 56176.2491646125705   63.812                 0.00000
1                362.520 56176.2491644299731   39.682                 0.00000
1                337.511 56176.2491644261924   50.960                 0.00000
1                312.505 56176.2491644869795   48.404                 0.00000
C 1                387.477 56176.2498641618557  127.402                 0.00000
1                362.520 56176.2498640521027   44.808                 0.00000
1                337.511 56176.2498640493887   33.920                 0.00000
1                312.505 56176.2498641087150   39.958                 0.00000
1                387.477 56176.2505630846453   56.092                 0.00000
1                362.520 56176.2505629016778   53.758                 0.00000
1                337.511 56176.2505628987498   75.179                 0.00000
1                312.505 56176.2505629583450   33.053                 0.00000
1                387.477 56176.2512621918230   47.309                 0.00000
1                362.520 56176.2512620084032   30.525                 0.00000
1                337.511 56176.2512620051727   33.600                 0.00000
1                312.505 56176.2512620658004   38.060                 0.00000
1                387.477 56176.2519030596150   46.260                 0.00000
1                362.520 56176.2519028783485   42.342                 0.00000
1                337.511 56176.2519028741924   37.942                 0.00000
1                312.505 56176.2519029351566   41.064                 0.00000
TIME -0.000004096
TIME +0.000002048
1                819.961 56328.8776891133829   29.935                 0.00000
1                819.961 56328.8783882179631   29.902                 0.00000
1                819.961 56328.8788543743550   41.542                 0.00000
1                895.005 56332.7684300463150   28.470                 0.00000
1                845.048 56332.7684300893516   21.025                 0.00000
1                795.048 56332.7684299345856   28.056                 0.00000
1                745.048 56332.7684301114588   26.736                 0.00000
1                895.005 56332.7691293226962   48.255                 0.00000
1                845.048 56332.7691293665117   29.081                 0.00000
1                795.048 56332.7691292108308   39.736                 0.00000
1                745.048 56332.7691293885061   31.380                 0.00000
1                895.005 56332.7698283416360   38.426                 0.00000
1                845.048 56332.7698283854347   23.710                 0.00000
1                795.048 56332.7698282302294   30.623                 0.00000
1                745.048 56332.7698284077811   32.729                 0.00000
C 1                895.005 56332.7702363188463   44.875                 0.00000
C 1                845.048 56332.7702363607822   56.120                 0.00000
C 1                795.048 56332.7702362105418   52.156                 0.00000
C 1                745.048 56332.7702361570492   74.242                 0.00000
1                895.005 56348.8413116771985   47.065                 0.00000
1                845.048 56348.8413117198238   52.455                 0.00000
1                795.048 56348.8413115646913   33.236                 0.00000
1                745.048 56348.8413117418810   36.727                 0.00000
1                895.005 56348.8420108053430   30.310                 0.00000
1                845.048 56348.8420108470651   31.691                 0.00000
1                795.048 56348.8420106928232   33.438                 0.00000
1                745.048 56348.8420108697541   30.362                 0.00000
1                895.005 56348.8427099329207   26.960                 0.00000
1                845.048 56348.8427099753921   38.595                 0.00000
1                795.048 56348.8427098189976   28.825                 0.00000
1                745.048 56348.8427099972571   23.010                 0.00000
C 1                895.005 56348.8431178065732   95.339                 0.00000
1                845.048 56348.8431179091173  144.898                 0.00000
1                795.048 56348.8431177541319   63.446                 0.00000
1                745.048 56348.8431179304527   65.343                 0.00000
1                894.878 56365.8075276076112   31.563                 0.00000
1                845.048 56365.8075276497825   24.797                 0.00000
1                795.048 56365.8075274935768   24.335                 0.00000
1                745.049 56365.8075276717523   28.052                 0.00000
1                894.878 56365.8082266839046   34.431                 0.00000
1                845.048 56365.8082267273146   23.170                 0.00000
1                795.048 56365.8082265711247   18.968                 0.00000
1                745.049 56365.8082267485049   34.177                 0.00000
1                894.878 56365.8089257615852   21.522                 0.00000
1                845.048 56365.8089258041708   21.752                 0.00000
1                795.048 56365.8089256484496   24.423                 0.00000
1                745.049 56365.8089258258852   41.279                 0.00000
1                894.878 56365.8093334056480   31.214                 0.00000
1                845.048 56365.8093334498304   39.503                 0.00000
1                795.048 56365.8093332960018   70.002                 0.00000
1                745.049 56365.8093334696284   53.874                 0.00000
1                894.847 56389.6742979877645   18.225                 0.00000
1                845.026 56389.6742980296597   33.806                 0.00000
1                795.048 56389.6742978748996   23.281                 0.00000
1                745.050 56389.6742980522383   17.724                 0.00000
1                894.847 56389.6749972649134   15.502                 0.00000
1                845.026 56389.6749973082211   17.978                 0.00000
1                795.048 56389.6749971526647   18.478                 0.00000
1                745.050 56389.6749973295349   37.651                 0.00000
1                894.847 56389.6756962855391   21.171                 0.00000
1                845.026 56389.6756963276772   21.537                 0.00000
1                795.048 56389.6756961722583   35.571                 0.00000
1                745.050 56389.6756963496557   26.510                 0.00000
1                894.847 56389.6761040042521   31.014                 0.00000
C 1                845.026 56389.6761038890397  102.662                 0.00000
C 1                795.048 56389.6761038574057   75.738                 0.00000
1                745.050 56389.6761040706435   39.121                 0.00000
1                819.887 56406.6472029018067   26.213                 0.00000
1                819.887 56406.6479021778773   30.673                 0.00000
1                819.887 56406.6486011994536   46.748                 0.00000
C 1                819.887 56406.6490091685569   56.401                 0.00000
1                894.995 56426.6030252222430   23.290                 0.00000
1                845.024 56426.6030252658834   23.786                 0.00000
1                795.048 56426.6030251112908   41.495                 0.00000
1                745.048 56426.6030252882174   21.068                 0.00000
1                894.995 56426.6037244841974   24.315                 0.00000
1                845.024 56426.6037245278802   25.122                 0.00000
1                795.048 56426.6037243719924   45.601                 0.00000
1                745.048 56426.6037245496815   22.718                 0.00000
1                894.995 56426.6044229734620   28.961                 0.00000
1                845.024 56426.6044230169983   24.246                 0.00000
1                795.048 56426.6044228613245   19.895                 0.00000
1                745.048 56426.6044230385740   21.736                 0.00000
C 1                894.995 56426.6048308256495   68.509                 0.00000
C 1                845.024 56426.6048309060647   83.906                 0.00000
C 1                795.048 56426.6048308284767   32.440                 0.00000
C 1                745.048 56426.6048309328286   62.296                 0.00000
1                895.824 56451.5184418460424   27.404                 0.00000
1                844.698 56451.5184418967536   34.390                 0.00000
1                795.048 56451.5184417389958   21.689                 0.00000
1                745.048 56451.5184419157964   32.096                 0.00000
1                895.824 56451.5191411563798   37.601                 0.00000
1                844.698 56451.5191412052830   37.065                 0.00000
1                795.048 56451.5191410487248   34.210                 0.00000
1                745.048 56451.5191412257860   26.336                 0.00000
1                895.824 56451.5198402083901   25.276                 0.00000
1                844.698 56451.5198402589622   22.714                 0.00000
1                795.048 56451.5198401011441   22.529                 0.00000
1                745.048 56451.5198402780867   21.247                 0.00000
1                895.824 56451.5202476893088   91.685                 0.00000
C 1                844.698 56451.5202476861590  110.482                 0.00000
C 1                795.048 56451.5202477153013   74.033                 0.00000
1                745.048 56451.5202477585386   63.492                 0.00000
1                819.980 56472.4437884610742   19.676                 0.00000
1                819.980 56472.4444877897055   33.701                 0.00000
1                819.980 56472.4451868601387   22.296                 0.00000
1                819.980 56472.4455947598045   94.445                 0.00000
1                895.279 56494.4496339457045   22.426                 0.00000
1                845.048 56494.4496339909760   19.957                 0.00000
1                795.048 56494.4496338353664   15.913                 0.00000
1                745.048 56494.4496340120633   27.740                 0.00000
1                895.279 56494.4503330545163   51.101                 0.00000
1                845.048 56494.4503330990165   16.453                 0.00000
1                795.048 56494.4503329431013   22.637                 0.00000
1                745.048 56494.4503331203109   25.235                 0.00000
1                895.279 56494.4510321617503   42.753                 0.00000
1                845.048 56494.4510322071202   18.207                 0.00000
1                795.048 56494.4510320508751   24.027                 0.00000
1                745.048 56494.4510322281393   26.990                 0.00000
C 1                895.279 56494.4514398389761   72.428                 0.00000
1                845.048 56494.4514398696143   34.487                 0.00000
C 1                795.048 56494.4514398038369   40.385                 0.00000
C 1                745.048 56494.4514397467626   90.752                 0.00000
1                894.999 56520.2727008400135   21.725                 0.00000
1                845.048 56520.2727008834763   24.185                 0.00000
1                795.048 56520.2727007287241   27.102                 0.00000
1                745.048 56520.2727009055422   18.949                 0.00000
1                894.999 56520.2734001007794   28.268                 0.00000
1                845.048 56520.2734001431146   20.829                 0.00000
1                795.048 56520.2733999878284   29.477                 0.00000
1                745.048 56520.2734001653831   19.437                 0.00000
1                894.999 56520.2740991018554   28.212                 0.00000
1                845.048 56520.2740991453621   25.990                 0.00000
1                795.048 56520.2740989905560   34.203                 0.00000
1                745.048 56520.2740991674808   16.030                 0.00000
C 1                894.999 56520.2745066968202   92.224                 0.00000
C 1                845.048 56520.2745068931766   68.129                 0.00000
C 1                795.048 56520.2745068741342   78.250                 0.00000
1                745.048 56520.2745068745159   31.073                 0.00000
1                819.980 56537.2967631450642   18.924                 0.00000
1                819.980 56537.2974621908179   16.559                 0.00000
1                819.980 56537.2981612355402   16.672                 0.00000
1                819.980 56537.2985692255402   44.810                 0.00000
1                819.866 56538.2798070995771   15.439                 0.00000
1                819.866 56538.2805065937977   20.081                 0.00000
1                819.866 56538.2812058297757   23.772                 0.00000
1                819.866 56538.2816134187903   56.028                 0.00000
1                819.059 56539.2679440581377   29.065                 0.00000
1                819.059 56539.2686433142174   19.658                 0.00000
1                819.059 56539.2693423123490   16.543                 0.00000
1                819.059 56539.2697501689932   90.176                 0.00000
1                819.999 56543.2629326885331   18.728                 0.00000
1                819.999 56543.2636316898917   13.261                 0.00000
1                819.999 56543.2643309488933   16.827                 0.00000
1                819.999 56543.2647385492624   32.357                 0.00000
1                819.999 56543.2955479907457   15.552                 0.00000
1                819.999 56543.2962472631414   18.946                 0.00000
1                819.999 56543.2968880487862   30.918                 0.00000
1                819.999 56546.2785686290223   17.869                 0.00000
1                819.999 56546.2792677424578   16.612                 0.00000
1                819.999 56546.2799668562013   13.658                 0.00000
1                819.999 56546.2803747798089   33.804                 0.00000
1                819.781 56547.2190321272049   26.731                 0.00000
1                819.781 56547.2197314178353   19.608                 0.00000
1                819.781 56547.2204304497558   17.462                 0.00000
1                819.781 56547.2211294822772   19.014                 0.00000
1                819.781 56547.2218285148494   16.502                 0.00000
1                819.781 56547.2225275460534   17.116                 0.00000
1                819.781 56547.2232265783517   22.783                 0.00000
1                819.781 56547.2239256094281   26.558                 0.00000
1                819.781 56547.2246246415462   21.565                 0.00000
1                819.781 56547.2253236727520   27.426                 0.00000
1                819.781 56547.2259644940524   15.756                 0.00000
1                819.781 56547.2267217350730   14.718                 0.00000
1                819.781 56547.2274207654208   18.609                 0.00000
1                819.781 56547.2281200540423   17.812                 0.00000
1                819.781 56547.2287608749127   19.901                 0.00000
1                819.523 56547.4331757306179   22.703                 0.00000
1                819.523 56547.4338747371597   23.635                 0.00000
1                819.523 56547.4345740011840   23.738                 0.00000
1                819.523 56547.4352148003102   26.871                 0.00000
1                819.523 56547.4359720139184   21.624                 0.00000
1                819.523 56547.4366710199759   20.309                 0.00000
1                819.523 56547.4373700271886   22.062                 0.00000
1                819.523 56547.4380687756950   23.325                 0.00000
1                819.523 56547.4387680399915   22.240                 0.00000
1                819.523 56547.4394667883545   27.787                 0.00000
1                819.523 56547.4401660524331   28.669                 0.00000
1                819.523 56547.4408650592005   27.364                 0.00000
1                819.523 56547.4415640651225   22.893                 0.00000
1                819.523 56547.4422633291434   31.870                 0.00000
1                819.523 56547.4429041290718   22.938                 0.00000
1                819.801 56548.2125157254929   13.448                 0.00000
1                819.801 56548.2132149918274   15.711                 0.00000
1                819.801 56548.2139140005848   12.256                 0.00000
1                819.801 56548.2146130097663   14.243                 0.00000
1                819.801 56548.2153120188613   14.875                 0.00000
1                819.801 56548.2160110289950   17.896                 0.00000
1                819.801 56548.2167100385345   19.408                 0.00000
1                819.801 56548.2174090488743   21.140                 0.00000
1                819.801 56548.2181083173884   23.157                 0.00000
1                819.801 56548.2188075865574   18.421                 0.00000
1                819.801 56548.2195065973392   16.469                 0.00000
1                819.801 56548.2202056091472   13.370                 0.00000
1                819.801 56548.2209046204213   18.321                 0.00000
1                819.801 56548.2216036326748   20.489                 0.00000
1                819.801 56548.2222446734319   17.082                 0.00000
1                819.999 56550.3265206669734   19.013                 0.00000
1                819.999 56550.3272197729982   20.270                 0.00000
1                819.999 56550.3279188792252   34.144                 0.00000
1                819.999 56550.3286179865791   17.306                 0.00000
1                819.999 56550.3293168362964   21.993                 0.00000
1                819.999 56550.3300159439030   24.331                 0.00000
1                819.999 56550.3307150513734   21.024                 0.00000
1                819.999 56550.3314141600808   20.147                 0.00000
1                819.999 56550.3321130108098   19.892                 0.00000
1                819.999 56550.3328121194564   23.114                 0.00000
1                819.999 56550.3335107129077   17.085                 0.00000
1                819.999 56550.3342100801607   20.080                 0.00000
1                819.999 56550.3349091896994   19.150                 0.00000
1                819.999 56550.3356080419755   22.949                 0.00000
1                819.999 56550.3362489360529   20.470                 0.00000
1                819.858 56551.2300157992052   16.314                 0.00000
1                819.858 56551.2307146540882   17.111                 0.00000
1                819.858 56551.2314135089845   19.228                 0.00000
C 1                819.858 56551.2318216212271   83.797                 0.00000
1                819.980 56552.3327936946523   19.355                 0.00000
1                819.980 56552.3334924445410   23.977                 0.00000
1                819.980 56552.3341914535866   26.006                 0.00000
1                819.980 56552.3348904612593   22.054                 0.00000
1                819.980 56552.3355897269927   22.405                 0.00000
1                819.980 56552.3362884769800   22.475                 0.00000
1                819.980 56552.3369877417156   36.291                 0.00000
1                819.980 56552.3376867514572   24.985                 0.00000
1                819.980 56552.3383860153680   20.849                 0.00000
1                819.980 56552.3390850241615   25.137                 0.00000
1                819.980 56552.3397837740085   19.850                 0.00000
1                819.980 56552.3404827816783   29.617                 0.00000
1                819.980 56552.3411820472147   17.709                 0.00000
1                819.980 56552.3418810551730   23.874                 0.00000
1                819.980 56552.3425218551261   21.626                 0.00000
1                819.980 56554.3613464187548   17.312                 0.00000
1                819.980 56554.3620455439914   20.807                 0.00000
1                819.980 56554.3627446697142   19.318                 0.00000
1                819.980 56554.3634437943024   14.585                 0.00000
1                819.980 56554.3641426612994   17.676                 0.00000
1                819.980 56554.3648423006851   15.641                 0.00000
1                819.980 56554.3655414246161   14.998                 0.00000
1                819.980 56554.3662405482590   16.403                 0.00000
1                819.980 56554.3669394140202   19.003                 0.00000
1                819.980 56554.3676385369884   14.176                 0.00000
1                819.980 56554.3683376600033   13.426                 0.00000
1                819.980 56554.3690365245051   13.085                 0.00000
1                819.980 56554.3697356464769   18.664                 0.00000
1                819.980 56554.3704347689133   14.537                 0.00000
1                819.980 56554.3710754152101   19.226                 0.00000
1                819.999 56555.2450275407334   14.880                 0.00000
1                819.999 56555.2457266415764   12.120                 0.00000
1                819.999 56555.2464257427117   12.219                 0.00000
1                819.999 56555.2468335091129   40.752                 0.00000
1                894.996 56586.2021340129902   18.002                 0.00000
1                845.024 56586.2021340567437   16.302                 0.00000
1                795.048 56586.2021339010938   18.322                 0.00000
1                745.052 56586.2021340779838   14.890                 0.00000
1                894.996 56586.2028332522280   21.354                 0.00000
1                845.024 56586.2028332957646   13.652                 0.00000
1                795.048 56586.2028331400554   18.388                 0.00000
1                745.052 56586.2028333170453   16.177                 0.00000
1                894.996 56586.2035322335418   17.323                 0.00000
1                845.024 56586.2035322771245   18.627                 0.00000
1                795.048 56586.2035321212958   16.037                 0.00000
1                745.052 56586.2035322985307   13.632                 0.00000
1                894.996 56586.2039398228610   49.303                 0.00000
1                845.024 56586.2039398658910   30.301                 0.00000
C 1                795.048 56586.2039397430722   53.518                 0.00000
1                745.052 56586.2039398866469   36.202                 0.00000
TIME -0.000002048
TIME +0.000004096
1                387.500 56590.7516067749205   56.884                 0.00000
1                362.520 56590.7516065939090   33.185                 0.00000
1                337.511 56590.7516065915142   23.396                 0.00000
1                312.505 56590.7516066515107   28.347                 0.00000
1                387.500 56590.7523061451810   54.743                 0.00000
1                362.520 56590.7523059650574   23.658                 0.00000
1                337.511 56590.7523059624010   32.465                 0.00000
1                312.505 56590.7523060221315   31.264                 0.00000
1                387.500 56590.7530052596118   42.683                 0.00000
1                362.520 56590.7530050786101   29.964                 0.00000
1                337.511 56590.7530050748599   27.610                 0.00000
1                312.505 56590.7530051347859   26.187                 0.00000
1                387.500 56590.7537043721146   33.192                 0.00000
1                362.520 56590.7537041918496   49.579                 0.00000
1                337.511 56590.7537041888395   24.483                 0.00000
1                312.505 56590.7537042482591   32.055                 0.00000
1                387.500 56590.7544032276082   60.130                 0.00000
1                362.520 56590.7544030468559   31.485                 0.00000
1                337.511 56590.7544030440941   26.798                 0.00000
1                312.505 56590.7544031030735   26.358                 0.00000
1                387.500 56590.7551023401239   40.784                 0.00000
1                362.520 56590.7551021595930   27.993                 0.00000
1                337.511 56590.7551021563159   20.794                 0.00000
1                312.505 56590.7551022166957   36.316                 0.00000
1                387.500 56590.7558014523501   32.987                 0.00000
1                362.520 56590.7558012713706   28.614                 0.00000
1                337.511 56590.7558012690325   29.795                 0.00000
1                312.505 56590.7558013280490   40.121                 0.00000
1                387.500 56590.7565005648947   47.529                 0.00000
1                362.520 56590.7565003839182   27.857                 0.00000
1                337.511 56590.7565003817451   24.271                 0.00000
1                312.505 56590.7565004411920   31.875                 0.00000
1                387.500 56590.7571994203145   62.606                 0.00000
1                362.520 56590.7571992388237   58.155                 0.00000
1                337.511 56590.7571992363243   21.824                 0.00000
1                312.505 56590.7571992959933   25.696                 0.00000
1                387.500 56590.7578985329586   31.631                 0.00000
1                362.520 56590.7578983520769   31.650                 0.00000
1                337.511 56590.7578983491702   29.249                 0.00000
1                312.505 56590.7578984083109   29.004                 0.00000
1                387.500 56590.7585976444870   71.609                 0.00000
1                362.520 56590.7585974647115   31.622                 0.00000
1                337.511 56590.7585974607891   25.037                 0.00000
1                312.505 56590.7585975209964   25.161                 0.00000
1                387.500 56590.7592967571404   65.440                 0.00000
1                362.520 56590.7592965760351   27.531                 0.00000
1                337.511 56590.7592965736438   27.032                 0.00000
1                312.505 56590.7592966335420   24.351                 0.00000
1                387.500 56590.7599956124308   69.115                 0.00000
1                362.520 56590.7599954301794   33.900                 0.00000
1                337.511 56590.7599954275950   22.687                 0.00000
1                312.505 56590.7599954875023   27.739                 0.00000
1                387.500 56590.7606952386732   44.624                 0.00000
1                362.520 56590.7606950566936   24.551                 0.00000
1                337.511 56590.7606950541897   27.265                 0.00000
1                312.505 56590.7606951141766   23.937                 0.00000
1                387.500 56590.7613361119224   67.123                 0.00000
1                362.520 56590.7613359316001   59.046                 0.00000
1                337.511 56590.7613359281116   38.923                 0.00000
1                312.505 56590.7613359878119   37.169                 0.00000
1                388.162 56591.0050902594502   58.357                 0.00000
1                362.528 56591.0050901229218   38.277                 0.00000
1                337.510 56591.0050901209317   27.027                 0.00000
1                309.733 56591.0050902880759   66.254                 0.00000
1                388.162 56591.0057898147181   36.870                 0.00000
1                362.528 56591.0057896780544   25.698                 0.00000
1                337.510 56591.0057896762129   29.717                 0.00000
1                309.733 56591.0057898423289   45.649                 0.00000
1                388.162 56591.0064893687090   38.103                 0.00000
1                362.528 56591.0064892322025   29.035                 0.00000
1                337.510 56591.0064892302675   22.575                 0.00000
1                309.733 56591.0064893958487   57.817                 0.00000
1                388.162 56591.0071881491533   49.466                 0.00000
1                362.528 56591.0071880131045   26.065                 0.00000
1                337.510 56591.0071880109368   20.675                 0.00000
1                309.733 56591.0071881774838   41.665                 0.00000
1                388.162 56591.0078871878227   69.127                 0.00000
1                362.528 56591.0078870516164   32.231                 0.00000
1                337.510 56591.0078870494009   24.669                 0.00000
1                309.733 56591.0078872163095   37.742                 0.00000
1                388.162 56591.0085862253894   44.144                 0.00000
1                362.528 56591.0085860890069   22.847                 0.00000
1                337.510 56591.0085860876939   25.650                 0.00000
1                309.733 56591.0085862534459   36.912                 0.00000
1                388.162 56591.0092852637329   58.472                 0.00000
1                362.528 56591.0092851274222   24.880                 0.00000
1                337.510 56591.0092851250103   25.953                 0.00000
1                309.733 56591.0092852912631   36.060                 0.00000
1                388.162 56591.0099843010128   43.734                 0.00000
1                362.528 56591.0099841645178   30.128                 0.00000
1                337.510 56591.0099841626359   28.310                 0.00000
1                309.733 56591.0099843291469   33.790                 0.00000
1                388.162 56591.0106838538614   40.614                 0.00000
1                362.528 56591.0106837174072   27.803                 0.00000
1                337.510 56591.0106837148455   28.139                 0.00000
1                309.733 56591.0106838814114   52.531                 0.00000
1                388.162 56591.0113828914409   53.881                 0.00000
1                362.528 56591.0113827538178   24.853                 0.00000
1                337.510 56591.0113827519346   21.685                 0.00000
1                309.733 56591.0113829185489   32.339                 0.00000
1                388.162 56591.0120819272321   30.868                 0.00000
1                362.528 56591.0120817907699   23.176                 0.00000
1                337.510 56591.0120817887278   25.179                 0.00000
1                309.733 56591.0120819552841   49.622                 0.00000
1                388.162 56591.0127809635970   62.470                 0.00000
1                362.528 56591.0127808265776   29.579                 0.00000
1                337.510 56591.0127808250091   23.853                 0.00000
1                309.733 56591.0127809909940   35.903                 0.00000
1                388.162 56591.0134800001809   27.635                 0.00000
1                362.528 56591.0134798633528   22.811                 0.00000
1                337.510 56591.0134798609292   22.466                 0.00000
1                309.733 56591.0134800269526   50.083                 0.00000
1                388.162 56591.0141790348804   48.263                 0.00000
1                362.528 56591.0141788986131   28.947                 0.00000
1                337.510 56591.0141788969579   20.442                 0.00000
1                309.733 56591.0141790635501  106.990                 0.00000
C 1                388.162 56591.0148196903685   78.091                 0.00000
1                362.528 56591.0148197028169   37.434                 0.00000
1                337.510 56591.0148197007698   31.749                 0.00000
1                309.733 56591.0148198694906  103.309                 0.00000
1                350.272 56592.0005533328900   18.778                 0.00000
1                350.272 56592.0012531355018   21.119                 0.00000
1                350.272 56592.0019521666831   20.398                 0.00000
1                350.272 56592.0026511973468   18.356                 0.00000
1                350.272 56592.0033502278822   15.438                 0.00000
1                350.272 56592.0040492588479   15.528                 0.00000
1                350.272 56592.0047482898100   14.211                 0.00000
1                350.272 56592.0054473209894   15.866                 0.00000
1                350.272 56592.0061463522182   19.522                 0.00000
1                350.272 56592.0068453835492   14.661                 0.00000
1                350.272 56592.0075444152397   19.524                 0.00000
1                350.272 56592.0082437046618   15.506                 0.00000
1                350.272 56592.0089427361383   19.645                 0.00000
1                350.272 56592.0095835587076   19.197                 0.00000
1                350.272 56592.0103408003110   19.621                 0.00000
TIME -0.000004096
TIME +0.000002048
1                819.999 56608.1089852420082   15.781                 0.00000
1                819.999 56608.1096845974113   15.488                 0.00000
1                819.999 56608.1103834381737   16.806                 0.00000
1                819.999 56608.1107913520422   27.136                 0.00000
1                894.999 56617.9342075316797   23.343                 0.00000
1                845.048 56617.9342075740284   20.837                 0.00000
1                795.048 56617.9342074181979   48.201                 0.00000
1                745.048 56617.9342075952939   22.864                 0.00000
1                894.999 56617.9349068978760   29.106                 0.00000
1                845.048 56617.9349069416767   30.067                 0.00000
1                795.048 56617.9349067869692   44.384                 0.00000
1                745.048 56617.9349069635351   22.449                 0.00000
1                894.999 56617.9356060080988   25.188                 0.00000
1                845.048 56617.9356060515517   33.797                 0.00000
1                795.048 56617.9356058954245   31.525                 0.00000
1                745.048 56617.9356060737245   26.254                 0.00000
1                894.999 56617.9363048602312   21.200                 0.00000
1                845.048 56617.9363049034054   29.299                 0.00000
1                795.048 56617.9363047481141   21.017                 0.00000
1                745.048 56617.9363049248059   29.031                 0.00000
1                894.999 56617.9369459895846   44.463                 0.00000
1                845.048 56617.9369460332025   23.701                 0.00000
1                795.048 56617.9369458772305   38.589                 0.00000
1                745.048 56617.9369460543834   22.570                 0.00000
1                894.995 56626.9077146346944   25.028                 0.00000
1                845.048 56626.9077146786049   19.121                 0.00000
1                795.048 56626.9077145235348   30.860                 0.00000
1                745.052 56626.9077146999847   20.989                 0.00000
1                894.995 56626.9084137981889   36.195                 0.00000
1                845.048 56626.9084138417307   13.913                 0.00000
1                795.048 56626.9084136852675   44.984                 0.00000
1                745.052 56626.9084138634458   28.967                 0.00000
1                894.995 56626.9091129619842   71.558                 0.00000
1                845.048 56626.9091130051761   15.446                 0.00000
1                795.048 56626.9091128498378   46.382                 0.00000
1                745.052 56626.9091130266901   25.612                 0.00000
C 1                894.995 56626.9098120284175   47.243                 0.00000
1                845.048 56626.9098121687529   17.450                 0.00000
1                795.048 56626.9098120133242   33.072                 0.00000
1                745.052 56626.9098121901166   30.904                 0.00000
C 1                894.995 56626.9104527741711   44.383                 0.00000
1                845.048 56626.9104528549085   27.269                 0.00000
1                795.048 56626.9104526997693   28.311                 0.00000
1                745.052 56626.9104528770467   21.234                 0.00000
1                894.999 56638.0070409611075   16.392                 0.00000
1                845.048 56638.0070410050939   12.577                 0.00000
1                795.048 56638.0070408494120   13.825                 0.00000
1                745.048 56638.0070410264957   12.784                 0.00000
1                894.999 56638.0077404682059   15.783                 0.00000
1                845.048 56638.0077405118830   11.017                 0.00000
1                795.048 56638.0077403565235   12.531                 0.00000
1                745.048 56638.0077405334441   17.378                 0.00000
1                894.999 56638.0084392025064   15.333                 0.00000
1                845.048 56638.0084392456602   10.314                 0.00000
1                795.048 56638.0084390899839   12.341                 0.00000
1                745.048 56638.0084392670287   13.327                 0.00000
1                894.999 56638.0088470543415   39.710                 0.00000
1                845.048 56638.0088470980644   24.484                 0.00000
1                795.048 56638.0088469424613   32.684                 0.00000
1                745.048 56638.0088471188095   27.556                 0.00000
TIME -0.000002048
TIME +0.000004096
1                387.497 56665.8551018989727   35.421                 0.00000
1                362.520 56665.8551017193085   29.131                 0.00000
1                337.511 56665.8551017167638   22.427                 0.00000
1                312.511 56665.8551017776170   27.352                 0.00000
1                387.497 56665.8558014356836   44.400                 0.00000
1                362.520 56665.8558012563979   33.176                 0.00000
1                337.511 56665.8558012543819   20.681                 0.00000
1                312.511 56665.8558013145746   41.863                 0.00000
1                387.497 56665.8565007159165   50.558                 0.00000
1                362.520 56665.8565005355905   27.171                 0.00000
1                337.511 56665.8565005337883   17.964                 0.00000
1                312.511 56665.8565005943605   30.178                 0.00000
1                387.497 56665.8571999946339   35.962                 0.00000
1                362.520 56665.8571998150270   23.645                 0.00000
1                337.511 56665.8571998134017   21.571                 0.00000
1                312.511 56665.8571998738974   31.740                 0.00000
1                387.497 56665.8578990176969   31.683                 0.00000
1                362.520 56665.8578988371318   33.175                 0.00000
1                337.511 56665.8578988352279   23.685                 0.00000
1                312.511 56665.8578988954455   37.131                 0.00000
1                387.497 56665.8585980394746   32.320                 0.00000
1                362.520 56665.8585978588843   28.774                 0.00000
1                337.511 56665.8585978578201   24.985                 0.00000
1                312.511 56665.8585979177162   32.989                 0.00000
1                387.497 56665.8592968037384   41.700                 0.00000
1                362.520 56665.8592966229870   25.462                 0.00000
1                337.511 56665.8592966217490   25.953                 0.00000
1                312.511 56665.8592966822826   27.177                 0.00000
1                387.497 56665.8599958257680   38.748                 0.00000
1                362.520 56665.8599956457411   25.435                 0.00000
1                337.511 56665.8599956437548   22.434                 0.00000
1                312.511 56665.8599957040999   26.256                 0.00000
1                387.497 56665.8606951054504   38.724                 0.00000
1                362.520 56665.8606949256066   30.925                 0.00000
1                337.511 56665.8606949231203   24.153                 0.00000
1                312.511 56665.8606949837652   43.845                 0.00000
1                387.497 56665.8613941266940   56.983                 0.00000
1                362.520 56665.8613939469726   25.394                 0.00000
1                337.511 56665.8613939457167   23.622                 0.00000
1                312.511 56665.8613940056606   24.432                 0.00000
1                387.497 56665.8620928925423   39.628                 0.00000
1                362.520 56665.8620927112646   41.910                 0.00000
1                337.511 56665.8620927094908   24.213                 0.00000
1                312.511 56665.8620927700543   33.008                 0.00000
1                387.497 56665.8627924289990   27.479                 0.00000
1                362.520 56665.8627922481277   27.997                 0.00000
1                337.511 56665.8627922469206   27.348                 0.00000
1                312.511 56665.8627923074258   30.087                 0.00000
1                387.497 56665.8634914513538   38.927                 0.00000
1                362.520 56665.8634912705715   32.369                 0.00000
1                337.511 56665.8634912692674   19.940                 0.00000
1                312.511 56665.8634913291802   27.761                 0.00000
1                387.497 56665.8641904727540   36.751                 0.00000
1                362.520 56665.8641902933804   32.820                 0.00000
1                337.511 56665.8641902905498   20.963                 0.00000
1                312.511 56665.8641903510374   26.521                 0.00000
1                387.497 56665.8648315447727   39.183                 0.00000
1                362.520 56665.8648313629233   34.331                 0.00000
1                337.511 56665.8648313619191   22.464                 0.00000
1                312.511 56665.8648314218378   44.492                 0.00000
TIME -0.000004096
TIME +0.000002048
1                894.994 56670.7223094610467   34.954                 0.00000
1                845.048 56670.7223095052611   18.865                 0.00000
1                795.048 56670.7223093495601   37.125                 0.00000
1                745.052 56670.7223095265039   24.794                 0.00000
1                894.994 56670.7230087435888   28.087                 0.00000
1                845.048 56670.7230087865956   21.307                 0.00000
1                795.048 56670.7230086311361   30.689                 0.00000
1                745.052 56670.7230088088376   24.519                 0.00000
1                894.994 56670.7237077671246   34.865                 0.00000
1                845.048 56670.7237078104962   24.227                 0.00000
1                795.048 56670.7237076557484   28.865                 0.00000
1                745.052 56670.7237078327958   27.706                 0.00000
1                894.994 56670.7244067913742   43.168                 0.00000
1                845.048 56670.7244068352091   15.803                 0.00000
1                795.048 56670.7244066797858   31.481                 0.00000
1                745.052 56670.7244068566986   23.814                 0.00000
1                894.994 56670.7250476067584   21.341                 0.00000
1                845.048 56670.7250476496436   26.046                 0.00000
1                795.048 56670.7250474947987   28.632                 0.00000
1                745.052 56670.7250476724056   28.413                 0.00000
1                894.997 56670.9395411447176   26.764                 0.00000
1                845.048 56670.9395411879231   29.690                 0.00000
1                795.048 56670.9395410336713   23.159                 0.00000
1                745.048 56670.9395412102267   24.136                 0.00000
1                894.997 56670.9402404373943   23.587                 0.00000
1                845.048 56670.9402404811607   24.085                 0.00000
1                795.048 56670.9402403254670   37.671                 0.00000
1                745.048 56670.9402405037783   36.956                 0.00000
1                894.997 56670.9409394726443   24.070                 0.00000
1                845.048 56670.9409395163627   31.111                 0.00000
1                795.048 56670.9409393610690   19.492                 0.00000
1                745.048 56670.9409395379472   30.700                 0.00000
1                894.997 56670.9413471997271   25.860                 0.00000
C 1                845.048 56670.9413472478158   57.180                 0.00000
C 1                795.048 56670.9413470705694   68.507                 0.00000
1                745.048 56670.9413472663277   69.549                 0.00000
1                894.996 56703.7110244361129   28.431                 0.00000
1                845.048 56703.7110244792935   26.116                 0.00000
1                795.048 56703.7110243239455   23.818                 0.00000
1                745.048 56703.7110245012989   26.595                 0.00000
1                894.996 56703.7117237409541   24.154                 0.00000
1                845.048 56703.7117237840101   21.135                 0.00000
1                795.048 56703.7117236281961   23.555                 0.00000
1                745.048 56703.7117238065949   41.411                 0.00000
1                894.996 56703.7124227878081   27.671                 0.00000
1                845.048 56703.7124228311387   24.273                 0.00000
1                795.048 56703.7124226756273   28.083                 0.00000
1                745.048 56703.7124228532151   21.327                 0.00000
1                894.996 56703.7131218353306   20.837                 0.00000
1                845.048 56703.7131218788479   22.728                 0.00000
1                795.048 56703.7131217227902   20.271                 0.00000
1                745.048 56703.7131219004900   21.099                 0.00000
1                894.996 56703.7137626503258   25.678                 0.00000
1                845.048 56703.7137626939845   29.148                 0.00000
1                795.048 56703.7137625388122   27.487                 0.00000
1                745.048 56703.7137627160239   26.679                 0.00000
1                894.999 56725.4496936017633   16.151                 0.00000
1                845.048 56725.4496936452567   19.070                 0.00000
1                795.048 56725.4496934895469   25.307                 0.00000
1                745.048 56725.4496936668331   20.240                 0.00000
1                894.999 56725.4503929535496   15.339                 0.00000
1                845.048 56725.4503929969198   20.415                 0.00000
1                795.048 56725.4503928420311   19.158                 0.00000
1                745.048 56725.4503930183070   17.907                 0.00000
1                894.999 56725.4510920477904   14.828                 0.00000
1                845.048 56725.4510920911023   20.778                 0.00000
1                795.048 56725.4510919353713   25.060                 0.00000
1                745.048 56725.4510921129953   16.284                 0.00000
1                894.999 56725.4517911425997   17.320                 0.00000
1                845.048 56725.4517911857000   14.895                 0.00000
1                795.048 56725.4517910297866   26.684                 0.00000
1                745.048 56725.4517912071060   16.230                 0.00000
1                894.999 56725.4524320224464   20.842                 0.00000
1                845.048 56725.4524320654763   19.354                 0.00000
1                795.048 56725.4524319098500   26.360                 0.00000
1                745.048 56725.4524320871600   22.100                 0.00000
TIME -0.000002048
TIME +0.000004096
1                387.500 56745.9857850741866   95.527                 0.00000
1                362.520 56745.9857848915681   52.029                 0.00000
1                337.511 56745.9857848886742   49.137                 0.00000
1                312.519 56745.9857849465945   40.467                 0.00000
1                387.500 56745.9864847076676   44.175                 0.00000
1                362.520 56745.9864845266425   30.347                 0.00000
1                337.511 56745.9864845235815   29.634                 0.00000
1                312.519 56745.9864845808131   54.218                 0.00000
1                387.500 56745.9871835681579   48.464                 0.00000
1                362.520 56745.9871833877003   41.700                 0.00000
1                337.511 56745.9871833845949   82.421                 0.00000
1                312.519 56745.9871834435540   46.057                 0.00000
TIME -0.000004096
TIME +0.000002048
1                895.007 56761.5181658108748   24.531                 0.00000
1                845.024 56761.5181658543119   22.237                 0.00000
1                795.048 56761.5181656990549   14.697                 0.00000
1                745.048 56761.5181658763623   16.253                 0.00000
1                895.007 56761.5188652327605   23.491                 0.00000
1                845.024 56761.5188652763556   15.865                 0.00000
1                795.048 56761.5188651206993   24.341                 0.00000
1                745.048 56761.5188652975570   15.741                 0.00000
1                895.007 56761.5195643970343   21.202                 0.00000
1                845.024 56761.5195644399160   17.649                 0.00000
1                795.048 56761.5195642841422   17.435                 0.00000
1                745.048 56761.5195644612046   13.730                 0.00000
1                895.007 56761.5202633018305   21.889                 0.00000
1                845.024 56761.5202633457013   14.083                 0.00000
1                795.048 56761.5202631898024   15.927                 0.00000
1                745.048 56761.5202633667825   16.519                 0.00000
1                895.007 56761.5209037287919   17.550                 0.00000
1                845.024 56761.5209037724357   18.321                 0.00000
1                795.048 56761.5209036171353   19.382                 0.00000
1                745.048 56761.5209037940088   17.372                 0.00000
1                894.999 56791.3966144141907   27.736                 0.00000
1                845.024 56791.3966144580712   31.595                 0.00000
1                795.048 56791.3966143037791   21.433                 0.00000
1                745.048 56791.3966144801954   23.708                 0.00000
1                894.999 56791.3973137203147   41.807                 0.00000
1                845.024 56791.3973137651506   20.591                 0.00000
1                795.048 56791.3973136090406   28.636                 0.00000
1                745.048 56791.3973137867443   24.566                 0.00000
1                894.999 56791.3980127694638   28.783                 0.00000
1                845.024 56791.3980128129858   24.765                 0.00000
1                795.048 56791.3980126579487   26.130                 0.00000
1                745.048 56791.3980128342926   20.346                 0.00000
1                894.999 56791.3987118176561   39.859                 0.00000
1                845.024 56791.3987118604331   20.499                 0.00000
1                795.048 56791.3987117052115   25.767                 0.00000
1                745.048 56791.3987118825912   20.586                 0.00000
1                894.999 56791.3993526538011   23.135                 0.00000
1                845.024 56791.3993526965086   29.600                 0.00000
1                795.048 56791.3993525423563   26.055                 0.00000
1                745.048 56791.3993527188918   25.898                 0.00000
1                894.999 56824.3313024327544   20.151                 0.00000
1                845.254 56824.3313024746225   22.169                 0.00000
1                795.048 56824.3313023207125   39.183                 0.00000
1                745.048 56824.3313024964460   45.479                 0.00000
1                894.999 56824.3320018541981   18.130                 0.00000
1                845.254 56824.3320018967460   22.859                 0.00000
1                795.048 56824.3320017422522   29.483                 0.00000
1                745.048 56824.3320019189887   24.118                 0.00000
1                894.999 56824.3327010190252   21.305                 0.00000
1                845.254 56824.3327010607404   18.479                 0.00000
1                795.048 56824.3327009067151   19.585                 0.00000
1                745.048 56824.3327010839493   44.492                 0.00000
1                894.999 56824.3333994107791   27.278                 0.00000
1                845.254 56824.3333994532091   29.018                 0.00000
1                795.048 56824.3333992988330   30.361                 0.00000
1                745.048 56824.3333994764910   53.571                 0.00000
1                894.999 56824.3340403555640   27.501                 0.00000
1                845.254 56824.3340403972901   32.294                 0.00000
1                795.048 56824.3340402436967   34.218                 0.00000
1                745.048 56824.3340404205581   43.211                 0.00000
TIME -0.000002048
TIME +0.000004096
1                387.497 56907.7315835347115   57.299                 0.00000
1                362.523 56907.7315833544331   35.083                 0.00000
1                337.518 56907.7315833534885   34.443                 0.00000
1                312.500 56907.7315834146795   32.738                 0.00000
1                387.497 56907.7322830600417   53.435                 0.00000
1                362.523 56907.7322828792573   53.639                 0.00000
1                337.518 56907.7322828780710   26.459                 0.00000
1                312.500 56907.7322829409370   36.785                 0.00000
1                387.497 56907.7329823278297   67.277                 0.00000
1                362.523 56907.7329821480288   36.579                 0.00000
1                337.518 56907.7329821455804   26.819                 0.00000
1                312.500 56907.7329822090822   51.624                 0.00000
1                387.497 56907.7336810814335   74.303                 0.00000
1                362.523 56907.7336809004985   28.382                 0.00000
1                337.518 56907.7336808984470   31.132                 0.00000
1                312.500 56907.7336809613889   33.443                 0.00000
1                387.497 56907.7343803486573   57.966                 0.00000
1                362.523 56907.7343801692608   32.914                 0.00000
1                337.518 56907.7343801668458   27.076                 0.00000
1                312.500 56907.7343802296008   27.048                 0.00000
TIME -0.000004096
