INFO 350
TIME +81.92E-6
 GUPPI_GBNCC08723_56655_6 349.8310  56655.7723911445865    0.00  704.91        1
 GUPPI_GBNCC08723_56657_8 347.9980  56657.9295683143576    0.00  627.96        1
TIME -81.92E-6
INFO 820
TIME +20.48E-6
 GUPPI_J1929+62_3_57100_2 815.8650  57100.3351288613770    0.00 1722.35        1
 GUPPI_J1929+62_4_57071_2 814.3270  57071.2871259427214    0.00 2420.14        1
 GUPPI_J1929+62_4_57100_2 867.3500  57100.3379090636132    0.00 1140.97        1
 GUPPI_J1929+62_4_57100_2 769.4540  57100.3379102428385    0.00 1181.33        1
 GUPPI_J1929+62_4_57100_2 867.2440  57100.3396112383258    0.00 1444.33        1
 GUPPI_J1929+62_4_57100_2 769.4130  57100.3396124005224    0.00  945.35        1
 GUPPI_J1929+62_57130_263 812.4850  57130.3072589081766    0.00  874.25        1
 GUPPI_J1929+62_57163_196 865.7740  57163.2288578942864    0.00  914.99        1
 GUPPI_J1929+62_57163_196 768.5080  57163.2288590397262    0.00  763.13        1
 GUPPI_J1929+62_57193_180 866.1210  57193.2106823152203    0.00 1289.33        1
 GUPPI_J1929+62_57193_180 768.7880  57193.2106834725296    0.00  936.98        1
 GUPPI_J1929+62_57223_017 866.6880  57223.0219000304436    0.00 1134.25        1
 GUPPI_J1929+62_57223_017 768.6980  57223.0219011660837    0.00 1169.37        1
 GUPPI_J1929+62_57248_852 866.6470  57248.9889178151465    0.00 1044.63        1
 GUPPI_J1929+62_57248_852 769.6130  57248.9889189734710    0.00 1015.80        1
 GUPPI_J1929+62_57278_728 814.5790  57278.8450330094200    0.00  890.16        1
 GUPPI_J1929+62_57289_179 867.8260  57289.2091156001555    0.00 1252.58        1
 GUPPI_J1929+62_57289_179 771.8450  57289.2091167328870    0.00 1170.64        1
 GUPPI_J1929+62_57290_169 866.2500  57290.1983517790123    0.00  816.75        1
 GUPPI_J1929+62_57290_169 769.6030  57290.1983529458298    0.00  823.49        1
 GUPPI_J1929+62_57292_172 866.6780  57292.2011948109437    0.00  631.84        1
 GUPPI_J1929+62_57292_172 769.5660  57292.2011959770300    0.00  858.69        1
 GUPPI_J1929+62_57293_175 866.4420  57293.2040324693953    0.00 1045.38        1
 GUPPI_J1929+62_57293_175 769.7610  57293.2040336110233    0.00 1106.38        1
 GUPPI_J1929+62_57293_175 866.4850  57293.2057346532443    0.00 1320.02        1
 GUPPI_J1929+62_57293_175 769.7350  57293.2057358093166    0.00 1208.42        1
 GUPPI_J1929+62_57297_166 815.5860  57297.1948761212978    0.00 1034.67        1
 GUPPI_J1929+62_57307_142 817.5330  57307.1668047507918    0.00  851.06        1
 GUPPI_J1929+62_57307_665 815.7690  57307.7714862305202    0.00  787.11        1
 GUPPI_J1929+62_57340_595 815.1520  57340.6906941318814    0.00  759.43        1
 GUPPI_J1929+62_57399_549 816.9200  57399.6380874202110    0.00  859.75        1
TIME -20.48E-6
