EFAC 0.9058
 GUPPI_1950+34_57447_5102 349.2019  57447.5910067836894    0.00  565.81        1
 GUPPI_1950+34_57447_5102 349.2019  57447.5919421313750    0.00  750.11        1
 GUPPI_1950+34_57447_5102 349.2019  57447.5928145137347    0.00  635.06        1
 GUPPI_1950+34_57475_4301 348.7470  57475.4984387046564    0.00  536.11        1
 GUPPI_1950+34_57475_4301 348.7470  57475.4995853903287    0.00  566.99        1
 GUPPI_1950+34_57475_4301 348.7470  57475.5006871029988    0.00  563.64        1
 GUPPI_1950+34_57505_3327 347.2409  57505.3857095463131    0.00  480.95        1
 GUPPI_1950+34_57505_3327 347.2409  57505.3868427245177    0.00  595.59        1
 GUPPI_1950+34_57505_3327 347.2409  57505.3879804006559    0.00  610.19        1
 GUPPI_1950+34_57537_2846 345.6589  57537.3300047838489    0.00  505.21        1
 GUPPI_1950+34_57537_2846 345.6589  57537.3311694314266    0.00  600.24        1
 GUPPI_1950+34_57537_2846 345.6589  57537.3322756422425    0.00  482.69        1
 GUPPI_1950+34_57539_2684 346.2449  57539.3112517845739    0.00  493.86        1
 GUPPI_1950+34_57539_2684 346.2449  57539.3124164344175    0.00  536.70        1
 GUPPI_1950+34_57539_2684 346.2449  57539.3135181447669    0.00  555.19        1
 GUPPI_1950+34_57541_2691 345.8049  57541.3121070904952    0.00  521.04        1
 GUPPI_1950+34_57541_2691 345.8049  57541.3132717485235    0.00  494.78        1
 GUPPI_1950+34_57541_2691 345.8049  57541.3143779592427    0.00  585.75        1
 GUPPI_1950+34_57543_2608 345.7940  57543.3025092457514    0.00  485.53        1
 GUPPI_1950+34_57543_2608 345.7940  57543.3036739076936    0.00  553.05        1
 GUPPI_1950+34_57543_2608 345.7940  57543.3047756151122    0.00  512.43        1
 GUPPI_1950+34_57544_2571 345.3980  57544.2981699950375    0.00  527.34        1
 GUPPI_1950+34_57544_2571 345.3980  57544.2993346523721    0.00  454.41        1
 GUPPI_1950+34_57544_2571 345.3980  57544.3004408732800    0.00  585.78        1
 GUPPI_1950+34_57571_1589 345.5119  57571.1845563477707    0.00  530.06        1
 GUPPI_1950+34_57571_1589 345.5119  57571.1857210252238    0.00  514.92        1
 GUPPI_1950+34_57571_1589 345.5119  57571.1868272574989    0.00  568.40        1
 GUPPI_1950+34_57637_8603 346.0700  57637.9963255390560    0.00  659.07        1
 GUPPI_1950+34_57637_8603 346.0700  57637.9974902871024    0.00  549.83        1
 GUPPI_1950+34_57637_8603 346.0700  57637.9985965752326    0.00  722.16        1
 GUPPI_1950+34_57699_7564 341.4530  57699.8760977457329    0.00  529.42        1
 GUPPI_1950+34_57699_7564 341.4530  57699.8772310648529    0.00  572.16        1
 GUPPI_1950+34_57699_7564 341.4530  57699.8783194031793    0.00  648.96        1
 GUPPI_1950+34_57789_5015 345.0790  57789.5810690786466    0.00  657.06        1
 GUPPI_1950+34_57789_5015 345.0790  57789.5822337712029    0.00  509.96        1
 GUPPI_1950+34_57789_5015 345.0790  57789.5833355324048    0.00  550.41        1
 GUPPI_GBNCC32856_56052_4 350.1770  56052.4920243961605    0.00 1033.22        1
 GUPPI_GBNCC32856_56052_4 350.1770  56052.4924920639089    0.00  646.95        1
 GUPPI_GBNCC32856_56052_4 350.1770  56052.4929012466869    0.00 1046.71        1
 GUPPI_GBNCC33233_56052_4 340.9479  56052.4987249383183    0.00 1516.33        1
 GUPPI_GBNCC33233_56052_4 340.9479  56052.4990801603985    0.00 1332.84        1
 GUPPI_GBNCC33233_56052_4 340.9479  56052.4993724452946    0.00 1216.94        1
