MODE 1
1                869.753 56332.7757068032136  197.246                 0.00000
1                769.822 56332.7757075082697  272.145                 0.00000
1                869.776 56332.7764018361124  279.439                 0.00000
1                769.822 56332.7764025506132  346.267                 0.00000
1                869.761 56332.7770968776884  276.129                 0.00000
1                769.822 56332.7770975900145  264.978                 0.00000
1                869.679 56348.8483133266996  248.124                 0.00000
1                769.677 56348.8483140368735  209.080                 0.00000
1                869.585 56348.8490083700191  238.120                 0.00000
1                769.726 56348.8490090776121  149.399                 0.00000
1                869.279 56348.8497034043480  154.909                 0.00000
1                769.778 56348.8497041139655  176.515                 0.00000
1                869.198 56365.8146877234578  275.332                 0.00000
1                770.050 56365.8146884187543  155.891                 0.00000
1                869.126 56365.8153827558159  200.499                 0.00000
1                769.779 56365.8153834583127  169.129                 0.00000
1                869.136 56365.8160777926387  210.821                 0.00000
1                769.704 56365.8160784925391  157.540                 0.00000
1                895.050 56389.6812860230622  478.558                 0.00000
1                844.724 56389.6812863149543  321.359                 0.00000
1                794.726 56389.6812866593733  349.849                 0.00000
1                745.150 56389.6812870845257  258.290                 0.00000
1                894.986 56389.6819834051169  488.540                 0.00000
1                844.724 56389.6819837072046  297.169                 0.00000
1                794.704 56389.6819840537539  585.669                 0.00000
1                745.155 56389.6819844686660  381.238                 0.00000
1                895.075 56389.6826784383522  354.418                 0.00000
1                844.724 56389.6826787489954  533.631                 0.00000
1                794.704 56389.6826790910571  355.524                 0.00000
1                745.149 56389.6826795197801  385.876                 0.00000
C 1                869.778 56406.6542023742105  572.261                 0.00000
1                769.700 56406.6542030654925  372.162                 0.00000
1                869.782 56406.6548973922528  212.976                 0.00000
1                769.726 56406.6548980887061  367.197                 0.00000
1                869.794 56406.6555924200544  380.964                 0.00000
1                769.726 56406.6555931302860  282.681                 0.00000
1                869.594 56426.6107080621494  252.684                 0.00000
1                769.758 56426.6107087690731  237.998                 0.00000
1                869.827 56451.5254520454759  308.967                 0.00000
1                769.810 56451.5254527439709  296.042                 0.00000
1                870.683 56451.5261470565051  193.756                 0.00000
1                769.811 56451.5261477685591  285.877                 0.00000
1                869.940 56451.5268420764654  207.569                 0.00000
1                769.751 56451.5268427845440  218.184                 0.00000
1                895.128 56472.4507785797268  335.520                 0.00000
1                844.613 56472.4507788762358  309.983                 0.00000
1                794.815 56472.4507792337789  321.962                 0.00000
1                745.146 56472.4507796494606  421.090                 0.00000
1                895.087 56472.4514735970910  309.875                 0.00000
1                844.621 56472.4514738900678  218.720                 0.00000
1                794.815 56472.4514742366157  234.920                 0.00000
1                745.146 56472.4514746581707  263.473                 0.00000
C 1                895.143 56472.4521685986525  600.856                 0.00000
1                844.431 56472.4521689007003  188.526                 0.00000
1                794.815 56472.4521692512426  220.658                 0.00000
C 1                745.146 56472.4521696536687  618.144                 0.00000
1                869.858 56494.4577439410532  263.899                 0.00000
1                769.637 56494.4577446451670  260.048                 0.00000
1                869.467 56520.2796884828426  317.350                 0.00000
1                769.869 56520.2796891863653  344.282                 0.00000
1                869.587 56520.2803834704117  212.589                 0.00000
1                769.839 56520.2803841790606  274.413                 0.00000
1                869.444 56537.3037973256677  216.561                 0.00000
1                773.500 56537.3037979986563  250.554                 0.00000
1                869.746 56538.2856506950447  254.505                 0.00000   
1                769.636 56538.2856514100624  323.248                 0.00000   
1                870.220 56538.2863456982489  244.496                 0.00000   
1                769.604 56538.2863464113823  353.216                 0.00000   
1                869.772 56538.2870407032993  188.249                 0.00000   
1                769.637 56538.2870414085094  368.688                 0.00000
1                870.042 56539.2737731790160  246.589                 0.00000
1                769.448 56539.2737738985950  204.311                 0.00000
1                870.468 56539.2744681872045  327.387                 0.00000
1                769.579 56539.2744688949133  221.160                 0.00000
1                870.609 56539.2751631829778  253.953                 0.00000
1                769.499 56539.2751639008363  278.271                 0.00000
1                869.784 56543.2687639988716  252.708                 0.00000
1                769.739 56543.2687647006622  269.081                 0.00000
1                869.801 56543.2694589986771  212.248                 0.00000
1                769.725 56543.2694597174274  1097.516                 0.00000
1                869.796 56543.2701540010802  297.806                 0.00000
1                769.725 56543.2701547057120  211.394                 0.00000
1                869.832 56543.3009249023629  236.441                 0.00000
1                769.753 56543.3009256049958  371.307                 0.00000
1                869.550 56546.2844223654357  343.666                 0.00000
1                769.974 56546.2844230629134  220.765                 0.00000
1                869.486 56546.2851197240867  269.546                 0.00000
1                769.942 56546.2851204227423  307.159                 0.00000
1                869.495 56546.2858147106281  456.016                 0.00000
1                770.012 56546.2858154173438  295.017                 0.00000
1                870.428 56551.2370031693203  274.599                 0.00000
1                769.483 56551.2370038887830  304.426                 0.00000
1                870.399 56551.2376981759715  442.385                 0.00000
1                769.487 56551.2376988839649  628.559                 0.00000
1                870.330 56551.2383931756528  240.853                 0.00000
1                769.696 56551.2383938880870  517.979                 0.00000
1                869.812 56555.2509136637775  301.192                 0.00000
1                769.618 56555.2509143689850  216.934                 0.00000
1                869.806 56555.2516110172969  194.603                 0.00000
1                769.618 56555.2516117244108  206.149                 0.00000
1                869.844 56555.2523060216001  302.513                 0.00000
1                769.569 56555.2523067291136  274.890                 0.00000
1                869.668 56586.2092478260171  178.071                 0.00000
1                769.730 56586.2092485308813  178.129                 0.00000
1                869.740 56586.2099428316007  185.106                 0.00000
1                769.673 56586.2099435405962  223.975                 0.00000
1                869.773 56586.2106378416105  223.292                 0.00000
1                769.677 56586.2106385493641  162.367                 0.00000
1                869.310 56608.1159974873935  224.947                 0.00000
1                769.506 56608.1159981926116  168.265                 0.00000
1                869.284 56608.1166948536902  171.485                 0.00000
1                769.605 56608.1166955626737  244.784                 0.00000
1                869.393 56608.1173898623495  192.030                 0.00000
1                769.556 56608.1173905706707  159.777                 0.00000
1                869.155 56638.0147372496978  246.169                 0.00000
1                769.630 56638.0147379542021  264.103                 0.00000
1                869.307 56670.9472377833820  232.322                 0.00000
1                769.571 56670.9472384844273  171.103                 0.00000
JUMP
t                119.681 56464.9309141506305  327.298                 0.00000
t                139.121 56464.9309144123850  371.599                 0.00000
t                158.742 56464.9309124447022  482.958                 0.00000
C t                178.684 56464.9309135887386  1234.793                 0.00000
JUMP
