MODE 1
TIME +0.00004096
1                350.006 56081.3752821742913  312.197                 0.00000
1                350.006 56081.3764500394475  314.787                 0.00000
1                350.006 56081.3775497964697  546.603                 0.00000
1                350.012 56081.5292088592266  558.273                 0.00000
1                350.012 56081.5303767363696  541.914                 0.00000
1                350.012 56081.5314862241200  584.795                 0.00000
1                350.045 56081.6480407599391  487.375                 0.00000
1                350.045 56081.6491989214718  525.297                 0.00000
1                350.045 56081.6502986984601  563.114                 0.00000
1                350.005 56085.1854745376112  343.595                 0.00000
1                350.005 56085.1866424143586  572.617                 0.00000
1                350.005 56085.1877324286889  475.368                 0.00000
1                349.998 56085.3073818841283  604.283                 0.00000
1                349.998 56085.3085497594982  500.516                 0.00000
1                349.998 56085.3096495146975  385.951                 0.00000
1                349.998 56085.4336883510977  411.710                 0.00000
1                349.998 56085.4348854358100  413.967                 0.00000
1                349.998 56085.4359851825818  558.936                 0.00000
1                387.499 56086.3889324121756  1018.630                 0.00000
1                362.520 56086.3889262954265  602.950                 0.00000
1                337.510 56086.3889307525033  541.628                 0.00000
1                312.504 56086.3889265817212  530.606                 0.00000
1                387.499 56086.3900905657125  940.459                 0.00000
1                362.520 56086.3900844546799  433.739                 0.00000
1                337.510 56086.3900889087426  320.961                 0.00000
1                312.504 56086.3900847443602  365.240                 0.00000
1                387.499 56086.3911903242924  1088.754                 0.00000
1                362.520 56086.3911842003480  593.265                 0.00000
1                337.510 56086.3911886447943  585.674                 0.00000
1                312.504 56086.3911844882322  607.892                 0.00000
1                387.499 56086.5372827873137  980.390                 0.00000
1                362.520 56086.5372766752083  752.033                 0.00000
1                337.585 56086.5372811010066  481.542                 0.00000
1                312.504 56086.5372769511900  586.909                 0.00000
1                387.499 56086.5384506714348  824.973                 0.00000
1                362.520 56086.5384445498414  439.647                 0.00000
1                337.585 56086.5384489928882  368.808                 0.00000
1                312.504 56086.5384448482045  491.428                 0.00000
1                387.499 56086.5395504235232  1022.765                 0.00000
1                362.520 56086.5395443020609  538.563                 0.00000
1                337.585 56086.5395487415995  438.824                 0.00000
1                312.504 56086.5395445981285  486.766                 0.00000
1                387.499 56089.3153167720650  643.159                 0.00000
1                362.522 56089.3153106719394  373.281                 0.00000
1                337.511 56089.3153151229371  398.637                 0.00000
1                312.511 56089.3153109668627  433.391                 0.00000
1                387.499 56089.3164846368902  860.030                 0.00000
1                362.522 56089.3164785533398  615.191                 0.00000
1                337.511 56089.3164830004818  501.507                 0.00000
1                312.511 56089.3164788399222  514.109                 0.00000
1                387.499 56089.3175844272927  524.536                 0.00000
1                362.522 56089.3175783150221  387.526                 0.00000
1                337.511 56089.3175827709192  330.156                 0.00000
1                312.511 56089.3175786092492  355.566                 0.00000
TIME -0.00004096
TIME +0.00002048
1                894.545 56328.8215317082873  852.909                 0.00000
1                845.072 56328.8215323053598  1098.691                 0.00000
1                795.048 56328.8215329864248  887.042                 0.00000
1                745.051 56328.8215338046767  977.438                 0.00000
1                894.545 56328.8221838217672  1247.543                 0.00000
1                845.072 56328.8221843933615  1232.632                 0.00000
1                795.048 56328.8221851110143  1680.345                 0.00000
1                745.051 56328.8221858900304  870.936                 0.00000
1                894.855 56328.8288507252296  1464.809                 0.00000
1                845.000 56328.8288512636813  1688.387                 0.00000
1                795.048 56328.8288519640835  1834.775                 0.00000
1                745.048 56328.8288527947214  1054.292                 0.00000
C 1                894.855 56328.8296703711045  3527.464                 0.00000
1                845.000 56328.8296688193899  1410.237                 0.00000
1                795.048 56328.8296695062856  1681.131                 0.00000
1                745.048 56328.8296703336409  1298.774                 0.00000
1                894.973 56332.7137358056921  682.195                 0.00000
C 1                845.007 56332.7137341480306  1885.682                 0.00000
1                795.048 56332.7137370669704  566.730                 0.00000
1                745.048 56332.7137379095696  467.364                 0.00000
1                894.973 56332.7149134635754  631.385                 0.00000
1                844.942 56332.7149140353849  851.960                 0.00000
1                795.048 56332.7149147220128  633.231                 0.00000
1                745.048 56332.7149155703351  521.354                 0.00000
1                894.973 56332.7158477913479  616.359                 0.00000
1                844.925 56332.7158483694131  522.264                 0.00000
1                795.048 56332.7158490478111  885.953                 0.00000
1                745.048 56332.7158499130428  704.405                 0.00000
1                894.999 56348.7844193204610  370.542                 0.00000
1                845.048 56348.7844198989216  430.531                 0.00000
1                795.048 56348.7844205898800  354.657                 0.00000
1                745.048 56348.7844214304445  413.890                 0.00000
C 1                894.999 56348.7857496837248  2716.469                 0.00000
1                845.048 56348.7857532350241  886.645                 0.00000
1                795.048 56348.7857539168804  1425.311                 0.00000
1                744.552 56348.7857547617155  903.415                 0.00000
1                894.999 56348.7866188672888  861.753                 0.00000
1                845.048 56348.7866194573171  653.942                 0.00000
C 1                795.048 56348.7866233296057  1961.855                 0.00000
1                744.880 56348.7866209697437  687.202                 0.00000
1                894.809 56365.7516340691797  732.962                 0.00000
1                844.926 56365.7516346455311  679.433                 0.00000
1                795.049 56365.7516353532159  853.141                 0.00000
1                745.050 56365.7516361805838  692.890                 0.00000
1                894.809 56365.7527922378873  962.547                 0.00000
1                844.926 56365.7527928145144  647.263                 0.00000
1                795.049 56365.7527935037506  701.608                 0.00000
1                745.050 56365.7527943388729  663.255                 0.00000
1                894.809 56365.7537168141180  915.290                 0.00000
1                844.926 56365.7537173993580  968.276                 0.00000
1                795.049 56365.7537181090831  1421.507                 0.00000
1                745.050 56365.7537189088787  967.380                 0.00000
1                894.847 56389.6174333701679  579.489                 0.00000
1                845.026 56389.6174339446841  404.959                 0.00000
1                795.048 56389.6174346444988  457.381                 0.00000
1                745.053 56389.6174354769010  526.542                 0.00000
1                894.847 56389.6186012623596  621.724                 0.00000
1                845.026 56389.6186018358703  466.858                 0.00000
1                795.048 56389.6186025198050  663.078                 0.00000
1                745.053 56389.6186033620258  523.237                 0.00000
1                894.847 56389.6195258200486  880.931                 0.00000
1                845.026 56389.6195263818937  691.018                 0.00000
1                795.048 56389.6195271137501  697.274                 0.00000
1                745.053 56389.6195279413185  1085.069                 0.00000
1                894.993 56406.5906806746994  918.623                 0.00000
1                844.955 56406.5906812549221  863.947                 0.00000
1                795.048 56406.5906819413050  993.631                 0.00000
1                745.052 56406.5906827842596  747.442                 0.00000
1                894.993 56406.5918485311179  1066.933                 0.00000
1                844.955 56406.5918491358689  1163.817                 0.00000
1                795.048 56406.5918498210324  1283.262                 0.00000
1                745.052 56406.5918506714622  877.256                 0.00000
1                894.993 56406.5927828473792  988.690                 0.00000
1                844.955 56406.5927834267897  974.849                 0.00000
1                795.048 56406.5927841503882  1238.328                 0.00000
1                745.052 56406.5927849748188  722.372                 0.00000
1                895.393 56426.5471393973246  978.345                 0.00000
1                845.112 56426.5471399694674  893.958                 0.00000
1                795.048 56426.5471406784955  942.546                 0.00000
1                745.862 56426.5471414889697  1214.885                 0.00000
1                895.393 56426.5483072837639  1284.169                 0.00000
1                845.112 56426.5483078505664  792.140                 0.00000
1                795.048 56426.5483085325799  901.555                 0.00000
1                745.862 56426.5483093605945  862.596                 0.00000
1                895.393 56426.5492318083705  900.247                 0.00000
1                845.112 56426.5492324129352  1032.235                 0.00000
1                795.048 56426.5492331249704  1656.676                 0.00000
1                745.862 56426.5492339283037  906.736                 0.00000
1                895.285 56451.4617935098172  731.446                 0.00000
1                844.856 56451.4617941004914  653.932                 0.00000
1                795.048 56451.4617947762802  941.998                 0.00000
1                745.048 56451.4617956072593  563.414                 0.00000
1                895.285 56451.4629613791083  532.777                 0.00000
1                844.856 56451.4629619573053  494.215                 0.00000
1                795.048 56451.4629626440487  531.658                 0.00000
1                745.048 56451.4629634784852  500.153                 0.00000
1                895.285 56451.4638859421531  942.265                 0.00000
1                844.856 56451.4638865163441  1005.770                 0.00000
C 1                795.048 56451.4638904792222  2876.186                 0.00000
1                745.048 56451.4638880571561  1002.431                 0.00000
1                896.473 56472.3863149218990  623.596                 0.00000
1                845.000 56472.3863155064885  561.453                 0.00000
1                795.048 56472.3863161999555  615.505                 0.00000
1                745.862 56472.3863170314781  550.144                 0.00000
1                896.473 56472.3874827911976  906.615                 0.00000
1                845.000 56472.3874833920460  699.739                 0.00000
1                795.048 56472.3874840823562  1031.202                 0.00000
1                745.862 56472.3874849075616  769.434                 0.00000
1                896.473 56472.3884171440613  1619.149                 0.00000
1                845.000 56472.3884177173840  929.179                 0.00000
1                795.048 56472.3884184152578  1354.418                 0.00000
1                745.862 56472.3884192593349  895.464                 0.00000
1                894.999 56494.3930441369161  557.904                 0.00000
1                845.024 56494.3930447224058  510.373                 0.00000
1                795.048 56494.3930454083616  632.820                 0.00000
1                745.048 56494.3930462496684  483.821                 0.00000
1                894.999 56494.3942023308429  599.743                 0.00000
1                845.024 56494.3942029090302  535.163                 0.00000
1                795.048 56494.3942036063993  511.138                 0.00000
1                745.048 56494.3942044464379  559.325                 0.00000
1                894.999 56494.3951269361777  666.757                 0.00000
1                845.024 56494.3951275212225  627.302                 0.00000
1                795.048 56494.3951281926790  655.324                 0.00000
1                745.048 56494.3951290189290  702.671                 0.00000
1                895.331 56520.2179011549380  797.321                 0.00000
1                845.026 56520.2179017339200  533.185                 0.00000
1                795.048 56520.2179024290677  766.801                 0.00000
1                745.048 56520.2179032643517  607.819                 0.00000
1                895.331 56520.2190788224672  618.153                 0.00000
1                845.026 56520.2190793983076  669.428                 0.00000
1                795.048 56520.2190801003489  703.635                 0.00000
1                745.048 56520.2190809300808  618.965                 0.00000
1                895.331 56520.2198379702195  1209.385                 0.00000
1                845.026 56520.2198385619186  1375.911                 0.00000
1                795.048 56520.2198392409746  1157.510                 0.00000
1                745.048 56520.2198400855620  1170.413                 0.00000
1                894.999 56537.2450695532304  788.391                 0.00000
1                845.282 56537.2450701324625  655.245                 0.00000
1                794.830 56537.2450708189654  944.423                 0.00000
C 1                745.048 56537.2450693888763  4068.152                 0.00000
1                894.999 56537.2461693683528  628.929                 0.00000
1                845.282 56537.2461699688883  601.836                 0.00000
1                794.830 56537.2461706399816  530.315                 0.00000
1                745.048 56537.2461714692182  582.878                 0.00000
1                894.999 56538.2292229738783  761.209                 0.00000
1                845.024 56538.2292235272533  595.228                 0.00000
1                795.048 56538.2292242108780  901.956                 0.00000
C 1                745.048 56538.2292234907036  2948.244                 0.00000
1                894.999 56538.2303422471445  1191.878                 0.00000
1                845.024 56538.2303428189258  869.973                 0.00000
1                795.048 56538.2303435163317  962.559                 0.00000
1                745.048 56538.2303443428889  878.368                 0.00000
1                895.085 56538.3000981414605  610.987                 0.00000
1                845.301 56538.3000987119008  535.873                 0.00000
1                794.828 56538.3000994114094  547.109                 0.00000
1                745.048 56538.3001002333770  486.648                 0.00000
1                895.085 56538.3010811760474  869.777                 0.00000
1                845.301 56538.3010817355951  851.280                 0.00000
1                794.828 56538.3010824391957  1014.734                 0.00000
1                745.048 56538.3010832686669  1072.487                 0.00000
1                895.289 56539.2177179382437  722.521                 0.00000
1                844.358 56539.2177185287286  396.632                 0.00000
1                795.118 56539.2177192005772  581.846                 0.00000
1                744.842 56539.2177200408893  474.422                 0.00000
1                895.289 56539.2188372266352  715.616                 0.00000
1                844.358 56539.2188378195887  451.139                 0.00000
1                795.118 56539.2188384973977  431.115                 0.00000
1                744.842 56539.2188393401572  917.049                 0.00000
1                894.999 56543.2183641433387  959.753                 0.00000
1                845.026 56543.2183647440982  931.784                 0.00000
1                795.048 56543.2183654169296  957.148                 0.00000
1                745.048 56543.2183662441088  850.604                 0.00000
1                894.999 56543.2194834375884  854.573                 0.00000
1                845.026 56543.2194840162430  753.462                 0.00000
1                795.048 56543.2194847095928  888.328                 0.00000
1                745.048 56543.2194855361293  1029.663                 0.00000
1                895.135 56546.2228316045207  1305.095                 0.00000
1                845.048 56546.2228321753774  1017.894                 0.00000
1                795.048 56546.2228328725389  782.815                 0.00000
1                745.834 56546.2228336634989  981.082                 0.00000
1                895.135 56546.2238925014888  697.196                 0.00000
1                845.048 56546.2238930668121  568.340                 0.00000
1                795.048 56546.2238937566027  633.528                 0.00000
1                745.834 56546.2238945824714  529.290                 0.00000
1                894.999 56551.1739422117795  481.365                 0.00000
1                845.282 56551.1739427789367  443.019                 0.00000
1                794.828 56551.1739434765386  501.896                 0.00000
1                745.048 56551.1739443128308  441.979                 0.00000
1                894.999 56551.1751101561879  819.800                 0.00000
1                845.282 56551.1751107267874  865.562                 0.00000
1                794.828 56551.1751114094996  939.188                 0.00000
1                745.048 56551.1751122664530  876.378                 0.00000
1                894.999 56551.1758595649654  1205.375                 0.00000
1                845.282 56551.1758601773369  1149.765                 0.00000
1                794.828 56551.1758608701820  1799.968                 0.00000
1                745.048 56551.1758616940752  1394.949                 0.00000
1                894.999 56555.1894316781466  905.054                 0.00000
1                845.024 56555.1894322201321  603.909                 0.00000
1                795.048 56555.1894329292738  1021.696                 0.00000
1                745.048 56555.1894337676773  636.629                 0.00000
1                894.999 56555.1905315042633  870.982                 0.00000
1                845.024 56555.1905320932797  666.047                 0.00000
1                795.048 56555.1905327672962  706.155                 0.00000
1                745.048 56555.1905336083202  466.447                 0.00000
1                819.963 56586.1471293265725  326.928                 0.00000
1                819.963 56586.1483264982848  441.211                 0.00000
C 1                819.963 56586.1490491633817  2870.998                 0.00000
1                819.503 56608.0495168523708  191.646                 0.00000
1                819.503 56608.0506751034804  282.029                 0.00000
C 1                819.503 56608.0514200469322  4018.242                 0.00000
1                819.887 56637.9472659760745  314.393                 0.00000
1                819.887 56637.9484436687494  552.663                 0.00000
1                819.887 56637.9492028622532  1473.681                 0.00000
1                894.990 56670.8799151213073  730.254                 0.00000
1                845.026 56670.8799157131364  705.336                 0.00000
1                795.048 56670.8799163949065  689.504                 0.00000
1                745.048 56670.8799172050866  833.122                 0.00000
1                894.990 56670.8810830531974  1061.227                 0.00000
1                845.026 56670.8810836553748  1104.979                 0.00000
1                795.048 56670.8810843638097  961.555                 0.00000
1                745.048 56670.8810851886873  1284.410                 0.00000
1                894.990 56670.8818421958136  1559.502                 0.00000
1                845.026 56670.8818428022701  1530.179                 0.00000
C 1                795.048 56670.8818459955862  2105.789                 0.00000
1                745.048 56670.8818443469515  1251.891                 0.00000
TIME -0.00002048
C LOFAR DATA
JUMP
t                119.632 56437.3003307729726  1736.514                 0.00000
C t                139.558 56437.3003343937486  2635.947                 0.00000
t                158.751 56437.3003324014306  1693.219                 0.00000
C t                178.394 56437.3003301383067  2303.933                 0.00000
t                119.618 56437.3010314343643  1722.788                 0.00000
t                139.315 56437.3010296341107  1750.656                 0.00000
t                158.720 56437.3010331727393  1234.768                 0.00000
t                178.412 56437.3010308619650  3275.975                 0.00000
t                119.411 56437.3017234119408  2898.974                 0.00000
t                139.513 56437.3017298323220  1954.153                 0.00000
t                158.631 56437.3017243981426  3825.444                 0.00000
t                178.486 56437.3017217643830  2441.424                 0.00000
t                119.369 56437.3024145956224  2367.735                 0.00000
t                139.440 56437.3024113121088  1928.532                 0.00000
t                158.729 56437.3024152128203  2581.692                 0.00000
t                178.511 56437.3024126777513  2732.583                 0.00000
C t                119.555 56437.3031146689325  3079.446                 0.00000
t                139.364 56437.3031121998740  1702.516                 0.00000
t                158.749 56437.3031158760222  1963.640                 0.00000
t                178.594 56437.3031133202605  2701.491                 0.00000
JUMP
