MODE 1
TIME +0.00004096
1                349.998 56156.1834933619337   30.255                 0.00000
1                349.998 56156.1841929593781   30.952                 0.00000
1                349.998 56156.1848920604663   37.286                 0.00000
1                349.998 56156.1855910622503   35.713                 0.00000
1                349.998 56156.1862901634490   41.255                 0.00000
1                349.998 56176.2446391423957   68.646                 0.00000
1                349.998 56176.2453388418404   52.207                 0.00000
1                349.998 56176.2460378474359   52.453                 0.00000
1                349.998 56176.2467369520486   42.989                 0.00000
1                349.998 56176.2474359584760   50.853                 0.00000
1                350.013 56177.8524516144587   41.744                 0.00000
1                350.013 56177.8531513140825   41.711                 0.00000
1                350.013 56177.8538504186921   30.189                 0.00000
1                350.013 56177.8545492267806   43.237                 0.00000
1                350.013 56177.8552484299692   59.703                 0.00000
1                349.998 56177.4797662329119   89.965                 0.00000
1                349.998 56177.4804660320612   34.750                 0.00000
1                349.998 56177.4811651370585   34.656                 0.00000
1                349.998 56177.4818640438974   46.994                 0.00000
1                349.998 56177.4825048561000   36.082                 0.00000
C 1                387.499 56223.3591759740309  105.937                 0.00000
1                362.511 56223.3591759443172   68.978                 0.00000
1                337.488 56223.3591759833725   53.168                 0.00000
1                312.511 56223.3591760223141   66.340                 0.00000
1                387.499 56223.3598757232815  112.848                 0.00000
C 1                362.511 56223.3598757207940  104.469                 0.00000
1                337.488 56223.3598756927915   39.895                 0.00000
1                312.511 56223.3598756341924   42.722                 0.00000
1                387.499 56223.3605747379520   59.752                 0.00000
1                362.511 56223.3605746706111   76.786                 0.00000
1                337.488 56223.3605747088937   32.016                 0.00000
1                312.511 56223.3605747486557   41.036                 0.00000
1                387.499 56223.3612739550266   74.927                 0.00000
C 1                362.511 56223.3612738938996   79.292                 0.00000
1                337.488 56223.3612739236472   33.085                 0.00000
1                312.511 56223.3612738647204   38.534                 0.00000
1                387.499 56223.3619728702602   62.936                 0.00000
1                362.511 56223.3619728014990   73.382                 0.00000
1                337.488 56223.3619728406534   41.026                 0.00000
1                312.511 56223.3619727804238   47.393                 0.00000
1                387.499 56298.8178335309796   86.829                 0.00000
1                362.527 56298.8178334590265  140.008                 0.00000
1                337.529 56298.8178334952856   46.521                 0.00000
1                312.496 56298.8178334449041   55.082                 0.00000
1                387.499 56298.8185331530955  116.354                 0.00000
1                362.527 56298.8185330806566   66.164                 0.00000
1                337.529 56298.8185331154911   59.732                 0.00000
1                312.496 56298.8185330651727   77.708                 0.00000
1                387.499 56298.8192321780340   74.210                 0.00000
1                362.527 56298.8192321074087   55.525                 0.00000
1                337.529 56298.8192321418388   38.084                 0.00000
1                312.496 56298.8192320908829   47.111                 0.00000
1                387.499 56298.8199312035931   78.085                 0.00000
1                362.527 56298.8199311304709   71.082                 0.00000
1                337.529 56298.8199311692331   78.955                 0.00000
1                312.496 56298.8199311169169   60.289                 0.00000
1                387.499 56298.8206304316969   89.769                 0.00000
1                362.527 56298.8206303578345   67.309                 0.00000
1                337.529 56298.8206303926249   41.923                 0.00000
1                312.496 56298.8206303437185   46.076                 0.00000
C 1              387.499 56298.8213293816981  126.867                 0.00000
1                362.527 56298.8213293837040  100.977                 0.00000
1                337.529 56298.8213294192265   75.924                 0.00000
1                312.496 56298.8213293693450   59.425                 0.00000
C 1                387.499 56298.8220283024634   74.082                 0.00000
1                362.527 56298.8220283116282   66.457                 0.00000
1                337.529 56298.8220283472359   62.091                 0.00000
1                312.496 56298.8220282955907   62.575                 0.00000
1                350.005 56298.8238174010570   35.560                 0.00000
1                350.005 56298.8245171220235   49.929                 0.00000
1                350.005 56298.8252161484361   30.739                 0.00000
1                350.005 56298.8259151745842   35.604                 0.00000
1                350.005 56298.8266143004348   35.325                 0.00000
1                350.005 56298.8273133262624   35.160                 0.00000
1                350.005 56298.8280123525379   44.677                 0.00000
1                350.005 56298.8287113789656   37.548                 0.00000
1                350.005 56298.8294105060254   45.679                 0.00000
1                350.005 56298.8300512386365   36.094                 0.00000
TIME -0.00004096
TIME +0.00002048
1                819.998 56329.8289624642520   13.746                 0.00000
1                819.998 56329.8296616871730   21.773                 0.00000
1                819.998 56329.8301277368748   17.520                 0.00000
1                819.999 56331.2581405370807   24.957                 0.00000
C 1                819.999 56331.2587815583466   28.526                 0.00000
1                894.999 56332.7657218282822   33.759                 0.00000
1                845.004 56332.7657217482026   33.330                 0.00000
1                795.048 56332.7657217530224   31.788                 0.00000
1                745.048 56332.7657217590815   41.569                 0.00000
C 1                894.999 56332.7664210515414   42.924                 0.00000
C 1                845.004 56332.7664209698064   75.070                 0.00000
C 1                795.048 56332.7664209805596   39.471                 0.00000
C 1                745.048 56332.7664209804852   27.967                 0.00000
1                894.999 56332.7671200738254   18.798                 0.00000
C 1                845.004 56332.7671199955177   48.453                 0.00000
C 1                795.048 56332.7671199982267   49.637                 0.00000
1                745.048 56332.7671200063252   28.498                 0.00000
C 1                894.999 56332.7675278257666   28.376                 0.00000
C 1                845.004 56332.7675277458854   48.427                 0.00000
C 1                795.048 56332.7675277520299   30.403                 0.00000
C 1                745.048 56332.7675277543366   30.753                 0.00000
1                819.999 56348.8378397046587   23.740                 0.00000
1                819.999 56348.8385389237162   26.666                 0.00000
1                819.999 56348.8392378473007   31.004                 0.00000
1                819.999 56348.8399369674714   25.764                 0.00000
1                819.999 56348.8403448193506   37.218                 0.00000
1                894.996 56365.8042519063925   38.846                 0.00000
1                845.048 56365.8042518268358   28.704                 0.00000
1                795.048 56365.8042518305313   37.420                 0.00000
1                745.048 56365.8042518366776   27.971                 0.00000
1                894.996 56365.8049511229155   28.154                 0.00000
1                845.048 56365.8049510436724   21.526                 0.00000
1                795.048 56365.8049510477892   27.541                 0.00000
1                745.048 56365.8049510545577   19.625                 0.00000
1                894.996 56365.8056501411402   20.051                 0.00000
1                845.048 56365.8056500624752   57.998                 0.00000
1                795.048 56365.8056500650383   29.762                 0.00000
1                745.048 56365.8056500729358   29.055                 0.00000
C 1                894.996 56365.8063492285954   32.300                 0.00000
C 1                845.048 56365.8063491885414   24.940                 0.00000
1                795.048 56365.8063491820533   23.826                 0.00000
1                745.048 56365.8063491896589   21.397                 0.00000
C 1                894.996 56365.8067568786908   66.665                 0.00000
C 1                845.048 56365.8067568532058   52.318                 0.00000
C 1                795.048 56365.8067568635613   46.835                 0.00000
1                745.048 56365.8067568429404   18.225                 0.00000
1                894.992 56389.6708142938633   23.827                 0.00000
1                845.048 56389.6708142148353   43.757                 0.00000
1                795.048 56389.6708142182920   19.218                 0.00000
1                745.048 56389.6708142247729   71.879                 0.00000
1                894.992 56389.6715135049944   26.187                 0.00000
1                845.048 56389.6715134261378   26.221                 0.00000
1                795.048 56389.6715134296324   46.902                 0.00000
C 1                745.048 56389.6715134457779   41.596                 0.00000
1                894.992 56389.6722125185527   21.146                 0.00000
1                845.048 56389.6722124382324   34.780                 0.00000
1                795.048 56389.6722124426334   16.158                 0.00000
1                745.048 56389.6722124511251   34.712                 0.00000
1                894.992 56389.6729115314349   38.562                 0.00000
1                845.048 56389.6729114512248   27.708                 0.00000
1                795.048 56389.6729114544594   21.092                 0.00000
C 1                745.048 56389.6729114558170   74.824                 0.00000
1                894.992 56389.6733193779972   26.782                 0.00000
1                845.048 56389.6733192994427   32.113                 0.00000
1                795.048 56389.6733193050487   32.841                 0.00000
1                745.048 56389.6733193110879   54.511                 0.00000
1                819.999 56406.6439509536848   39.851                 0.00000
1                819.999 56406.6446501606891   28.213                 0.00000
1                819.999 56406.6453492690509   21.599                 0.00000
1                819.999 56406.6460480797754   28.012                 0.00000
1                819.999 56406.6464559255124   29.618                 0.00000
1                894.992 56426.5996801435272   36.710                 0.00000
1                845.048 56426.5996800644918   29.169                 0.00000
1                795.048 56426.5996800666464   65.280                 0.00000
1                745.052 56426.5996800747340   25.977                 0.00000
1                894.992 56426.6003793453903   39.761                 0.00000
1                845.048 56426.6003792672165   16.877                 0.00000
1                795.048 56426.6003792702139   22.902                 0.00000
1                745.052 56426.6003792772891   24.522                 0.00000
1                894.992 56426.6010784500504   40.311                 0.00000
1                845.048 56426.6010783721524   29.347                 0.00000
1                795.048 56426.6010783738144   22.139                 0.00000
1                745.052 56426.6010783820658   21.474                 0.00000
1                894.992 56426.6017774536105   24.327                 0.00000
1                845.048 56426.6017773759295   17.646                 0.00000
1                795.048 56426.6017773791082   25.350                 0.00000
1                745.052 56426.6017773858546   21.001                 0.00000
C 1                894.992 56426.6021851686189   35.427                 0.00000
C 1                845.048 56426.6021851498702   87.718                 0.00000
C 1                795.048 56426.6021851229539   20.133                 0.00000
C 1                745.052 56426.6021851775937   47.422                 0.00000
1                894.999 56451.5151894522036   17.704                 0.00000
1                845.297 56451.5151893722271   21.394                 0.00000
1                795.048 56451.5151893767077   24.307                 0.00000
1                745.048 56451.5151893839149   18.199                 0.00000
1                894.999 56451.5158886519756   18.684                 0.00000
1                845.297 56451.5158885696683   24.110                 0.00000
1                795.048 56451.5158885757325   44.646                 0.00000
1                745.048 56451.5158885835827   20.826                 0.00000
1                894.999 56451.5165876513607   26.605                 0.00000
1                845.297 56451.5165875722504   32.367                 0.00000
1                795.048 56451.5165875771107   16.725                 0.00000
1                745.048 56451.5165875843101   27.665                 0.00000
1                894.999 56451.5172867518570   35.060                 0.00000
1                845.297 56451.5172866717389   52.724                 0.00000
1                795.048 56451.5172866771205   19.454                 0.00000
1                745.048 56451.5172866846247   20.289                 0.00000
C 1                894.999 56451.5176944889336   45.894                 0.00000
C 1                845.297 56451.5176944620551   34.441                 0.00000
1                795.048 56451.5176944197287   26.385                 0.00000
1                745.048 56451.5176944272132   25.446                 0.00000
1                894.999 56472.4405018460580   26.627                 0.00000
1                845.022 56472.4405017660380   33.143                 0.00000
1                795.048 56472.4405017704813   22.922                 0.00000
1                745.048 56472.4405017775915   21.664                 0.00000
C 1                894.999 56472.4412010476829   88.871                 0.00000
1                845.022 56472.4412009656152   45.423                 0.00000
1                795.048 56472.4412009684560   15.764                 0.00000
1                745.048 56472.4412009754301   18.687                 0.00000
1                894.999 56472.4418999450631   28.104                 0.00000
1                845.022 56472.4418998662629   34.507                 0.00000
1                795.048 56472.4418998685599   25.047                 0.00000
1                745.048 56472.4418998764297   41.750                 0.00000
1                894.999 56472.4425990433883   40.777                 0.00000
1                845.022 56472.4425989644392   27.495                 0.00000
1                795.048 56472.4425989668713   22.178                 0.00000
1                745.048 56472.4425989746015   14.598                 0.00000
C 1                894.999 56472.4430068811976   34.286                 0.00000
C 1                845.022 56472.4430068807720   36.273                 0.00000
C 1                795.048 56472.4430068079886   42.702                 0.00000
C 1                745.048 56472.4430068250609   58.856                 0.00000
1                894.999 56494.4463582358295   31.942                 0.00000
1                845.048 56494.4463581581913   24.765                 0.00000
C 1                795.048 56494.4463581528636   31.174                 0.00000
1                745.048 56494.4463581673257   35.864                 0.00000
1                894.999 56494.4470575333597   19.544                 0.00000
1                845.048 56494.4470574544236   35.415                 0.00000
1                795.048 56494.4470574579535   26.635                 0.00000
1                745.048 56494.4470574645435   22.719                 0.00000
1                894.999 56494.4477565325136   27.160                 0.00000
1                845.048 56494.4477564540113   22.585                 0.00000
1                795.048 56494.4477564574255   27.104                 0.00000
1                745.048 56494.4477564643899   29.415                 0.00000
1                894.999 56494.4484557313234   23.823                 0.00000
1                845.048 56494.4484556521263   32.342                 0.00000
1                795.048 56494.4484556549979   32.057                 0.00000
1                745.048 56494.4484556626619   26.706                 0.00000
C 1                894.999 56494.4488634174448   30.988                 0.00000
1                845.048 56494.4488633954767   41.020                 0.00000
C 1                795.048 56494.4488634065532   46.725                 0.00000
1                745.048 56494.4488634050609   44.712                 0.00000
1                894.999 56520.2693908244349   40.805                 0.00000
1                845.026 56520.2693907444590   34.407                 0.00000
1                795.048 56520.2693907497677   28.368                 0.00000
1                745.048 56520.2693907557422   33.256                 0.00000
1                894.999 56520.2700900244021   28.118                 0.00000
1                845.026 56520.2700899474483   27.021                 0.00000
1                795.048 56520.2700899494329   42.780                 0.00000
1                745.048 56520.2700899569318   27.433                 0.00000
1                894.999 56520.2707890274092   25.176                 0.00000
1                845.026 56520.2707889477385   23.870                 0.00000
1                795.048 56520.2707889506644   29.783                 0.00000
1                745.048 56520.2707889587091   40.586                 0.00000
1                894.999 56520.2714879300063   32.146                 0.00000
1                845.026 56520.2714878514646   26.304                 0.00000
1                795.048 56520.2714878541401   36.092                 0.00000
1                745.048 56520.2714878624497   42.582                 0.00000
C 1                894.999 56520.2718957722923   44.236                 0.00000
C 1                845.026 56520.2718956914600   39.959                 0.00000
C 1                795.048 56520.2718957226483   42.499                 0.00000
C 1                745.048 56520.2718956930487   32.332                 0.00000
1                819.999 56537.2941821862699   15.606                 0.00000
1                819.999 56537.2948814880987   18.430                 0.00000
1                819.999 56537.2955804941703   21.293                 0.00000
1                819.999 56537.2959883370493   38.415                 0.00000
1                819.980 56538.2770180474693   33.449                 0.00000
1                819.980 56538.2777171519351   38.018                 0.00000
1                819.980 56538.2784161561448   21.075                 0.00000
C 1                819.980 56538.2788240096582   37.152                 0.00000
1                819.774 56539.2653745395632   23.563                 0.00000
1                819.774 56539.2660737429050   15.837                 0.00000
1                819.774 56539.2667728478188   24.906                 0.00000
1                819.774 56539.2671805927355   46.555                 0.00000
1                819.999 56543.2602239886375   21.966                 0.00000
1                819.999 56543.2609232921795   25.924                 0.00000
1                819.999 56543.2616222978994   22.926                 0.00000
1                819.999 56543.2620300434023   49.492                 0.00000
C 1                819.906 56543.2932101218490   81.266                 0.00000
1                819.906 56543.2939092233196   35.950                 0.00000
1                819.906 56543.2945501360211   29.605                 0.00000
1                819.999 56546.2752934218760   17.656                 0.00000
1                819.999 56546.2759926266951   31.216                 0.00000
1                819.999 56546.2766916337733   15.055                 0.00000
1                819.999 56546.2773906404138   15.597                 0.00000
C 1                819.999 56546.2777984482087   28.242                 0.00000
1                819.999 56547.2298420693488   35.264                 0.00000
1                819.999 56547.2305411757900   26.692                 0.00000
1                819.999 56547.2312402811768   22.820                 0.00000
1                819.999 56547.2319393871738   22.097                 0.00000
1                819.999 56547.2326382951890   24.534                 0.00000
1                819.999 56547.2333374021171   20.029                 0.00000
1                819.999 56547.2340364077921   18.471                 0.00000
1                819.999 56547.2347355135645   19.063                 0.00000
1                819.999 56547.2354345208462   48.403                 0.00000
1                819.999 56547.2361336269304   18.562                 0.00000
1                819.999 56547.2368327320169   22.598                 0.00000
1                819.999 56547.2375317407289   22.250                 0.00000
1                819.999 56547.2382308468056   28.142                 0.00000
1                819.999 56547.2389298534239   19.716                 0.00000
1                819.999 56547.2395705677674   22.669                 0.00000
1                819.924 56547.4439740380376   25.956                 0.00000
1                819.924 56547.4446732436251   18.858                 0.00000
1                819.924 56547.4453721513168   17.577                 0.00000
1                819.924 56547.4460712572193   22.466                 0.00000
1                819.924 56547.4467703628199   17.721                 0.00000
1                819.924 56547.4474692710071   15.051                 0.00000
1                819.924 56547.4481685749783   22.505                 0.00000
1                819.924 56547.4488675818812   28.240                 0.00000
1                819.924 56547.4495666880668   39.533                 0.00000
1                819.924 56547.4502656955700   32.395                 0.00000
1                819.924 56547.4509065088422   35.224                 0.00000
1                819.924 56547.4516638090328   47.021                 0.00000
1                819.924 56547.4523628144257   20.937                 0.00000
1                819.924 56547.4530619207993   39.188                 0.00000
1                819.924 56547.4537027357240   42.249                 0.00000
1                819.999 56548.2236268855016   26.124                 0.00000
1                819.999 56548.2243260906403   29.842                 0.00000
1                819.999 56548.2250250990118   62.018                 0.00000
1                819.999 56548.2257242044708   29.455                 0.00000
1                819.999 56548.2264232114714   30.197                 0.00000
1                819.999 56548.2271223189746   37.267                 0.00000
1                819.999 56548.2278213249057   36.992                 0.00000
1                819.999 56548.2285203335110   26.585                 0.00000
1                819.999 56548.2292192407718   20.065                 0.00000
1                819.999 56548.2299183462381   26.912                 0.00000
1                819.999 56548.2306174527999   14.321                 0.00000
1                819.999 56548.2313164598329   24.808                 0.00000
1                819.999 56548.2320154671588   19.998                 0.00000
1                819.999 56548.2327145729199   39.376                 0.00000
1                819.999 56548.2333553874706   22.170                 0.00000
1                819.999 56550.3373420452319   31.686                 0.00000
1                819.999 56550.3380412507534   27.214                 0.00000
1                819.999 56550.3387402589673   27.381                 0.00000
1                819.999 56550.3394393652977   21.733                 0.00000
1                819.999 56550.3401382738029   19.007                 0.00000
1                819.999 56550.3408374802711   27.583                 0.00000
1                819.999 56550.3415363884248   31.943                 0.00000
1                819.999 56550.3422355945276   23.708                 0.00000
1                819.999 56550.3429345009372   17.246                 0.00000
1                819.999 56550.3436337084446   35.913                 0.00000
1                819.999 56550.3443328154713   31.890                 0.00000
1                819.999 56550.3450318224584   19.491                 0.00000
1                819.999 56550.3457425272636   29.233                 0.00000
1                819.999 56550.3464299369328   23.399                 0.00000
1                819.999 56550.3470707523189   24.807                 0.00000
1                819.980 56551.2267518777948   24.885                 0.00000
1                819.980 56551.2274510844614   25.364                 0.00000
1                819.980 56551.2281500927816   22.308                 0.00000
1                819.980 56551.2288491985498   33.166                 0.00000
1                819.980 56551.2292568457863   46.255                 0.00000
1                819.931 56552.3438930198708   21.400                 0.00000
1                819.931 56552.3445922267736   19.783                 0.00000
1                819.931 56552.3452913337721   24.235                 0.00000
1                819.931 56552.3459903422792   19.664                 0.00000
1                819.931 56552.3466894488290   26.733                 0.00000
1                819.931 56552.3473884562206   21.660                 0.00000
1                819.931 56552.3480875639649   23.641                 0.00000
1                819.931 56552.3487865718263   24.603                 0.00000
1                819.931 56552.3494856800251   18.025                 0.00000
1                819.931 56552.3501846870498   18.884                 0.00000
1                819.931 56552.3508836957252   26.686                 0.00000
1                819.931 56552.3515828022433   19.718                 0.00000
1                819.931 56552.3522818109650   27.288                 0.00000
1                819.931 56552.3529809174378   20.643                 0.00000
1                819.931 56552.3536217315905   30.056                 0.00000
1                819.980 56554.3724462920299   20.543                 0.00000
1                819.980 56554.3731454986362   14.605                 0.00000
1                819.980 56554.3738446071247   48.175                 0.00000
1                819.980 56554.3745436148375   27.253                 0.00000
1                819.980 56554.3752425251183   17.744                 0.00000
1                819.980 56554.3759416312635   20.209                 0.00000
1                819.980 56554.3766405409618   19.155                 0.00000
1                819.980 56554.3773397468112   33.417                 0.00000
1                819.980 56554.3780387555985   29.680                 0.00000
1                819.980 56554.3787377648106   19.435                 0.00000
1                819.980 56554.3794368718892   25.169                 0.00000
1                819.980 56554.3801357822381   19.938                 0.00000
1                819.980 56554.3808349879987   24.021                 0.00000
1                819.980 56554.3815338974252   24.588                 0.00000
1                819.980 56554.3821748123303   28.719                 0.00000
1                819.999 56555.2417403263341   36.370                 0.00000
1                819.999 56555.2424395346241   17.387                 0.00000
1                819.999 56555.2431385423868   17.600                 0.00000
1                819.999 56555.2438375508438   28.175                 0.00000
1                819.999 56555.2442452977346   31.449                 0.00000
C 1                894.997 56586.1988583172885   54.657                 0.00000
1                845.024 56586.1988583029787   21.941                 0.00000
1                795.048 56586.1988583073291   22.894                 0.00000
1                745.050 56586.1988583143611   18.538                 0.00000
1                894.997 56586.1995575959976   37.195                 0.00000
1                845.024 56586.1995575183003   21.960                 0.00000
1                795.048 56586.1995575208374   24.482                 0.00000
1                745.050 56586.1995575285543   20.952                 0.00000
1                894.997 56586.2002567129058   28.803                 0.00000
1                845.024 56586.2002566335486   28.788                 0.00000
1                795.048 56586.2002566358226   24.518                 0.00000
1                745.050 56586.2002566436676   34.334                 0.00000
1                894.997 56586.2009557272588   23.744                 0.00000
1                845.024 56586.2009556486397   21.155                 0.00000
1                795.048 56586.2009556510442   30.913                 0.00000
1                745.050 56586.2009556593280   19.706                 0.00000
C 1                894.997 56586.2013634553131   54.173                 0.00000
C 1                845.024 56586.2013634623677   33.484                 0.00000
C 1                795.048 56586.2013634186604   39.657                 0.00000
C 1                745.050 56586.2013634090742   27.278                 0.00000
1                894.999 56608.1057215749231   39.017                 0.00000
1                845.048 56608.1057214963395   25.547                 0.00000
1                795.048 56608.1057214987779   26.169                 0.00000
1                745.048 56608.1057215063091   17.395                 0.00000
1                894.999 56608.1064208937008   20.263                 0.00000
1                845.048 56608.1064208141076   32.578                 0.00000
1                795.048 56608.1064208171734   21.402                 0.00000
1                745.048 56608.1064208243761   18.283                 0.00000
1                894.999 56608.1071200130617   27.651                 0.00000
1                845.048 56608.1071199333717   18.999                 0.00000
1                795.048 56608.1071199372848   21.873                 0.00000
1                745.048 56608.1071199438521   16.029                 0.00000
1                894.999 56608.1078190329065   28.877                 0.00000
1                845.048 56608.1078189543669   22.991                 0.00000
1                795.048 56608.1078189575122   18.323                 0.00000
1                745.048 56608.1078189640616   19.776                 0.00000
C 1                894.999 56608.1082266995272   27.188                 0.00000
1                845.048 56608.1082267080743   46.714                 0.00000
1                795.048 56608.1082267123276   60.987                 0.00000
1                745.048 56608.1082267178329   25.311                 0.00000
1                819.484 56638.0037771308439   21.325                 0.00000
1                819.484 56638.0044764542792   18.305                 0.00000
1                819.484 56638.0051754785146   23.514                 0.00000
1                819.484 56638.0058744048827   26.525                 0.00000
1                819.484 56638.0062822581527   25.423                 0.00000
1                894.997 56670.9362657848794   27.046                 0.00000
1                845.048 56670.9362657076299   21.102                 0.00000
1                795.048 56670.9362657113792   23.316                 0.00000
1                745.050 56670.9362657183750   22.948                 0.00000
C 1                894.997 56670.9369650036116   49.210                 0.00000
1                845.048 56670.9369649327604   32.810                 0.00000
1                795.048 56670.9369649358497   35.550                 0.00000
1                745.050 56670.9369649426521   39.183                 0.00000
1                894.997 56670.9376639388516   36.149                 0.00000
1                845.048 56670.9376638592244   72.824                 0.00000
1                795.048 56670.9376638632527   22.519                 0.00000
1                745.050 56670.9376638705717   40.174                 0.00000
1                894.997 56670.9383629652816   30.962                 0.00000
C 1                845.048 56670.9383629201570   30.339                 0.00000
1                795.048 56670.9383628888740   27.051                 0.00000
1                745.050 56670.9383628966945   25.764                 0.00000
C 1                894.997 56670.9387706785579   34.092                 0.00000
C 1                845.048 56670.9387706471497   37.769                 0.00000
C 1                795.048 56670.9387706411675   37.877                 0.00000
C 1                745.050 56670.9387706547863   32.865                 0.00000
TIME -0.00002048
TIME +0.00004096
C 1                387.501 56901.0649051485323   99.313                 0.00000
1                362.527 56901.0649051328842   68.121                 0.00000
1                337.507 56901.0649051706464   45.628                 0.00000
1                312.508 56901.0649052139682   57.507                 0.00000
1                387.501 56901.0656049998787  108.341                 0.00000
1                362.527 56901.0656049301789   51.118                 0.00000
1                337.507 56901.0656049677852   41.209                 0.00000
1                312.508 56901.0656050122184   56.364                 0.00000
C 1                387.501 56901.0663040824962  118.117                 0.00000
1                362.527 56901.0663040338611   63.113                 0.00000
1                337.507 56901.0663040716621   47.839                 0.00000
1                312.508 56901.0663040163496   63.259                 0.00000
1                387.501 56901.0670031091094  108.690                 0.00000
1                362.527 56901.0670030360795   80.102                 0.00000
1                337.507 56901.0670030753215   52.203                 0.00000
1                312.508 56901.0670030201292   45.738                 0.00000
C 1                387.501 56901.0676437781090  115.517                 0.00000
1                362.527 56901.0676437502690   53.156                 0.00000
1                337.507 56901.0676437874682  116.860                 0.00000
1                312.508 56901.0676438317332   55.996                 0.00000
1                350.042 56965.0410048617616   53.155                 0.00000
1                350.042 56965.0417044759949   55.768                 0.00000
1                350.042 56965.0424034949845   43.132                 0.00000
1                350.042 56965.0431025128265   61.480                 0.00000
1                350.042 56965.0438015316874   66.263                 0.00000
1                387.494 57034.7681229719911   82.814                 0.00000
1                362.496 57034.7681229025417   59.314                 0.00000
1                337.512 57034.7681229373702   37.415                 0.00000
1                312.506 57034.7681229792910  146.653                 0.00000
C 1                387.494 57034.7688226742834  168.651                 0.00000
1                362.496 57034.7688226236842   69.757                 0.00000
1                337.512 57034.7688226570674   55.648                 0.00000
1                312.506 57034.7688227013003   45.047                 0.00000
1                387.494 57034.7695217164681   90.956                 0.00000
1                362.496 57034.7695216487818   61.241                 0.00000
1                337.512 57034.7695216831939   50.710                 0.00000
C 1                312.506 57034.7695216313765  121.256                 0.00000
C 1                387.494 57034.7702207112764   82.419                 0.00000
C 1                362.496 57034.7702206842557  101.908                 0.00000
1                337.512 57034.7702207108876   50.765                 0.00000
1                312.506 57034.7702207539095   73.135                 0.00000
1                387.494 57034.7708614783999  119.136                 0.00000
1                362.496 57034.7708614082205   80.730                 0.00000
1                337.512 57034.7708614445440   66.584                 0.00000
1                312.506 57034.7708614874917   55.750                 0.00000
TIME -0.00004096
JUMP                                                                            
t                119.465 56645.4922481389632   87.295                 0.00000   
t                139.691 56645.4922481329638   83.387                 0.00000   
t                158.743 56645.4922481236872   50.830                 0.00000   
t                178.395 56645.4922481511519   94.164                 0.00000   
t                119.202 56645.4935330295033   80.869                 0.00000   
t                139.786 56645.4935330748410   49.563                 0.00000   
t                158.883 56645.4935330638017   52.997                 0.00000   
t                178.339 56645.4935330408121   57.405                 0.00000   
t                119.281 56645.4944974894814   57.133                 0.00000   
t                140.006 56645.4944974509016   88.416                 0.00000   
t                158.751 56645.4944974653636   47.937                 0.00000   
t                178.352 56645.4944974482029   61.992                 0.00000   
t                119.383 56674.4553394684330   57.680                 0.00000   
t                139.465 56674.4553394591959   45.697                 0.00000   
t                158.889 56674.4553394851434   59.656                 0.00000   
t                178.442 56674.4553394710383   54.249                 0.00000   
t                119.697 56674.4566090204189   64.808                 0.00000   
t                139.465 56674.4566090256291   81.952                 0.00000   
t                158.805 56674.4566090706584   56.094                 0.00000   
t                178.421 56674.4566090598987   67.553                 0.00000   
t                119.553 56674.4577545325096   54.563                 0.00000   
t                139.440 56674.4577545252983   56.628                 0.00000   
t                158.835 56674.4577544755685   47.740                 0.00000   
t                178.460 56674.4577544700150   62.855                 0.00000   
t                119.037 56709.3720747043693  140.509                 0.00000   
t                139.856 56709.3720746667166   61.250                 0.00000   
t                158.711 56709.3720747360145   49.526                 0.00000   
t                178.439 56709.3720746768332   49.049                 0.00000   
t                119.067 56709.3733560658004  155.150                 0.00000   
t                140.185 56709.3733560616176   51.663                 0.00000   
t                158.684 56709.3733560318636   58.630                 0.00000   
t                178.446 56709.3733560290516   55.985                 0.00000   
t                119.130 56709.3742570254136   63.405                 0.00000   
t                139.951 56709.3742569981621   68.049                 0.00000   
t                158.897 56709.3742570035283   72.498                 0.00000   
t                178.404 56709.3742570351184   59.341                 0.00000   
t                119.305 56753.2886848767497   94.374                 0.00000   
t                139.428 56753.2886848849608   84.241                 0.00000   
t                158.866 56753.2886848688826   51.908                 0.00000   
t                178.278 56753.2886848797035   61.634                 0.00000   
t                119.502 56753.2899869978624   59.727                 0.00000   
t                139.539 56753.2899870183923   75.763                 0.00000   
t                158.864 56753.2899870320568   46.941                 0.00000   
t                178.336 56753.2899869863640   69.819                 0.00000   
t                119.342 56753.2910744480233   69.394                 0.00000   
t                139.528 56753.2910744741126   52.449                 0.00000   
t                158.844 56753.2910744892451   43.571                 0.00000   
t                178.371 56753.2910744818970   55.797                 0.00000   
C t                119.263 56752.2164455033153  127.682                 0.00000   
t                139.477 56752.2164455076192   54.846                 0.00000   
t                158.699 56752.2164454237568   39.275                 0.00000   
t                178.344 56752.2164454391082   95.189                 0.00000   
t                119.303 56752.2176617122977   72.059                 0.00000   
t                139.634 56752.2176616996292   81.479                 0.00000   
t                158.697 56752.2176616344830   53.314                 0.00000
t                178.354 56752.2176616375061   56.098                 0.00000
t                119.153 56752.2188626452789   77.951                 0.00000
t                139.648 56752.2188626103324   65.031                 0.00000
t                158.717 56752.2188626466660   60.964                 0.00000
t                178.345 56752.2188625900752   48.295                 0.00000
t                149.054 56782.1908734519360   44.371                 0.00000
t                148.979 56782.1919223341081   25.041                 0.00000
t                148.501 56782.1932028749372   26.568                 0.00000
t                143.462 56852.1589179987279   43.551                 0.00000
t                145.327 56852.1600740790802   80.826                 0.00000
t                146.426 56852.1612242816913   68.067                 0.00000
t                119.480 56911.8352963952072   97.931                 0.00000
t                140.422 56911.8352964642064   49.299                 0.00000
t                158.687 56911.8352964044195   85.490                 0.00000
t                178.710 56911.8352964477295   89.655                 0.00000
t                119.475 56911.8364597690831   64.040                 0.00000
t                141.276 56911.8364598308990   68.756                 0.00000
t                158.687 56911.8364597618010   47.643                 0.00000
C t                178.569 56911.8364598426868  102.100                 0.00000
C t                119.380 56911.8376080656715  136.740                 0.00000
t                139.793 56911.8376080791217   61.122                 0.00000
t                158.685 56911.8376080545468   57.406                 0.00000
t                178.973 56911.8376080413125   79.686                 0.00000
t                148.769 56943.7478036705609   36.281                 0.00000
t                148.474 56943.7489767556263   68.999                 0.00000
t                146.872 56943.7501294716946   38.294                 0.00000
t                148.848 56973.6658651129692   49.102                 0.00000
t                147.098 56973.6670132163016   98.914                 0.00000
t                148.579 56973.6681713065413   39.466                 0.00000
JUMP
TIME +0.00000384                                                                
1                820.780 57079.5221141668101   22.034                 0.00000
1                820.781 57079.5228394589187   24.616                 0.00000
1                820.781 57079.5235647519954   19.394                 0.00000
1                820.781 57079.5242899449557   24.377                 0.00000
1                820.781 57079.5250152369238   16.144                 0.00000
1                820.781 57079.5257405308286   20.089                 0.00000
1                820.781 57079.5264657243398   23.403                 0.00000
1                820.781 57079.5271910167185   34.978                 0.00000
1                820.781 57079.5279163090205   39.925                 0.00000
1                820.781 57079.5283998041848   42.095                 0.00000
1                820.780 57100.3151581939236   34.933                 0.00000
1                820.781 57100.3158833825286   21.053                 0.00000
1                820.781 57100.3166086708734   20.449                 0.00000
1                820.781 57100.3173339581502   16.131                 0.00000
1                820.781 57100.3180592463380   14.341                 0.00000
1                820.781 57100.3187844350532   17.244                 0.00000
1                820.781 57100.3195097230139   21.436                 0.00000
1                820.781 57100.3202350113349   17.552                 0.00000
1                820.781 57100.3209602989839   21.400                 0.00000
1                820.781 57100.3214437916416   38.606                 0.00000
1                820.780 57130.2987113228459   14.363                 0.00000
1                820.781 57130.2994366031343   28.361                 0.00000
1                820.781 57130.3001617857543   22.899                 0.00000
1                820.781 57130.3008870657442   28.232                 0.00000
1                820.781 57130.3016123462953   32.293                 0.00000
1                820.781 57130.3023376283551   31.355                 0.00000
1                820.781 57130.3030629082975   22.568                 0.00000
1                820.781 57130.3037881890564   37.810                 0.00000
C 1                820.781 57130.3042716809643   41.381                 0.00000
1                820.780 57163.2227363309548   13.190                 0.00000
1                820.780 57193.2026989346461   57.941                 0.00000
1                820.780 57223.0119236015439   17.613                 0.00000
TIME -0.00000384
TIME +0.00008192
1                387.499 57447.5735628099521   51.075                 0.00000
1                361.186 57447.5735627943004   37.999                 0.00000
1                337.511 57447.5735627766451   28.371                 0.00000
1                312.511 57447.5735628201753   28.609                 0.00000
1                387.499 57447.5742625254239   49.018                 0.00000
1                361.186 57447.5742625092413   39.745                 0.00000
1                337.511 57447.5742624905049   28.243                 0.00000
1                312.511 57447.5742624359941   31.233                 0.00000
1                387.499 57447.5749615461102   41.263                 0.00000
1                361.186 57447.5749615293394   40.885                 0.00000
1                337.511 57447.5749615116997   26.685                 0.00000
1                312.511 57447.5749615544671   25.668                 0.00000
1                387.499 57447.5756605667857   40.293                 0.00000
1                361.186 57447.5756605513276   49.692                 0.00000
1                337.511 57447.5756605320915   20.416                 0.00000
1                312.511 57447.5756605756966   31.818                 0.00000
1                387.499 57447.5763596865158   47.247                 0.00000
1                361.186 57447.5763596708143   33.264                 0.00000
1                337.511 57447.5763596520742   23.160                 0.00000
1                312.511 57447.5763596948598   32.429                 0.00000
1                387.499 57447.5770587068703   39.928                 0.00000
1                361.186 57447.5770586911456   35.916                 0.00000
1                337.511 57447.5770586728746   27.981                 0.00000
1                312.511 57447.5770587157634   26.488                 0.00000
1                387.499 57447.5777577274200   60.973                 0.00000
1                361.186 57447.5777577114294   52.091                 0.00000
1                337.511 57447.5777576930966   25.884                 0.00000
1                312.511 57447.5777577362306   42.539                 0.00000
1                387.499 57447.5783985541206   54.882                 0.00000
1                361.186 57447.5783985380094   47.924                 0.00000
1                337.511 57447.5783985201987   25.146                 0.00000
1                312.511 57447.5783985638170   26.718                 0.00000
TIME -0.00008192
