MODE 1
TIME +0.00008192
1                350.005 56081.3812737554036  2167.686                 0.00000
1                350.005 56081.3819801278560  2495.792                 0.00000
1                350.005 56081.3826704453753  3796.107                 0.00000
1                350.005 56081.3833767397371  2505.522                 0.00000
1                350.005 56081.3840188494341  1829.299                 0.00000
C 1                350.048 56081.5234229968682  5837.962                 0.00000
1                350.048 56081.5241300212833  2221.951                 0.00000
1                350.048 56081.5248201870719  1541.431                 0.00000
1                350.048 56081.5255265916773  3276.664                 0.00000
1                350.048 56081.5261687877747  2587.306                 0.00000
C 1                350.008 56081.6518959538062  3099.447                 0.00000
C 1                350.008 56081.6526032720485  2995.824                 0.00000
1                350.008 56081.6532929907321  2477.875                 0.00000
1                350.008 56081.6539992633473  4881.050                 0.00000
1                350.008 56081.6546414305863  2465.274                 0.00000
1                350.018 56085.1900561634383  2478.665                 0.00000
1                350.018 56085.1907465380902  2184.073                 0.00000
1                350.018 56085.1914528566857  2788.068                 0.00000
1                350.018 56085.1921430922308  2121.905                 0.00000
1                350.018 56085.1927852337111  2982.611                 0.00000
1                350.025 56085.3126695304427  2402.939                 0.00000
1                350.025 56085.3133759374139  2438.885                 0.00000
1                350.025 56085.3140661737193  2577.398                 0.00000
1                350.025 56085.3147725321189  2082.147                 0.00000
1                350.025 56085.3153985617602  2104.807                 0.00000
1                349.998 56085.4381565373698  2951.820                 0.00000
1                349.998 56085.4388467856861  3197.312                 0.00000
1                349.998 56085.4395531144321  2385.065                 0.00000
1                349.998 56085.4402594028573  2457.354                 0.00000
1                349.998 56085.4408855238753  2282.000                 0.00000
1                350.017 56086.3935074405677  2559.357                 0.00000
1                350.017 56086.3942136646281  1414.916                 0.00000
1                350.017 56086.3949039847548  1545.395                 0.00000
1                350.017 56086.3955942904344  1172.196                 0.00000
1                350.017 56086.3962202904468  1763.817                 0.00000
1                350.019 56086.5416774046490  1576.680                 0.00000
1                350.019 56086.5423516251057  1463.999                 0.00000
1                350.019 56086.5430579513666  1686.394                 0.00000
1                350.019 56086.5437482282602  1740.146                 0.00000
1                350.019 56086.5444064190177  2887.989                 0.00000
1                350.015 56089.3206441197836  1153.504                 0.00000
1                350.015 56089.3213504039207  1777.681                 0.00000
1                350.015 56089.3220567971249  1596.059                 0.00000
1                350.015 56089.3227631178289  1146.182                 0.00000
1                350.015 56089.3234213113869  1481.658                 0.00000
TIME -0.00008192
TIME +0.00002048
1                894.887 56328.8346297330401  2658.177                 0.00000
1                845.024 56328.8346307415745  2087.384                 0.00000
1                795.048 56328.8346319055600  1656.449                 0.00000
1                745.048 56328.8346332718648  2739.224                 0.00000
1                894.887 56328.8353200656135  2744.901                 0.00000
1                845.024 56328.8353210846197  5682.156                 0.00000
1                795.048 56328.8353222328849  2577.217                 0.00000
1                745.048 56328.8353235841972  2694.550                 0.00000
1                894.887 56328.8357857039922  2014.222                 0.00000
1                845.024 56328.8357866522376  1676.425                 0.00000
1                795.048 56328.8357878027773  1832.316                 0.00000
1                745.048 56328.8357892010080  2228.905                 0.00000
1                895.003 56328.8364759812068  1112.845                 0.00000
1                845.000 56328.8364769494326  1015.378                 0.00000
1                795.048 56328.8364781014293  1360.844                 0.00000
1                745.048 56328.8364794571549  1095.920                 0.00000
1                895.003 56328.8371984002150  1209.757                 0.00000
1                845.000 56328.8371993618974  1133.222                 0.00000
1                795.048 56328.8372004922641  1403.166                 0.00000
1                745.048 56328.8372018674100  934.456                 0.00000
1                895.003 56328.8376639796053  1129.605                 0.00000
1                845.000 56328.8376649470670  1113.294                 0.00000
1                795.048 56328.8376660574165  1452.538                 0.00000
1                745.048 56328.8376674109971  2297.537                 0.00000
1                894.627 56328.8383703059485  3014.557                 0.00000
1                845.004 56328.8383712470375  1980.637                 0.00000
1                795.048 56328.8383723930317  2573.221                 0.00000
1                745.048 56328.8383737913223  1843.756                 0.00000
1                894.627 56328.8390766901080  1773.466                 0.00000
1                845.004 56328.8390776385865  2678.420                 0.00000
C 1                795.048 56328.8390803067703  4531.094                 0.00000
1                745.048 56328.8390801027025  3008.750                 0.00000
1                894.627 56328.8395422403038  2996.012                 0.00000
1                845.004 56328.8395431776591  2885.119                 0.00000
1                795.048 56328.8395442992203  3308.958                 0.00000
C 1                745.048 56328.8395461543266  4022.891                 0.00000
1                819.372 56328.8463345183227  2070.474                 0.00000
1                894.763 56332.7171096179351  1109.628                 0.00000
1                845.677 56332.7171105437919  1116.340                 0.00000
1                795.048 56332.7171116804826  1105.510                 0.00000
1                745.048 56332.7171130709689  931.084                 0.00000
1                894.763 56332.7177517228566  850.026                 0.00000
1                845.677 56332.7177526766784  868.851                 0.00000
1                795.048 56332.7177538365416  782.076                 0.00000
1                745.048 56332.7177551956510  822.409                 0.00000
1                894.763 56332.7184420425120  1064.103                 0.00000
1                845.677 56332.7184429505155  1295.111                 0.00000
1                795.048 56332.7184441092188  1358.855                 0.00000
1                745.048 56332.7184454820251  1077.478                 0.00000
1                894.763 56332.7191644485657  1212.189                 0.00000
1                845.677 56332.7191654009769  1017.724                 0.00000
1                795.048 56332.7191665347634  1099.992                 0.00000
1                745.048 56332.7191679037384  1017.427                 0.00000
1                894.763 56332.7196299918172  1867.595                 0.00000
1                845.677 56332.7196309667069  1925.191                 0.00000
1                795.048 56332.7196320812189  1200.051                 0.00000
1                745.048 56332.7196334463829  1339.356                 0.00000
1                894.999 56348.7876060473019  918.887                 0.00000
1                845.048 56348.7876069731490  814.171                 0.00000
1                795.048 56348.7876081326637  817.570                 0.00000
1                745.048 56348.7876094689907  1157.725                 0.00000
1                894.999 56348.7882481529945  1106.125                 0.00000
1                845.048 56348.7882491026185  1159.920                 0.00000
1                795.048 56348.7882502615999  958.865                 0.00000
1                744.880 56348.7882516201139  1320.669                 0.00000
C 1                894.999 56348.7890022229374  2643.734                 0.00000
1                845.048 56348.7890036156027  1264.955                 0.00000
1                795.048 56348.7890047667921  1850.449                 0.00000
1                745.048 56348.7890061317972  1086.905                 0.00000
1                894.999 56348.7897090240567  920.905                 0.00000
1                845.048 56348.7897099637272  764.453                 0.00000
1                795.048 56348.7897111298841  922.087                 0.00000
1                745.048 56348.7897124777164  974.385                 0.00000
1                894.999 56348.7901745644837  1054.590                 0.00000
1                845.048 56348.7901755487067  1232.952                 0.00000
1                795.048 56348.7901766464076  1236.445                 0.00000
1                745.048 56348.7901780424638  1260.862                 0.00000
1                894.472 56365.7548218384185  1015.122                 0.00000
1                844.932 56365.7548228020004  944.478                 0.00000
1                795.048 56365.7548238937055  1061.397                 0.00000
1                745.052 56365.7548252745838  1278.776                 0.00000
1                894.472 56365.7555121406338  1039.645                 0.00000
1                844.932 56365.7555130802302  887.738                 0.00000
1                795.048 56365.7555142244221  953.023                 0.00000
1                745.052 56365.7555155916852  1148.285                 0.00000
1                894.472 56365.7562185086941  1099.526                 0.00000
1                844.932 56365.7562194369746  824.500                 0.00000
1                795.048 56365.7562205382057  1321.306                 0.00000
1                745.052 56365.7562219452949  981.650                 0.00000
1                894.472 56365.7569087388245  1379.789                 0.00000
1                844.932 56365.7569097001876  1204.650                 0.00000
1                795.048 56365.7569108385699  1221.516                 0.00000
1                745.052 56365.7569122639752  1860.392                 0.00000
1                894.472 56365.7573903562698  1513.561                 0.00000
1                844.932 56365.7573912990954  2338.733                 0.00000
1                795.048 56365.7573924316939  1912.242                 0.00000
1                745.052 56365.7573937979288  2377.504                 0.00000
1                895.050 56389.6206321218605  822.638                 0.00000
1                845.222 56389.6206330645142  816.394                 0.00000
1                795.048 56389.6206341765690  1078.007                 0.00000
1                745.054 56389.6206355799741  839.244                 0.00000
1                895.050 56389.6213223715115  1504.710                 0.00000
1                845.222 56389.6213233112807  1232.046                 0.00000
1                795.048 56389.6213244663616  1662.170                 0.00000
1                745.054 56389.6213258369450  1924.865                 0.00000
1                895.050 56389.6220287191162  929.932                 0.00000
1                845.222 56389.6220296601587  723.412                 0.00000
1                795.048 56389.6220307999863  910.839                 0.00000
1                745.054 56389.6220321827383  814.749                 0.00000
1                895.050 56389.6227350516956  1841.160                 0.00000
1                845.222 56389.6227360155888  2009.592                 0.00000
1                795.048 56389.6227371486055  1765.898                 0.00000
1                745.054 56389.6227385125310  1393.853                 0.00000
1                895.050 56389.6232006362828  1384.599                 0.00000
1                845.222 56389.6232015585860  1669.855                 0.00000
1                795.048 56389.6232027070889  1395.655                 0.00000
1                745.054 56389.6232040774104  1158.573                 0.00000
1                894.920 56406.5942754936273  1234.639                 0.00000
1                845.004 56406.5942764645922  1098.107                 0.00000
1                795.048 56406.5942776280990  2675.969                 0.00000
1                745.045 56406.5942789799057  1183.757                 0.00000
1                894.920 56406.5949818416917  989.317                 0.00000
1                845.004 56406.5949827968112  1094.439                 0.00000
1                795.048 56406.5949839391733  1602.448                 0.00000
1                745.045 56406.5949852957840  1320.139                 0.00000
1                894.920 56406.5956721174158  852.089                 0.00000
1                845.004 56406.5956730986499  867.966                 0.00000
1                795.048 56406.5956742275845  1051.357                 0.00000
1                745.045 56406.5956755754469  943.293                 0.00000
1                894.920 56406.5963784405796  1642.990                 0.00000
1                845.004 56406.5963793938040  1486.636                 0.00000
C 1                795.048 56406.5963756482822  4533.835                 0.00000
1                745.045 56406.5963819095510  1176.534                 0.00000
1                894.920 56406.5968439685507  3025.879                 0.00000
1                845.004 56406.5968449456361  1768.972                 0.00000
C 1                795.048 56406.5968422266660  4533.014                 0.00000
1                745.045 56406.5968474306832  2142.612                 0.00000
1                895.284 56426.5503173137763  1351.968                 0.00000
1                844.976 56426.5503182745729  850.140                 0.00000
1                795.048 56426.5503193847522  1509.656                 0.00000
1                745.913 56426.5503207532263  1202.886                 0.00000
1                895.284 56426.5510075782854  1312.992                 0.00000
1                844.976 56426.5510085251974  924.635                 0.00000
1                795.048 56426.5510096678386  963.671                 0.00000
1                745.913 56426.5510110029839  1136.179                 0.00000
1                895.284 56426.5517139265087  968.451                 0.00000
1                844.976 56426.5517148882886  721.272                 0.00000
1                795.048 56426.5517160347237  995.687                 0.00000
1                745.913 56426.5517173573922  758.814                 0.00000
1                895.284 56426.5524202286799  1273.659                 0.00000
1                844.976 56426.5524211931924  830.615                 0.00000
1                795.048 56426.5524223368326  1766.958                 0.00000
1                745.913 56426.5524236648548  1747.164                 0.00000
1                895.284 56426.5528857544612  3413.303                 0.00000
1                844.976 56426.5528867547502  2446.107                 0.00000
1                795.048 56426.5528878482524  2639.599                 0.00000
1                745.913 56426.5528892127909  2887.441                 0.00000
1                896.645 56451.4651302193353  1404.822                 0.00000
1                845.127 56451.4651312157968  933.358                 0.00000
1                794.828 56451.4651323580627  1276.000                 0.00000
1                745.048 56451.4651337188612  982.611                 0.00000
1                896.645 56451.4658365676664  1715.838                 0.00000
1                845.127 56451.4658375202418  1004.126                 0.00000
1                794.828 56451.4658386637309  1457.910                 0.00000
1                745.048 56451.4658400641830  1163.568                 0.00000
1                896.645 56451.4665268525715  1374.158                 0.00000
1                845.127 56451.4665278064291  1405.835                 0.00000
C 1                794.828 56451.4665267232137  3014.193                 0.00000
1                745.048 56451.4665303320810  1109.315                 0.00000
1                896.645 56451.4672331938464  1240.253                 0.00000
1                845.127 56451.4672341469668  712.673                 0.00000
1                794.828 56451.4672353020993  1409.349                 0.00000
1                745.048 56451.4672366489723  1235.277                 0.00000
1                896.645 56451.4676987412527  1389.573                 0.00000
1                845.127 56451.4676997148109  1177.067                 0.00000
1                794.828 56451.4677008798824  1541.646                 0.00000
1                745.048 56451.4677022500251  981.916                 0.00000
1                897.784 56472.3899222749969  1112.729                 0.00000
1                845.022 56472.3899232725461  822.483                 0.00000
1                795.048 56472.3899244133278  1472.480                 0.00000
1                745.890 56472.3899257618923  1130.375                 0.00000
1                897.784 56472.3906286288622  1768.471                 0.00000
1                845.022 56472.3906296066061  932.325                 0.00000
1                795.048 56472.3906307309703  1913.830                 0.00000
1                745.890 56472.3906320863822  1227.234                 0.00000
1                897.784 56472.3913189167958  1043.464                 0.00000
1                845.022 56472.3913199122799  943.605                 0.00000
1                795.048 56472.3913210063840  1712.763                 0.00000
1                745.890 56472.3913223836980  1102.160                 0.00000
1                897.784 56472.3920252490594  1134.737                 0.00000
1                845.022 56472.3920262357496  956.716                 0.00000
1                795.048 56472.3920273833765  1078.556                 0.00000
1                745.890 56472.3920287255921  976.944                 0.00000
1                897.784 56472.3924907118664  3496.138                 0.00000
1                845.022 56472.3924917354110  1850.037                 0.00000
C 1                795.048 56472.3924934928219  13788.665                 0.00000
1                745.890 56472.3924942712599  3065.970                 0.00000
1                894.999 56494.3962118679424  1091.766                 0.00000
1                845.024 56494.3962127870145  1086.734                 0.00000
1                795.048 56494.3962139418043  1022.885                 0.00000
1                745.048 56494.3962153141365  1103.235                 0.00000
1                894.999 56494.3969021753453  829.646                 0.00000
1                845.024 56494.3969031252492  853.252                 0.00000
1                795.048 56494.3969042409613  1012.290                 0.00000
1                745.048 56494.3969056442521  799.232                 0.00000
1                894.999 56494.3976085196432  1399.417                 0.00000
1                845.024 56494.3976094492612  1254.173                 0.00000
1                795.048 56494.3976106114382  970.659                 0.00000
1                745.048 56494.3976119586562  1250.533                 0.00000
1                894.999 56494.3982988018561  922.681                 0.00000
1                845.024 56494.3982997764328  943.366                 0.00000
1                795.048 56494.3983009234611  1154.625                 0.00000
1                745.048 56494.3983022814137  1221.812                 0.00000
1                894.999 56494.3987643656170  1344.248                 0.00000
1                845.024 56494.3987653160057  1342.811                 0.00000
1                795.048 56494.3987664988160  1333.134                 0.00000
1                745.048 56494.3987678536574  1521.052                 0.00000
1                895.182 56520.2209094750011  1420.174                 0.00000
1                845.026 56520.2209103871342  1228.166                 0.00000
1                795.048 56520.2209115291004  1159.450                 0.00000
1                745.048 56520.2209129215714  1390.070                 0.00000
1                895.182 56520.2216157892136  1273.530                 0.00000
1                845.026 56520.2216167441213  1043.669                 0.00000
1                795.048 56520.2216178938653  1131.711                 0.00000
1                745.048 56520.2216192462961  1585.249                 0.00000
1                895.182 56520.2223703467328  1602.691                 0.00000
1                845.026 56520.2223712691683  1321.380                 0.00000
1                795.048 56520.2223723840755  1546.467                 0.00000
1                745.048 56520.2223737964515  1599.798                 0.00000
1                895.182 56520.2229482965891  1168.949                 0.00000
1                845.026 56520.2229492294830  982.164                 0.00000
1                795.048 56520.2229503594140  1200.189                 0.00000
1                745.048 56520.2229517173822  1436.307                 0.00000
1                895.225 56537.2474365387061  1271.961                 0.00000
1                845.024 56537.2474374710226  1209.593                 0.00000
1                795.048 56537.2474386361602  1177.384                 0.00000
1                745.048 56537.2474399826280  1656.448                 0.00000
1                895.225 56537.2481268645853  1264.634                 0.00000
1                845.024 56537.2481278147599  879.835                 0.00000
1                795.048 56537.2481289501085  1042.376                 0.00000
1                745.048 56537.2481303042831  1968.950                 0.00000
1                895.225 56537.2488332285122  1313.104                 0.00000
1                845.024 56537.2488341713857  1178.629                 0.00000
1                795.048 56537.2488352932915  1248.579                 0.00000
1                745.048 56537.2488367011584  1156.010                 0.00000
1                895.225 56537.2492345357503  2737.287                 0.00000
1                845.024 56537.2492354824331  3142.764                 0.00000
C 1                795.048 56537.2492427961703  6665.544                 0.00000
C 1                745.048 56537.2492421336961  3871.812                 0.00000
1                894.999 56538.2315944552141  1250.625                 0.00000
1                845.024 56538.2315954102231  973.706                 0.00000
1                795.048 56538.2315965624424  1671.079                 0.00000
1                745.048 56538.2315979324728  1270.131                 0.00000
1                894.999 56538.2323008463737  973.338                 0.00000
1                845.024 56538.2323018151808  956.274                 0.00000
1                795.048 56538.2323029423389  839.039                 0.00000
1                745.048 56538.2323043168070  1049.591                 0.00000
1                894.999 56538.2329430203558  1964.112                 0.00000
1                845.024 56538.2329439332256  1264.016                 0.00000
C 1                795.048 56538.2329454988340  3559.240                 0.00000
1                745.048 56538.2329464354473  3089.000                 0.00000
1                896.574 56539.2201037155994  1359.725                 0.00000
1                842.167 56539.2201047325845  972.460                 0.00000
1                795.143 56539.2201058263505  1412.980                 0.00000
1                745.048 56539.2201071308514  1775.285                 0.00000
1                896.574 56539.2207940339373  1811.561                 0.00000
1                842.167 56539.2207950869256  1222.803                 0.00000
1                795.143 56539.2207961502289  1171.379                 0.00000
1                745.048 56539.2207975405190  1823.581                 0.00000
1                896.574 56539.2214361928141  1340.453                 0.00000
1                842.167 56539.2214372506378  909.990                 0.00000
1                795.143 56539.2214383184359  984.647                 0.00000
1                745.048 56539.2214397240627  1698.648                 0.00000
1                896.416 56539.2806594327561  3884.454                 0.00000
1                842.050 56539.2806605421200  1183.362                 0.00000
1                795.062 56539.2806615642098  1371.054                 0.00000
1                745.048 56539.2806629754941  1837.534                 0.00000
1                896.416 56539.2813819069860  2336.345                 0.00000
1                842.050 56539.2813829675317  1274.045                 0.00000
1                795.062 56539.2813840246519  1094.809                 0.00000
1                745.048 56539.2813853570660  1762.916                 0.00000
C 1                896.416 56539.2819667047232  6190.146                 0.00000
1                842.050 56539.2819609017380  1996.212                 0.00000
1                795.062 56539.2819620076282  3030.345                 0.00000
1                745.048 56539.2819633066347  2626.027                 0.00000
1                894.999 56543.2207688038720  916.631                 0.00000
1                845.026 56543.2207697472668  749.290                 0.00000
1                795.048 56543.2207708900410  873.431                 0.00000
1                745.048 56543.2207722549002  976.556                 0.00000
1                894.999 56543.2214912334714  1108.037                 0.00000
1                845.026 56543.2214921776524  1020.393                 0.00000
1                795.048 56543.2214932944443  1118.620                 0.00000
1                745.048 56543.2214946909656  1031.685                 0.00000
1                894.999 56543.2221333950090  1366.161                 0.00000
1                845.026 56543.2221343275371  1298.156                 0.00000
1                795.048 56543.2221354726625  1216.331                 0.00000
1                745.048 56543.2221368200483  1172.675                 0.00000
1                895.059 56546.2252402354198  1315.457                 0.00000
1                845.048 56546.2252411956353  1042.120                 0.00000
1                795.048 56546.2252423126107  1006.786                 0.00000
1                745.900 56546.2252436715361  1446.503                 0.00000
1                895.059 56546.2258824364621  1645.655                 0.00000
1                845.048 56546.2258833257151  1275.089                 0.00000
1                795.048 56546.2258844863754  1977.780                 0.00000
1                745.900 56546.2258858362323  2569.289                 0.00000
1                895.059 56546.2267493326556  1246.212                 0.00000
1                845.048 56546.2267502862291  855.747                 0.00000
1                795.048 56546.2267514405349  2029.167                 0.00000
1                745.900 56546.2267527546188  1065.690                 0.00000
1                894.999 56551.1772121761761  1015.575                 0.00000
1                845.024 56551.1772131298075  700.028                 0.00000
1                795.048 56551.1772142576486  1061.013                 0.00000
1                745.914 56551.1772155993923  1061.419                 0.00000
1                894.999 56551.1778864426764  1433.588                 0.00000
1                845.024 56551.1778873999089  1219.143                 0.00000
1                795.048 56551.1778885050640  1748.123                 0.00000
1                745.914 56551.1778898454468  1427.316                 0.00000
1                894.999 56551.1785928303871  989.044                 0.00000
1                845.024 56551.1785937606102  785.850                 0.00000
1                795.048 56551.1785949237796  1438.353                 0.00000
1                745.914 56551.1785962625154  1158.998                 0.00000
1                894.999 56551.1792349593607  1821.463                 0.00000
1                845.024 56551.1792359174090  1646.830                 0.00000
1                795.048 56551.1792370382058  1914.874                 0.00000
1                745.914 56551.1792383889157  1391.599                 0.00000
1                894.891 56555.1918119188309  807.027                 0.00000
1                845.024 56555.1918128687557  700.195                 0.00000
1                795.048 56555.1918140005158  953.541                 0.00000
1                745.048 56555.1918153795967  765.795                 0.00000
1                894.891 56555.1925182878113  1729.787                 0.00000
1                845.024 56555.1925192252469  1086.718                 0.00000
1                795.048 56555.1925203766410  1762.378                 0.00000
1                745.048 56555.1925217240178  1531.049                 0.00000
1                894.891 56555.1932086325705  950.970                 0.00000
1                845.024 56555.1932095460551  936.541                 0.00000
1                795.048 56555.1932107368341  1394.743                 0.00000
1                745.048 56555.1932120513809  929.133                 0.00000
1                894.891 56555.1936100096452  1225.366                 0.00000
1                845.024 56555.1936109477744  1133.790                 0.00000
C 1                795.048 56555.1936104456594  3010.854                 0.00000
1                745.048 56555.1936134365301  1992.389                 0.00000
1                895.016 56586.1499606660214  735.458                 0.00000
1                844.979 56586.1499616048117  855.901                 0.00000
1                795.048 56586.1499627586723  1443.781                 0.00000
1                745.048 56586.1499641324901  989.282                 0.00000
1                895.016 56586.1506510193933  966.384                 0.00000
1                844.979 56586.1506519521768  931.410                 0.00000
1                795.048 56586.1506531062638  1244.605                 0.00000
1                745.048 56586.1506544687764  1137.965                 0.00000
1                895.016 56586.1513573935643  1217.734                 0.00000
1                844.979 56586.1513583533301  1004.528                 0.00000
1                795.048 56586.1513594633298  1598.482                 0.00000
1                745.048 56586.1513608526274  1907.329                 0.00000
1                895.016 56586.1519995714976  1287.470                 0.00000
1                844.979 56586.1520005188575  1084.683                 0.00000
1                795.048 56586.1520016534642  1253.583                 0.00000
1                745.048 56586.1520030192286  1405.794                 0.00000
1                894.844 56608.0527306662268  1183.148                 0.00000
1                845.026 56608.0527316239745  1234.780                 0.00000
1                795.048 56608.0527327296783  1735.439                 0.00000
1                745.044 56608.0527340939831  1466.526                 0.00000
1                894.844 56608.0534852077033  1367.134                 0.00000
1                845.026 56608.0534861662281  970.815                 0.00000
1                795.048 56608.0534873139376  1305.555                 0.00000
1                745.044 56608.0534887039149  1264.201                 0.00000
1                894.844 56608.0541755473297  1309.630                 0.00000
1                845.026 56608.0541765202138  1782.338                 0.00000
1                795.048 56608.0541776459167  1949.955                 0.00000
1                745.044 56608.0541790055097  2304.178                 0.00000
1                894.844 56608.0548177584602  1116.239                 0.00000
1                845.026 56608.0548187120983  1220.821                 0.00000
1                795.048 56608.0548198425628  1796.319                 0.00000
1                745.044 56608.0548212025125  1646.406                 0.00000
1                895.008 56637.9505413866949  1015.160                 0.00000
1                845.002 56637.9505423492193  915.606                 0.00000
1                795.048 56637.9505434717212  938.387                 0.00000
1                745.048 56637.9505448582623  920.667                 0.00000
1                895.008 56637.9512477919045  1105.393                 0.00000
1                845.002 56637.9512487400270  919.800                 0.00000
1                795.048 56637.9512498787211  980.894                 0.00000
1                745.048 56637.9512512350939  915.060                 0.00000
1                895.008 56637.9519381276919  1066.120                 0.00000
1                845.002 56637.9519390551589  1234.594                 0.00000
1                795.048 56637.9519402105497  2530.622                 0.00000
1                745.048 56637.9519415386693  1799.855                 0.00000
1                895.008 56637.9525802892564  1063.022                 0.00000
1                845.002 56637.9525812652142  756.604                 0.00000
1                795.048 56637.9525823596664  988.876                 0.00000
1                745.048 56637.9525837476616  1132.240                 0.00000
1                894.991 56670.8831813021827  1058.865                 0.00000
1                845.048 56670.8831822537554  1422.441                 0.00000
1                795.048 56670.8831834217610  1332.927                 0.00000
1                745.053 56670.8831848024309  1191.040                 0.00000
1                894.991 56670.8838716504203  803.179                 0.00000
1                845.048 56670.8838726071562  810.419                 0.00000
1                795.048 56670.8838737267499  1179.042                 0.00000
1                745.053 56670.8838751437541  1584.105                 0.00000
1                894.991 56670.8845780445509  1027.505                 0.00000
1                845.048 56670.8845789827810  1156.897                 0.00000
1                795.048 56670.8845801084899  1462.835                 0.00000
1                745.053 56670.8845814827385  996.654                 0.00000
C 1                894.991 56670.8852003500759  3078.994                 0.00000
1                845.048 56670.8852050893274  2238.351                 0.00000
1                795.048 56670.8852062556601  1900.839                 0.00000
C 1                745.053 56670.8852005388808  2421.360                 0.00000
TIME -0.00002048
TIME +0.00008192
JUMP
1                350.053 57015.8016669544473  2771.140                 0.00000
1                350.053 57015.8019721021700  4184.920                 0.00000
1                350.053 57015.8029995059533  3672.896                 0.00000
JUMP
TIME -0.00008192
C LOFAR DATA
JUMP
t                119.420 56437.3100331521003  8409.303                 0.00000
t                139.458 56437.3100444224835  5133.038                 0.00000
t                158.788 56437.3100350032920  5398.592                 0.00000
t                178.358 56437.3100315697901  9170.274                 0.00000
JUMP