MODE 1
EFACS 0.74009400619110544
1                350.012 57094.4132797870617   374.90
1                350.024 57211.2372654699659   256.27
1                350.012 57216.0131025565894   279.91
1                350.012 57453.5359349210207   322.69
1                350.012 57472.4552377437623   247.63
1                350.012 57479.4610032517144   268.96
1                350.012 57505.3927747505946   269.88
1                350.012 57506.4850064409982   242.71
1                350.012 57540.3873312175586   345.64
1                350.012 57541.3070805955991   279.05
1                350.012 57543.2975465539708   232.89
1                350.012 57543.5527827938183   145.64
1                350.012 57544.3036066503754   445.79
1                350.012 57606.2302930322542   286.62
1                350.012 57636.2977314089601   493.21
1                350.012 57637.1670079706131   255.28
1                350.012 57875.6628571953344   351.03
