MODE 1
1                869.852 56328.8502251371151  533.209                 0.00000
1                769.762 56328.8502261055353  320.422                 0.00000
1                869.670 56328.8509243247062  502.285                 0.00000
1                769.826 56328.8509253037737  353.700                 0.00000
1                869.408 56328.8520896332069  920.875                 0.00000
1                769.787 56328.8520906160193  630.539                 0.00000
1                869.508 56328.8527805182337  1106.947                 0.00000
1                769.811 56328.8527814705832  738.017                 0.00000
1                895.886 56332.7205580629138  580.335                 0.00000
1                844.377 56332.7205584832565  491.963                 0.00000
1                794.773 56332.7205589535796  416.978                 0.00000
1                745.195 56332.7205595302402  351.066                 0.00000
1                895.759 56332.7212572576837  452.324                 0.00000
1                844.383 56332.7212576675216  338.086                 0.00000
1                794.841 56332.7212581486377  382.749                 0.00000
1                745.195 56332.7212587190833  375.411                 0.00000
1                895.790 56332.7219481139292  535.380                 0.00000
1                844.517 56332.7219485289914  544.302                 0.00000
1                794.797 56332.7219490128972  465.463                 0.00000
1                745.195 56332.7219495869409  469.559                 0.00000
1                895.761 56332.7226473121542  496.540                 0.00000
1                844.613 56332.7226477296981  579.786                 0.00000
1                794.819 56332.7226481993191  392.720                 0.00000
1                745.243 56332.7226487727613  433.134                 0.00000
1                895.494 56348.7913902467230  559.320                 0.00000
1                844.581 56348.7913906662939  446.838                 0.00000
1                794.751 56348.7913911533783  387.528                 0.00000
1                745.292 56348.7913917092343  502.489                 0.00000
1                895.257 56348.7920811336331  562.986                 0.00000
1                844.718 56348.7920815294168  640.907                 0.00000
1                794.773 56348.7920820098932  310.978                 0.00000
1                745.292 56348.7920825736971  476.746                 0.00000
1                895.117 56348.7927802975976  525.593                 0.00000
1                844.573 56348.7927807026888  456.322                 0.00000
1                794.751 56348.7927811889932  403.404                 0.00000
1                745.243 56348.7927817526282  491.523                 0.00000
1                895.263 56348.7934711508050  741.685                 0.00000
1                844.431 56348.7934715626700  470.602                 0.00000
1                794.795 56348.7934720413496  451.528                 0.00000
1                745.292 56348.7934726141993  533.443                 0.00000
1                894.798 56365.7588956846392  641.299                 0.00000
1                844.712 56365.7588960902122  551.635                 0.00000
1                794.747 56365.7588965793481  680.521                 0.00000
1                745.201 56365.7588971402928  545.870                 0.00000
1                894.837 56365.7595948655966  539.013                 0.00000
1                844.735 56365.7595952661889  488.641                 0.00000
1                794.747 56365.7595957419982  522.391                 0.00000
1                745.199 56365.7595963092637  530.753                 0.00000
1                894.771 56365.7602857248423  606.553                 0.00000
1                844.740 56365.7602860997621  489.148                 0.00000
1                794.747 56365.7602865810552  643.162                 0.00000
1                745.199 56365.7602871680089  584.251                 0.00000
1                886.451 56389.6243900488623  230.961                 0.00000
1                844.753 56389.6243903899971  181.195                 0.00000
1                794.730 56389.6243908640310  200.655                 0.00000
1                745.225 56389.6243914430274  179.080                 0.00000
1                895.531 56389.6250808178206  257.021                 0.00000
1                844.726 56389.6250812247979  190.620                 0.00000
1                794.694 56389.6250817073569  250.128                 0.00000
1                745.272 56389.6250822781146  258.091                 0.00000
1                895.587 56389.6257716583897  283.456                 0.00000
1                844.722 56389.6257720672747  220.122                 0.00000
1                794.680 56389.6257725444349  237.061                 0.00000
1                745.197 56389.6257731162879  321.493                 0.00000
1                895.266 56389.6264708135208  307.998                 0.00000
1                845.249 56389.6264712199116  252.927                 0.00000
1                794.680 56389.6264716990832  261.022                 0.00000
1                745.272 56389.6264722696620  251.501                 0.00000
1                895.118 56406.5976579007471  465.612                 0.00000
1                844.656 56406.5976582913970  439.775                 0.00000
1                794.748 56406.5976587740884  446.477                 0.00000
1                745.199 56406.5976593435542  401.172                 0.00000
1                895.240 56406.5983487279757  446.847                 0.00000
1                844.632 56406.5983491278136  399.564                 0.00000
1                794.755 56406.5983496034266  412.003                 0.00000
1                745.199 56406.5983501864232  359.529                 0.00000
1                895.606 56406.5990478846159  451.824                 0.00000
1                844.631 56406.5990482875414  436.946                 0.00000
1                794.797 56406.5990487719572  454.316                 0.00000
1                745.248 56406.5990493477812  412.385                 0.00000
1                895.575 56406.5997387107484  383.262                 0.00000
1                844.630 56406.5997391263205  414.900                 0.00000
1                794.774 56406.5997396055018  415.452                 0.00000
1                745.199 56406.5997401791930  454.654                 0.00000
1                869.522 56426.5537881721741  337.672                 0.00000
1                770.195 56426.5537891264792  298.614                 0.00000
1                869.853 56426.5544873175312  308.965                 0.00000
1                769.859 56426.5544882865363  345.012                 0.00000
1                869.780 56426.5551781562877  455.559                 0.00000
1                770.249 56426.5551791202799  429.222                 0.00000
1                869.636 56426.5558773136178  301.597                 0.00000
1                770.523 56426.5558782664858  393.530                 0.00000
1                896.468 56451.4685180558900  677.928                 0.00000
1                843.472 56451.4685184920269  538.315                 0.00000
1                794.806 56451.4685189545126  418.004                 0.00000
1                745.097 56451.4685195353908  478.484                 0.00000
1                896.455 56451.4692172324815  435.545                 0.00000
1                843.269 56451.4692176572345  437.013                 0.00000
1                794.803 56451.4692181214719  521.586                 0.00000
1                745.097 56451.4692186919182  521.210                 0.00000
1                896.086 56451.4699163941420  457.704                 0.00000
1                843.451 56451.4699168133248  481.079                 0.00000
1                794.898 56451.4699172786702  486.012                 0.00000
1                745.097 56451.4699178507685  411.581                 0.00000
1                896.326 56451.4706072291756  446.413                 0.00000
1                843.421 56451.4706076463453  559.404                 0.00000
1                795.018 56451.4706081207082  382.755                 0.00000
1                745.097 56451.4706087042380  556.588                 0.00000
1                868.707 56472.3933244018972  362.482                 0.00000
1                770.082 56472.3933253493738  501.779                 0.00000
1                868.673 56472.3940235683606  379.808                 0.00000
1                770.062 56472.3940245232546  636.317                 0.00000
1                868.607 56472.3947144165721  338.769                 0.00000
1                770.578 56472.3947153563175  347.710                 0.00000
1                869.052 56472.3954135899981  364.977                 0.00000
1                770.295 56472.3954145304739  388.927                 0.00000
1                894.981 56494.3995879851526  482.440                 0.00000
1                844.690 56494.3995883899825  484.466                 0.00000
1                794.763 56494.3995888693313  354.034                 0.00000
1                745.243 56494.3995894410659  429.649                 0.00000
1                894.981 56494.4002871599460  554.930                 0.00000
1                844.747 56494.4002875702349  385.519                 0.00000
1                794.763 56494.4002880436244  432.638                 0.00000
1                745.292 56494.4002886166389  372.257                 0.00000
1                895.163 56494.4009863418889  416.193                 0.00000
1                844.808 56494.4009867433808  341.373                 0.00000
1                794.763 56494.4009872233533  332.003                 0.00000
1                745.195 56494.4009877930552  293.613                 0.00000
1                895.010 56494.4016771886532  402.190                 0.00000
1                844.837 56494.4016775957553  392.511                 0.00000
1                794.809 56494.4016780740892  433.080                 0.00000
1                745.243 56494.4016786535137  333.008                 0.00000
1                895.618 56520.2239874196020  399.984                 0.00000
1                844.760 56520.2239878384827  318.194                 0.00000
1                794.757 56520.2239883184576  290.364                 0.00000
1                745.146 56520.2239888955175  412.240                 0.00000
1                895.636 56520.2246866246506  334.311                 0.00000
1                844.810 56520.2246870168097  323.089                 0.00000
1                794.757 56520.2246874970144  333.040                 0.00000
1                745.146 56520.2246880743532  361.689                 0.00000
1                895.528 56520.2253774870553  403.213                 0.00000
1                844.810 56520.2253778880397  339.786                 0.00000
1                794.757 56520.2253783787919  361.963                 0.00000
1                745.268 56520.2253789436817  315.679                 0.00000
1                895.674 56537.2500075041722  605.013                 0.00000
1                844.728 56537.2500079109503  415.799                 0.00000
1                794.755 56537.2500083837033  533.170                 0.00000
1                745.166 56537.2500089631455  469.262                 0.00000
1                895.458 56537.2507067019255  508.112                 0.00000
1                844.736 56537.2507071149298  492.686                 0.00000
1                794.755 56537.2507075944410  439.733                 0.00000
1                745.179 56537.2507081780938  463.214                 0.00000
1                895.338 56537.2513975813772  495.218                 0.00000
1                845.103 56537.2513979890638  430.193                 0.00000
1                794.534 56537.2513984710740  494.354                 0.00000
1                745.146 56537.2513990494958  469.341                 0.00000
1                869.976 56538.2348492056056  242.848                 0.00000
1                769.690 56538.2348501739910  344.676                 0.00000
1                870.228 56539.2224549642171  437.785                 0.00000
1                769.599 56539.2224559363778  395.961                 0.00000
1                870.232 56539.2231541662212  372.004                 0.00000
1                769.557 56539.2231551418542  337.973                 0.00000
1                870.507 56539.2238533709254  372.772                 0.00000
1                769.599 56539.2238543415032  351.275                 0.00000
1                895.140 56546.2282188130501  298.693                 0.00000
1                844.703 56546.2282192196195  250.030                 0.00000
1                794.707 56546.2282197031584  238.488                 0.00000
1                745.502 56546.2282202695663  250.427                 0.00000
1                895.242 56546.2289180283992  325.102                 0.00000
1                844.757 56546.2289184242907  260.534                 0.00000
1                794.707 56546.2289189051439  252.726                 0.00000
1                745.505 56546.2289194773444  268.044                 0.00000
1                895.272 56546.2296089011903  347.113                 0.00000
1                844.834 56546.2296093121274  282.274                 0.00000
1                794.707 56546.2296097986127  364.854                 0.00000
1                745.500 56546.2296103616366  274.971                 0.00000
1                895.543 56551.1802261437680  507.498                 0.00000
1                844.667 56551.1802265491321  477.872                 0.00000
1                794.806 56551.1802270084879  599.182                 0.00000
1                745.281 56551.1802276047698  554.486                 0.00000
1                895.791 56551.1809170316633  809.675                 0.00000
1                844.777 56551.1809174286030  418.924                 0.00000
1                794.802 56551.1809178997970  564.618                 0.00000
1                745.260 56551.1809184844859  568.759                 0.00000
1                896.061 56551.1816162244565  673.753                 0.00000
1                844.919 56551.1816166324492  456.286                 0.00000
1                794.668 56551.1816171102870  495.960                 0.00000
1                745.302 56551.1816176919476  418.107                 0.00000
1                895.217 56555.1945927416235  590.797                 0.00000
1                844.737 56555.1945931716719  498.897                 0.00000
1                794.632 56555.1945936492472  431.232                 0.00000
1                745.207 56555.1945942196073  472.392                 0.00000
1                895.030 56555.1952836420420  618.935                 0.00000
1                844.847 56555.1952840466847  428.959                 0.00000
1                794.656 56555.1952845337208  404.370                 0.00000
1                745.195 56555.1952851064625  524.750                 0.00000
1                895.012 56555.1959828511756  468.871                 0.00000
1                844.821 56555.1959832531346  578.287                 0.00000
1                794.656 56555.1959837386911  509.764                 0.00000
1                745.195 56555.1959843055630  450.003                 0.00000
1                869.836 56586.1530083185620  319.900                 0.00000
1                769.729 56586.1530092938089  377.816                 0.00000
1                869.868 56586.1536992147422  314.344                 0.00000
1                769.668 56586.1537001820094  357.327                 0.00000
1                869.786 56586.1543984365061  359.376                 0.00000
1                769.715 56586.1543994006875  484.006                 0.00000
1                894.947 56608.0558398155512  464.585                 0.00000
1                844.739 56608.0558402268733  384.845                 0.00000
1                794.659 56608.0558406964226  429.637                 0.00000
1                745.195 56608.0558412781027  445.603                 0.00000
1                894.844 56608.0565307152883  491.601                 0.00000
1                844.717 56608.0565311275622  360.271                 0.00000
1                794.659 56608.0565315958873  380.701                 0.00000
1                745.198 56608.0565321755549  383.224                 0.00000
1                894.915 56608.0572299384536  600.841                 0.00000
1                844.739 56608.0572303341043  451.526                 0.00000
1                794.659 56608.0572308205598  488.831                 0.00000
1                745.198 56608.0572313918408  517.151                 0.00000
1                894.988 56637.9535808414693  500.055                 0.00000
1                844.661 56637.9535812508072  477.898                 0.00000
1                794.707 56637.9535817276714  426.691                 0.00000
1                745.146 56637.9535822937206  461.753                 0.00000
1                895.100 56637.9542800723267  489.325                 0.00000
1                844.785 56637.9542804662019  432.014                 0.00000
1                794.707 56637.9542809475656  550.033                 0.00000
1                745.146 56637.9542815262617  456.154                 0.00000
1                895.033 56637.9549709589081  542.150                 0.00000
1                844.733 56637.9549713584590  410.137                 0.00000
1                794.731 56637.9549718542049  514.097                 0.00000
1                745.195 56637.9549724120412  464.290                 0.00000
1                895.080 56670.8862408327470  438.809                 0.00000
1                844.737 56670.8862412364167  422.769                 0.00000
1                794.709 56670.8862417186023  504.268                 0.00000
1                745.150 56670.8862422960122  391.737                 0.00000
1                895.152 56670.8869400439810  526.665                 0.00000
1                844.791 56670.8869404432151  406.134                 0.00000
1                794.658 56670.8869409333901  471.679                 0.00000
1                745.199 56670.8869415018270  598.737                 0.00000
1                895.236 56670.8876309211974  394.886                 0.00000
1                844.765 56670.8876313378354  437.168                 0.00000
1                794.709 56670.8876318153131  496.885                 0.00000
1                745.199 56670.8876323885320  434.494                 0.00000
1                895.852 56539.2830023725785  669.832                 0.00000
1                843.634 56539.2830027966109  488.213                 0.00000
1                795.029 56539.2830032575001  444.363                 0.00000
1                745.117 56539.2830038482448  686.459                 0.00000
1                895.838 56539.2837015754466  756.649                 0.00000
1                843.478 56539.2837019891281  558.492                 0.00000
1                795.041 56539.2837024627306  554.780                 0.00000
1                745.042 56539.2837030319014  499.722                 0.00000
C JUMP
C t                119.870 56437.3142230329477  2077.530                 0.00000
C t                140.149 56437.3142237223057  1974.404                 0.00000
C t                158.751 56437.3142191288994  2733.623                 0.00000
C t                178.768 56437.3142219985616  4252.440                 0.00000
JUMP
t                130.202 56437.3142200416884  1497.192                 0.00000
t                167.976 56437.3142246088892  2276.240                 0.00000
JUMP
