MODE 1
EFAC 1.6155

# 350 MHz (Incoherent)
TIME +0.00008192
1                342.315 57906.4475463985221  2088.638                 0.00000
1                342.315 57906.4487157361664  2466.157                 0.00000
1                342.315 57906.4497628729638  2705.847                 0.00000
1                344.777 58051.8880339153349  894.674                 0.00000
1                344.777 58051.8892008155372  823.011                 0.00000
1                344.777 58051.8903651263890  950.193                 0.00000
1                340.084 58057.0037972533344  1489.505                 0.00000
1                340.084 58057.0049615980992  967.163                 0.00000
1                340.084 58057.0061232739822  977.656                 0.00000
1                338.488 58078.9994347438096  1475.682                 0.00000
1                338.488 58079.0005990452344  1401.015                 0.00000
1                342.408 58081.9665624452852  1006.437                 0.00000
1                342.408 58081.9677267308448  1102.068                 0.00000
1                342.408 58081.9688988186454  1258.319                 0.00000
1                341.072 58087.8169329423521  1370.788                 0.00000
1                341.072 58087.8180998304342  869.716                 0.00000
1                341.072 58087.8191471569543  1499.068                 0.00000
1                345.776 58106.9637840368867  1637.988                 0.00000
1                345.776 58106.9649483087671  1522.869                 0.00000
1                345.776 58106.9659982061588  1549.426                 0.00000
1                346.197 58107.7848064664780  1845.525                 0.00000
1                346.197 58107.7859707128320  1551.214                 0.00000
1                346.197 58107.7871375862310  1169.123                 0.00000
1                343.844 58107.9420935563770  1195.951                 0.00000
1                343.844 58107.9432603543289  2063.147                 0.00000
1                343.844 58107.9444246832227  1486.325                 0.00000
1                344.646 58108.9277091937249  1379.904                 0.00000
1                344.646 58108.9288761299001  1317.574                 0.00000
1                344.646 58108.9299234098492  1172.837                 0.00000
1                342.975 58111.8084969681233  1409.230                 0.00000
1                342.975 58111.8096638108218  1540.954                 0.00000
1                342.975 58111.8108280630023  1123.925                 0.00000
1                350.756 58115.9545816077673  1712.506                 0.00000
1                350.756 58115.9550493459076  2074.093                 0.00000
1                350.756 58115.9555171563502  2730.658                 0.00000
1                344.407 58118.8348254950778  1002.180                 0.00000
1                344.407 58118.8359923353889  966.069                 0.00000
1                344.407 58118.8371565830116  1447.624                 0.00000
1                344.413 58174.6321874666221  590.420                 0.00000
1                344.413 58174.6333541679809  718.539                 0.00000
1                344.413 58174.6344014046390  654.105                 0.00000
TIME -0.00008192

# 820 MHz (Incoherent)
TIME +0.00002048
1                819.112 58043.1083380457076  1330.745                 0.00000
1                819.112 58043.1095049663007  1229.055                 0.00000
1                819.112 58043.1105522955349  2238.192                 0.00000
1                819.783 58045.0190928900332  1687.906                 0.00000
1                819.783 58045.0201428742228  1640.404                 0.00000
1                819.783 58045.0214215314919  2592.539                 0.00000
TIME -0.00002048
