MODE 1
EFAC 1.0262

# 350 MHz (Incoherent)
TIME +0.00008192
1                328.323 57906.4428466879844  143.059                 0.00000
1                328.323 57906.4440127911254   96.023                 0.00000
1                328.323 57906.4450609134046  108.455                 0.00000
1                377.509 57990.2937073154587  209.487                 0.00000
1                325.011 57990.2937071925401  101.775                 0.00000
1                377.509 57990.2960379189581  169.374                 0.00000
1                325.011 57990.2960377978291   76.021                 0.00000
1                377.509 57990.2982514771016  169.498                 0.00000
1                325.011 57990.2982513536709  111.425                 0.00000
1                375.757 57992.9950617995779  118.933                 0.00000
1                325.011 57992.9950620469241   89.267                 0.00000
1                375.757 57992.9973924076541  135.417                 0.00000
1                325.011 57992.9973926558916   92.725                 0.00000
1                375.758 57992.9994893948999  221.667                 0.00000
1                325.011 57992.9994896415670  129.720                 0.00000
1                377.340 57993.3323305996825  164.731                 0.00000
1                325.011 57993.3323304689692   88.736                 0.00000
1                377.340 57993.3346607426057  222.236                 0.00000
1                325.011 57993.3346606132633   69.686                 0.00000
1                377.340 57993.3368743126392  240.352                 0.00000
1                325.011 57993.3368741815018  118.204                 0.00000
1                377.341 57998.1488766275490  183.071                 0.00000
1                324.738 57998.1488765185700  105.959                 0.00000
1                377.341 57998.1500424136213  196.744                 0.00000
1                324.738 57998.1500423040250  162.584                 0.00000
1                377.341 57998.1510906745116  207.814                 0.00000
1                324.738 57998.1510905682997  106.594                 0.00000
1                377.414 57999.1415741960062  169.468                 0.00000
1                324.939 57999.1415740740462   84.511                 0.00000
1                377.414 57999.1427399798010  205.325                 0.00000
1                324.939 57999.1427398568466  151.748                 0.00000
1                377.415 57999.1437882491792  222.330                 0.00000
1                324.939 57999.1437881243255  125.060                 0.00000
1                377.340 58000.3263700212191  174.428                 0.00000
1                325.011 58000.3263698851786   68.140                 0.00000
1                377.340 58000.3287006563443  153.221                 0.00000
1                325.011 58000.3287005243457   95.756                 0.00000
1                377.341 58000.3309142445026  211.180                 0.00000
1                325.011 58000.3309141106674   99.214                 0.00000
1                377.164 58002.2600039380337  170.496                 0.00000
1                325.011 58002.2600037912036   77.458                 0.00000
1                377.164 58002.2623345757448  230.770                 0.00000
1                325.011 58002.2623344338799  103.325                 0.00000
1                377.164 58002.2645481658340  177.992                 0.00000
1                325.011 58002.2645480272554   84.748                 0.00000
C 1                389.452 58003.1549295351802  256.946                 0.00000
1                315.832 58003.1549294844650  169.800                 0.00000
C 1                389.452 58003.1560958159136  273.009                 0.00000
1                315.832 58003.1560957488925   86.843                 0.00000
C 1                389.452 58003.1571447921999  491.871                 0.00000
1                315.832 58003.1571444916198  156.794                 0.00000
1                374.881 58056.9981732155540  218.121                 0.00000
1                326.466 58056.9981732876585  113.777                 0.00000
1                374.881 58056.9991054153535  180.289                 0.00000
1                326.466 58056.9991054863972   77.761                 0.00000
1                374.881 58057.0002693675189  154.818                 0.00000
1                326.466 58057.0002694397990   67.868                 0.00000
1                377.998 58079.0053923671196  149.161                 0.00000
1                325.011 58079.0053922681592   59.475                 0.00000
1                377.998 58079.0065586631772  159.260                 0.00000
1                325.011 58079.0065585642355   66.832                 0.00000
1                377.998 58079.0076074307743  117.344                 0.00000
1                325.011 58079.0076073372854   65.932                 0.00000
1                378.249 58081.9718979314823  107.212                 0.00000
1                325.011 58081.9718978472620   52.186                 0.00000
1                378.249 58081.9730637535287  114.391                 0.00000
1                325.011 58081.9730636699495   57.472                 0.00000
1                378.249 58081.9742291081730  144.639                 0.00000
1                325.011 58081.9742290218333   53.736                 0.00000
1                378.500 58087.8122682199210  151.957                 0.00000
1                325.011 58087.8122681513412   53.053                 0.00000
1                378.500 58087.8134335675107  176.677                 0.00000
1                325.011 58087.8134334949341   56.833                 0.00000
1                378.500 58087.8144818579839  159.242                 0.00000
1                325.011 58087.8144817883985   69.963                 0.00000
1                375.814 58106.9592929110750   81.131                 0.00000
1                325.011 58106.9592931626816   49.684                 0.00000
1                375.814 58106.9604587016378   99.961                 0.00000
1                325.011 58106.9604589549995   46.865                 0.00000
1                375.814 58106.9615069759174  134.908                 0.00000
1                325.011 58106.9615072271886   56.166                 0.00000
1                376.711 58107.7478000141807   93.824                 0.00000
1                325.011 58107.7477998466640   48.361                 0.00000
1                376.711 58107.7487331127626  102.618                 0.00000
1                325.011 58107.7487329469197   55.245                 0.00000
1                376.711 58107.7496648033321  117.828                 0.00000
1                325.011 58107.7496646359509   58.622                 0.00000
1                377.118 58107.7765192842320   64.074                 0.00000
1                325.011 58107.7765191397650   35.019                 0.00000
1                377.118 58107.7788499220115   52.249                 0.00000
1                325.011 58107.7788497761253   33.904                 0.00000
1                377.118 58107.7810639791877   70.049                 0.00000
1                325.011 58107.7810638341109   36.777                 0.00000
1                377.153 58107.9476265791678   87.549                 0.00000
1                325.011 58107.9476264348015   47.313                 0.00000
1                377.153 58107.9487933088875  119.347                 0.00000
1                325.011 58107.9487931658694   52.973                 0.00000
1                377.153 58107.9499581564136  144.748                 0.00000
1                325.011 58107.9499580139120   49.057                 0.00000
1                378.021 58108.9230783835385   83.103                 0.00000
1                325.011 58108.9230782897714   50.195                 0.00000
1                378.021 58108.9242437000959   87.364                 0.00000
1                325.011 58108.9242436073765   50.602                 0.00000
1                378.022 58108.9252919696150   87.598                 0.00000
1                325.011 58108.9252918752200   61.216                 0.00000
1                379.163 58111.8138413217020  110.682                 0.00000
1                325.011 58111.8138412876232   39.624                 0.00000
1                379.163 58111.8150080443964   96.218                 0.00000
1                325.011 58111.8150080094962   54.323                 0.00000
1                379.163 58111.8161728849324   96.732                 0.00000
1                325.011 58111.8161728519887   47.450                 0.00000
1                377.161 58115.9582058795805   66.678                 0.00000
1                325.011 58115.9582057375664   42.252                 0.00000
1                377.161 58115.9593711874717   68.819                 0.00000
1                325.011 58115.9593710442171   34.219                 0.00000
1                377.161 58115.9604199162104   90.705                 0.00000
1                325.011 58115.9604197722978   39.826                 0.00000
1                377.577 58116.9309604168872   88.070                 0.00000
1                325.011 58116.9309602976726   42.509                 0.00000
1                377.577 58116.9321261910854   83.649                 0.00000
1                325.011 58116.9321260721031   35.249                 0.00000
1                377.577 58116.9331363731291   95.637                 0.00000
1                325.011 58116.9331362526904   45.098                 0.00000
1                378.487 58118.8401961026672   73.062                 0.00000
1                325.011 58118.8401960333895   36.562                 0.00000
1                378.487 58118.8413618725863   70.704                 0.00000
1                325.011 58118.8413618031272   39.941                 0.00000
1                378.487 58118.8425267034892   83.565                 0.00000
1                325.011 58118.8425266340288   45.108                 0.00000
1                378.941 58174.6369559394913  139.862                 0.00000
1                320.324 58174.6369558405264   92.761                 0.00000
C 1                378.941 58174.6381216102847  314.318                 0.00000
1                320.324 58174.6381215034718  120.921                 0.00000
C 1                378.942 58174.6391700274775  174.570                 0.00000
1                320.324 58174.6391701340275   81.865                 0.00000
TIME -0.00008192

# 820 MHz (Incoherent)
TIME +0.00002048
1                817.259 58130.8155263520613  133.179                 0.00000
1                817.259 58130.8166916281816  120.877                 0.00000
1                817.259 58130.8177403334928  148.325                 0.00000
1                820.092 58303.3674484720507  201.538                 0.00000
1                820.092 58303.3686132143090  183.766                 0.00000
1                820.092 58303.3696618489949  160.252                 0.00000
TIME -0.00002048
