MODE 1
TIME +0.00008192
1                387.505 56276.7769206149157  3374.123                 0.00000
1                362.513 56276.7769188398765  3649.427                 0.00000
1                337.496 56276.7769221821716  2728.350                 0.00000
1                312.478 56276.7769218180111  2962.177                 0.00000
1                387.505 56276.7776213832595  6003.653                 0.00000
1                362.513 56276.7776193438970  2793.560                 0.00000
1                337.496 56276.7776227944886  2336.297                 0.00000
1                312.478 56276.7776222634785  3700.614                 0.00000
C 1                387.505 56276.7783168417575  6319.657                 0.00000
1                362.513 56276.7783151822933  4686.716                 0.00000
1                337.496 56276.7783185512124  3716.053                 0.00000
1                312.478 56276.7783180666694  5153.698                 0.00000
1                387.505 56276.7790176544527  4676.219                 0.00000
1                362.513 56276.7790156315621  3776.210                 0.00000
1                337.496 56276.7790190176036  5106.665                 0.00000
1                312.478 56276.7790185566006  3366.696                 0.00000
1                387.505 56276.7797181628387  5556.064                 0.00000
1                362.513 56276.7797161855593  4122.470                 0.00000
1                337.496 56276.7797195434796  2938.858                 0.00000
1                312.478 56276.7797190741535  2860.409                 0.00000
C 1                387.505 56276.7804136189244  5705.568                 0.00000
1                362.513 56276.7804120233824  3721.870                 0.00000
1                337.496 56276.7804154531467  6011.197                 0.00000
1                312.478 56276.7804149576747  4212.663                 0.00000
C 1                387.505 56276.7811145111731  5585.014                 0.00000
1                362.513 56276.7811125417985  3081.182                 0.00000
1                337.496 56276.7811158915222  2546.281                 0.00000
1                312.478 56276.7811154493726  4581.202                 0.00000
C 1                387.505 56276.7818180440485  5583.490                 0.00000
1                362.513 56276.7818176065505  4283.128                 0.00000
1                337.496 56276.7818209976915  2990.143                 0.00000
1                312.478 56276.7818206589073  3878.544                 0.00000
C 1                387.505 56276.7825157929862  4373.911                 0.00000
1                362.513 56276.7825135118333  3132.098                 0.00000
1                337.496 56276.7825168000347  3117.661                 0.00000
1                312.478 56276.7825165796550  5279.445                 0.00000
C 1                387.505 56276.7832163321477  3558.742                 0.00000
1                362.513 56276.7832141431864  4434.278                 0.00000
1                337.496 56276.7832174196737  4317.215                 0.00000
1                312.478 56276.7832169500937  3355.700                 0.00000
1                387.505 56276.7839165074476  4814.041                 0.00000
1                362.513 56276.7839145515098  5162.934                 0.00000
1                337.496 56276.7839179710499  4026.462                 0.00000
1                312.478 56276.7839175143242  3122.874                 0.00000
1                387.505 56276.7846123030654  5459.339                 0.00000
C 1                362.513 56276.7846100881805  3202.768                 0.00000
1                337.496 56276.7846138078668  2451.576                 0.00000
1                312.478 56276.7846132976181  5269.021                 0.00000
C 1                387.505 56276.7853131284089  3958.938                 0.00000
1                362.513 56276.7853108582206  3178.864                 0.00000
C 1                337.496 56276.7853142589525  4815.880                 0.00000
C 1                312.478 56276.7853140535597  7358.834                 0.00000
1                387.505 56276.7860133036887  4843.770                 0.00000
1                362.513 56276.7860112216753  4583.874                 0.00000
1                337.496 56276.7860147243315  3257.696                 0.00000
1                312.478 56276.7860143887721  2757.403                 0.00000
1                387.505 56276.7866530232033  5892.103                 0.00000
1                362.513 56276.7866511687932  4671.475                 0.00000
1                337.496 56276.7866544973119  2445.780                 0.00000
1                312.478 56276.7866542530581  2737.859                 0.00000
1                387.499 56276.9155692426700  4397.258                 0.00000
1                362.135 56276.9155673548800  4161.966                 0.00000
1                337.511 56276.9155706229746  2561.988                 0.00000
1                312.509 56276.9155702133601  2845.573                 0.00000
1                387.499 56276.9162697429946  2757.736                 0.00000
1                362.135 56276.9162678614904  4986.606                 0.00000
1                337.511 56276.9162711317785  4517.659                 0.00000
1                312.509 56276.9162707232589  3279.245                 0.00000
C 1                387.499 56277.5384762928420  7037.060                 0.00000
1                362.520 56277.5384741417564  5578.062                 0.00000
1                337.496 56277.5384776433607  2399.046                 0.00000
1                312.491 56277.5384769373608  5069.330                 0.00000
1                387.499 56277.5391205952128  5445.692                 0.00000
1                362.520 56277.5391185534414  5229.655                 0.00000
1                337.496 56277.5391220932828  4714.627                 0.00000
1                312.491 56277.5391215836315  3788.807                 0.00000
C 1                387.499 56277.5400451909046  5695.017                 0.00000
C 1                362.520 56277.5400433799337  7916.458                 0.00000
C 1                337.496 56277.5400465923800  3328.767                 0.00000
C 1                312.491 56277.5400457455565  4063.072                 0.00000
1                387.499 56277.5405729608723  7003.707                 0.00000
1                362.520 56277.5405709404101  3549.153                 0.00000
1                337.496 56277.5405744345045  2546.023                 0.00000
1                312.491 56277.5405738859040  7560.675                 0.00000
C 1                387.499 56277.5412727113607  6381.439                 0.00000
1                362.520 56277.5412715942287  3128.750                 0.00000
1                337.496 56277.5412749179738  3359.979                 0.00000
1                312.491 56277.5412745206842  3916.737                 0.00000
1                387.499 56277.5419600377935  9478.326                 0.00000
1                362.520 56277.5419579437219  5927.973                 0.00000
1                337.496 56277.5419613775458  4416.632                 0.00000
1                312.491 56277.5419609644790  4610.113                 0.00000
1                387.499 56277.5426604682569  5134.008                 0.00000
1                362.520 56277.5426585562293  4424.240                 0.00000
1                337.496 56277.5426619429037  4664.564                 0.00000
1                312.491 56277.5426614315030  7603.781                 0.00000
1                387.499 56277.5433609896221  2652.193                 0.00000
1                362.520 56277.5433590216769  3706.727                 0.00000
1                337.496 56277.5433624219289  3124.226                 0.00000
1                312.491 56277.5433619470589  2667.407                 0.00000
1                387.499 56277.5440614793156  3354.162                 0.00000
1                362.520 56277.5440596095858  3590.462                 0.00000
1                337.496 56277.5440629348613  3776.018                 0.00000
1                312.491 56277.5440624393508  2833.180                 0.00000
1                387.499 56277.5447572422070  3932.009                 0.00000
1                362.520 56277.5447553729475  3291.436                 0.00000
1                337.496 56277.5447587300492  4123.770                 0.00000
1                312.491 56277.5447583243031  2945.666                 0.00000
1                387.499 56277.5454579081284  3874.449                 0.00000
1                362.520 56277.5454558980267  3342.741                 0.00000
1                337.496 56277.5454592134830  4419.858                 0.00000
1                312.491 56277.5454589650187  3943.747                 0.00000
C 1                387.499 56277.5461530640857  10398.441                 0.00000
1                362.520 56277.5461517554068  4231.983                 0.00000
1                337.496 56277.5461550802143  2749.550                 0.00000
1                312.491 56277.5461546405944  2655.052                 0.00000
C 1                387.499 56277.5468541016124  4391.189                 0.00000
1                362.520 56277.5468522164921  3832.099                 0.00000
C 1                337.496 56277.5468532640497  4589.979                 0.00000
1                312.491 56277.5468551646286  3248.966                 0.00000
1                387.499 56277.5475546097615  3892.381                 0.00000
1                362.520 56277.5475527355194  3413.245                 0.00000
1                337.496 56277.5475560928542  2302.438                 0.00000
1                312.491 56277.5475556747418  4159.556                 0.00000
C 1                387.499 56277.5482617280006  6722.298                 0.00000
1                362.520 56277.5482578668102  3032.263                 0.00000
1                337.496 56277.5482613483266  2499.870                 0.00000
1                312.491 56277.5482608627129  7813.570                 0.00000
C 1                387.499 56277.5489494304326  5798.659                 0.00000
1                362.520 56277.5489490622764  3256.753                 0.00000
1                337.496 56277.5489523868727  5178.689                 0.00000
1                312.491 56277.5489520106610  3793.780                 0.00000
1                387.499 56277.5496514001262  4789.398                 0.00000
1                362.520 56277.5496494991520  3019.157                 0.00000
1                337.496 56277.5496529267309  2180.362                 0.00000
1                312.491 56277.5496524623262  4776.580                 0.00000
1                387.499 56277.5503564956132  6324.719                 0.00000
1                362.520 56277.5503548265027  3958.803                 0.00000
1                337.496 56277.5503580795765  3267.425                 0.00000
1                312.491 56277.5503576504923  3485.303                 0.00000
1                387.499 56277.5510478686959  5786.883                 0.00000
1                362.520 56277.5510458405743  3934.883                 0.00000
1                337.496 56277.5510491650906  3352.509                 0.00000
1                312.491 56277.5510488542329  5507.634                 0.00000
1                387.499 56277.5516923080690  6446.708                 0.00000
1                362.520 56277.5516903067516  2710.513                 0.00000
C 1                337.496 56277.5516939329733  3775.071                 0.00000
1                312.491 56277.5516932586602  4305.793                 0.00000
TIME -0.00008192
TIME +0.00004096
1                894.999 56566.3002936536345  3319.588                 0.00000
1                845.280 56566.3002894349814  2423.300                 0.00000
1                794.812 56566.3002899234313  4788.556                 0.00000
1                745.048 56566.3002906399583  5024.248                 0.00000
1                894.999 56566.3009989311376  2685.249                 0.00000
1                845.280 56566.3009945829195  2248.606                 0.00000
1                794.812 56566.3009951078551  2029.881                 0.00000
1                745.048 56566.3009957297270  3235.192                 0.00000
1                894.999 56566.3016946999307  2397.904                 0.00000
1                845.280 56566.3016904216554  2000.918                 0.00000
1                794.812 56566.3016908930712  3174.561                 0.00000
1                745.048 56566.3016914994241  5789.228                 0.00000
1                894.999 56566.3023437367985  2985.730                 0.00000
1                845.280 56566.3023395120954  2718.184                 0.00000
1                794.812 56566.3023400302540  3869.511                 0.00000
1                745.048 56566.3023407135560  2287.487                 0.00000
1                895.478 56569.3076612071653  4740.100                 0.00000
1                845.048 56569.3076569305922  3113.174                 0.00000
1                795.048 56569.3076575349410  3713.926                 0.00000
1                745.050 56569.3076580182510  2356.102                 0.00000
1                895.478 56569.3083616983462  3363.211                 0.00000
1                845.048 56569.3083575125222  2070.042                 0.00000
1                795.048 56569.3083579660874  6831.095                 0.00000
1                745.050 56569.3083586693193  3404.017                 0.00000
1                895.478 56569.3090060661232  2186.091                 0.00000
1                845.048 56569.3090018952102  3106.917                 0.00000
1                795.048 56569.3090024440858  4289.293                 0.00000
1                745.050 56569.3090030452872  2870.201                 0.00000
1                913.130 56597.4672208854754  2538.390                 0.00000
C 1                834.599 56597.4672221742701  1639.674                 0.00000
1                795.048 56597.4672221241190  3131.900                 0.00000
1                745.048 56597.4672227863288  2703.497                 0.00000
1                913.130 56597.4678653686811  5043.385                 0.00000
1                834.599 56597.4678660043216  2237.054                 0.00000
1                795.048 56597.4678663987774  1796.834                 0.00000
1                745.048 56597.4678670647202  2373.080                 0.00000
1                913.130 56597.4685097605889  5473.382                 0.00000
1                834.599 56597.4685104324428  4450.030                 0.00000
1                795.048 56597.4685109094103  2423.637                 0.00000
1                745.048 56597.4685116711358  2628.903                 0.00000
1                819.773 56598.5387515511472  2040.300                 0.00000
1                819.773 56598.5394473718198  4060.439                 0.00000
1                819.773 56598.5400917585724  1624.030                 0.00000
1                818.664 56601.4443297566238  2191.506                 0.00000
1                818.664 56601.4450301137557  1974.643                 0.00000
1                818.664 56601.4456745531319  1596.735                 0.00000
1                894.820 56603.2352316713927  1764.956                 0.00000
1                845.048 56603.2352320809991  2748.433                 0.00000
1                795.048 56603.2352325244890  3787.660                 0.00000
1                745.052 56603.2352332874370  2604.773                 0.00000
1                894.820 56603.2359321164424  2400.537                 0.00000
1                845.048 56603.2359326158555  2778.685                 0.00000
1                795.048 56603.2359330174971  2024.171                 0.00000
1                745.052 56603.2359338120544  1730.601                 0.00000
1                894.820 56603.2365765968515  2260.207                 0.00000
1                845.048 56603.2365770713970  1995.450                 0.00000
1                795.048 56603.2365775844166  3265.495                 0.00000
1                745.052 56603.2365781948144  3206.842                 0.00000
1                894.859 56604.1514111399242  1603.575                 0.00000
1                845.000 56604.1514115622033  2163.396                 0.00000
1                795.048 56604.1514121730853  1100.009                 0.00000
1                745.049 56604.1514126872496  1501.233                 0.00000
1                894.859 56604.1520509417875  3619.990                 0.00000
1                845.000 56604.1520513456066  2673.780                 0.00000
1                795.048 56604.1520518798893  3816.206                 0.00000
1                745.049 56604.1520525398503  2077.542                 0.00000
1                894.859 56604.1526907057411  1668.001                 0.00000
1                845.000 56604.1526911380738  1899.678                 0.00000
1                795.048 56604.1526916751472  2062.983                 0.00000
1                745.049 56604.1526923261760  1762.385                 0.00000
1                895.318 56606.4288552439159  3467.964                 0.00000
1                845.000 56606.4288555894719  2236.289                 0.00000
1                795.048 56606.4288561285540  2480.896                 0.00000
1                745.048 56606.4288567544437  2600.722                 0.00000
1                895.318 56606.4296117052987  2420.203                 0.00000
1                845.000 56606.4296121771668  1452.127                 0.00000
1                795.048 56606.4296127285920  2067.400                 0.00000
1                745.048 56606.4296086888487  1910.180                 0.00000
1                895.318 56606.4301954835066  1777.183                 0.00000
1                845.000 56606.4301959394602  2082.283                 0.00000
1                795.048 56606.4301964074450  2336.657                 0.00000
1                745.048 56606.4301924311742  2129.584                 0.00000
1                894.887 56616.2090015826064  1020.548                 0.00000
1                845.026 56616.2090020391171  1455.596                 0.00000
1                795.048 56616.2089979080147  1591.609                 0.00000
1                745.048 56616.2089985448232  1083.031                 0.00000
1                894.887 56616.2096927118923  1295.556                 0.00000
1                845.026 56616.2096931948419  1596.623                 0.00000
1                795.048 56616.2096890672178  1119.176                 0.00000
1                745.048 56616.2096897133492  1183.518                 0.00000
1                894.887 56616.2103372567000  1326.592                 0.00000
1                845.026 56616.2103376993463  1078.024                 0.00000
1                795.048 56616.2103381879118  1031.962                 0.00000
1                745.048 56616.2103341689173  1452.651                 0.00000
1                894.830 56626.4499304688015  1942.470                 0.00000
1                845.026 56626.4499262904059  1416.459                 0.00000
1                795.048 56626.4499267647520  1774.207                 0.00000
1                745.087 56626.4499273672439  1494.072                 0.00000
1                894.830 56626.4506310340717  1633.082                 0.00000
1                845.026 56626.4506267914928  1140.163                 0.00000
1                795.048 56626.4506273298990  1813.720                 0.00000
1                745.087 56626.4506279664253  2499.162                 0.00000
1                894.830 56626.4512754885497  1499.365                 0.00000
1                845.026 56626.4512759071985  1022.131                 0.00000
1                795.048 56626.4512717851304  1626.030                 0.00000
1                745.087 56626.4512724290187  1725.724                 0.00000
1                900.169 56636.2296314313547  2987.356                 0.00000
1                843.146 56636.2296272286507  1572.664                 0.00000
1                795.048 56636.2296277471313  1938.307                 0.00000
1                743.715 56636.2296283733939  2744.118                 0.00000
1                900.169 56636.2303318287494  1810.620                 0.00000
1                843.146 56636.2303276966141  2336.636                 0.00000
1                795.048 56636.2303282203447  1692.481                 0.00000
1                743.715 56636.2303288330980  2024.059                 0.00000
1                900.169 56636.2309762839544  4264.914                 0.00000
1                843.146 56636.2309722148510  1504.534                 0.00000
C 1                795.048 56636.2309728645935  2219.064                 0.00000
1                743.715 56636.2309733773013  3659.644                 0.00000
1                894.887 56669.0538994497694  1659.735                 0.00000
1                845.885 56669.0538998002688  1769.593                 0.00000
C 1                795.048 56669.0538983931915  2333.612                 0.00000
1                745.048 56669.0538963766646  1663.449                 0.00000
1                894.887 56669.0545999839742  1944.274                 0.00000
1                845.885 56669.0546003773620  2853.861                 0.00000
1                795.048 56669.0546008345439  2208.542                 0.00000
1                745.048 56669.0545967940216  8323.637                 0.00000
1                894.887 56669.0552443741447  2922.092                 0.00000
1                845.885 56669.0552448367565  2172.268                 0.00000
1                795.048 56669.0552454296418  2850.213                 0.00000
1                745.048 56669.0552459386769  2700.066                 0.00000
1                894.809 56700.9393882470664  1872.976                 0.00000
1                845.048 56700.9393886858462  1292.070                 0.00000
1                795.048 56700.9393891319440  2544.534                 0.00000
1                745.053 56700.9393851844781  3192.008                 0.00000
1                894.809 56700.9400887104403  2202.307                 0.00000
1                845.048 56700.9400891484917  1816.414                 0.00000
C 1                795.048 56700.9400883022644  3241.116                 0.00000
1                745.053 56700.9400857227011  2344.459                 0.00000
1                894.809 56700.9407331984124  1932.660                 0.00000
1                845.048 56700.9407336402137  1417.853                 0.00000
1                795.048 56700.9407341374050  1917.575                 0.00000
1                745.053 56700.9407300377005  4243.786                 0.00000
1                894.766 56731.9122548170172  2122.574                 0.00000
1                845.024 56731.9122552357875  3666.307                 0.00000
1                795.048 56731.9122558077824  2721.719                 0.00000
1                745.048 56731.9122563885563  2470.937                 0.00000
1                894.766 56731.9129553191899  2553.466                 0.00000
1                845.024 56731.9129557417088  1823.850                 0.00000
1                795.048 56731.9129562234222  1792.317                 0.00000
1                745.048 56731.9129568334906  1941.369                 0.00000
1                894.766 56731.9135950533123  2268.179                 0.00000
1                845.024 56731.9135954898288  2248.603                 0.00000
1                795.048 56731.9135960141176  2031.005                 0.00000
C 1                745.048 56731.9135946032280  4633.763                 0.00000
1                894.999 56760.8289808134452  2366.060                 0.00000
1                844.950 56760.8289812391675  2177.007                 0.00000
1                795.048 56760.8289817394885  2316.477                 0.00000
1                745.048 56760.8289777452202  2358.463                 0.00000
1                894.999 56760.8296812858824  1772.062                 0.00000
1                844.950 56760.8296817382094  1464.803                 0.00000
1                795.048 56760.8296822406628  1863.340                 0.00000
1                745.048 56760.8296781780621  1449.915                 0.00000
C 1                894.999 56760.8303183447647  2402.183                 0.00000
1                844.950 56760.8303214296712  1725.552                 0.00000
1                795.048 56760.8303219295646  2042.555                 0.00000
1                745.048 56760.8303179448037  2774.277                 0.00000
1                895.005 56793.5479223049007  1478.385                 0.00000
1                845.048 56793.5479227678422  1330.052                 0.00000
1                795.048 56793.5479233421235  1724.652                 0.00000
1                745.048 56793.5479239068486  1500.924                 0.00000
1                895.005 56793.5486835142700  1199.166                 0.00000
1                845.048 56793.5486792643545  1717.745                 0.00000
1                795.048 56793.5486798407885  2402.219                 0.00000
1                745.048 56793.5486804203436  1661.453                 0.00000
1                895.005 56793.5492625766705  1258.224                 0.00000
1                845.048 56793.5492629904273  1192.066                 0.00000
1                795.048 56793.5492635450605  1334.217                 0.00000
1                745.048 56793.5492642030536  1485.376                 0.00000
1                894.827 56823.6316923287714  1170.787                 0.00000
1                844.968 56823.6316927517072  1580.071                 0.00000
1                795.088 56823.6316932778531  1427.823                 0.00000
1                745.048 56823.6316892532797  1268.361                 0.00000
1                894.827 56823.6323927614485  1146.183                 0.00000
1                844.968 56823.6323932310992  1226.888                 0.00000
1                795.088 56823.6323937930420  1366.435                 0.00000
1                745.048 56823.6323897234729  1575.794                 0.00000
1                894.827 56823.6330932221593  1827.808                 0.00000
1                844.968 56823.6330936966811  1234.092                 0.00000
1                795.088 56823.6330942075339  1404.214                 0.00000
1                745.048 56823.6330901963957  1433.315                 0.00000
1                894.790 56856.6264866395758  1918.722                 0.00000
1                845.036 56856.6264824787151  1985.689                 0.00000
1                795.048 56856.6264830125078  1677.518                 0.00000
1                745.048 56856.6264836577756  2048.276                 0.00000
1                894.790 56856.6271871361487  2975.872                 0.00000
1                845.036 56856.6271829909817  2073.035                 0.00000
1                795.048 56856.6271834648986  2070.275                 0.00000
1                745.048 56856.6271841034914  1683.383                 0.00000
C 1                894.790 56856.6278220365199  1548.680                 0.00000
1                845.036 56856.6278179769988  1978.808                 0.00000
1                795.048 56856.6278185242971  1906.138                 0.00000
1                745.048 56856.6278192032795  2898.514                 0.00000
TIME -0.00004096
