FORMAT 1
 NOT 820.04900000 56565.06589783056870147 3720.67000 1 
 NOT 820.04900000 56565.06639360059969945 7527.31000 1 
 NOT 820.04900000 56565.06688952300759965 9097.37000 1 
 NOT 820.04900000 56565.06738535232549836 4787.63000 1 
 NOT 820.04900000 56569.06591627695609859 5346.96000 1 
 NOT 820.04900000 56569.06641208917080021 2702.24000 1 
 NOT 820.04900000 56569.06690791825100106 8950.44000 1 
 NOT 820.04900000 56569.06740370489649905 5239.43000 1 
 NOT 820.04900000 56598.76010813048869963 5176.12000 1 
 NOT 820.04900000 56598.76060402461899912 4091.03000 1 
 NOT 820.04900000 56598.76109984024390087 4393.82000 1 
 NOT 820.04900000 56598.76159565254199890 4979.32000 1 
C NOT 820.04900000 56599.21157009588990050 5149.24000 1 
 NOT 820.04900000 56599.21206604057130107 5589.49000 1 
 NOT 820.04900000 56599.21256184250970023 4405.52000 1 
 NOT 820.04900000 56599.21305772480850038 4914.00000 1 
 NOT 820.04900000 56600.84526828615360117 5630.44000 1 
 NOT 820.04900000 56600.84576412665590084 3266.16000 1 
 NOT 820.04900000 56600.84625999865760093 4557.99000 1 
 NOT 820.04900000 56600.84675581618089879 3915.70000 1 
 NOT 820.04900000 56602.93787420631809937 4451.05000 1 
 NOT 820.04900000 56602.93837005792549988 4631.01000 1 
 NOT 820.04900000 56602.93886594015830127 7253.51000 1 
 NOT 820.04900000 56602.93936170661200080 7795.20000 1 
C NOT 820.04900000 56605.86629190464829975 26973.02000 1 
C NOT 820.04900000 56605.86678620618269875 14587.62000 1 
C NOT 820.04900000 56605.86728215354339966 19311.89000 1 
 NOT 820.04900000 56605.86777556830390168 3414.08000 1 
 NOT 820.04900000 56607.88536524009269968 4084.84000 1 
 NOT 820.04900000 56607.88586112577980103 6705.63000 1 
 NOT 820.04900000 56607.88635694044240054 4126.89000 1 
C NOT 820.04900000 56607.88685271133829957 4362.77000 1 
 NOT 820.04900000 56617.94438236834960065 4218.95000 1 
 NOT 820.04900000 56617.94487814160969918 4107.24000 1 
 NOT 820.04900000 56617.94537400596599852 3797.91000 1 
 NOT 820.04900000 56617.94586982136329922 5222.49000 1 
 NOT 820.04900000 56626.91821133231459839 4202.01000 1 
 NOT 820.04900000 56626.91870718011340102 4406.26000 1 
 NOT 820.04900000 56626.91920304747609904 5005.49000 1 
 NOT 820.04900000 56626.91969885743110069 4870.36000 1 
 NOT 820.04900000 56670.73328230972580144 4187.92000 1 
 NOT 820.04900000 56670.73377811516539992 4775.57000 1 
 NOT 820.04900000 56670.73427399159280071 4552.91000 1 
 NOT 820.04900000 56670.73476980864260000 4565.87000 1 
 NOT 820.04900000 56703.72144112806930139 3400.49000 1 
 NOT 820.04900000 56703.72193690685439904 3916.52000 1 
 NOT 820.04900000 56703.72243275723790035 3391.32000 1 
 NOT 820.04900000 56703.72292864078830021 4534.31000 1 
 NOT 820.04900000 56725.45964717278710054 3813.73000 1 
 NOT 820.04900000 56725.46014291555630038 3884.12000 1 
 NOT 820.04900000 56725.46063872800910133 4481.34000 1 
 NOT 820.04900000 56725.46113458604670043 4380.90000 1 
 NOT 820.04900000 56761.52875646453540170 3802.49000 1 
 NOT 820.04900000 56761.52925232656950172 6273.98000 1 
 NOT 820.04900000 56761.52974810934199823 5612.51000 1 
 NOT 820.04900000 56761.53024383233299943 3061.92000 1 
 NOT 820.04900000 56791.40748408481729825 4289.35000 1 
 NOT 820.04900000 56791.40797981172190134 4458.53000 1 
 NOT 820.04900000 56791.40847571570209951 4133.12000 1 
 NOT 820.04900000 56791.40897151715359925 3636.33000 1 
 NOT 820.04900000 56824.34124224312940044 3848.45000 1 
 NOT 820.04900000 56824.34173793036699962 3817.85000 1 
 NOT 820.04900000 56824.34223378559940087 6427.12000 1 
 NOT 820.04900000 56824.34272952688860059 4189.68000 1 
