FORMAT 1
 NOT 820.04900000 56566.31626786531180073 13410.55000 1 
 NOT 820.04900000 56566.31709512871389833 7547.24000 1 
 NOT 820.04900000 56566.31788429796570128 7736.14000 1 
 NOT 820.04900000 56566.31869891876889866 7450.28000 1 
 NOT 820.04900000 56569.06285508719290078 6467.79000 1 
 NOT 820.04900000 56569.06335140710589826 8625.75000 1 
 NOT 820.04900000 56569.06384809569840044 7537.92000 1 
 NOT 820.04900000 56569.06434443565219894 9938.99000 1 
 NOT 820.04900000 56598.75698091817719870 11799.35000 1 
 NOT 820.04900000 56598.75747751872879832 7729.82000 1 
 NOT 820.04900000 56598.75797373431460002 10447.69000 1 
 NOT 820.04900000 56598.75847016611010076 9066.04000 1 
 NOT 820.04900000 56599.20883821327949903 10743.66000 1 
 NOT 820.04900000 56599.20933457687290158 10198.53000 1 
 NOT 820.04900000 56599.20983090496190115 12145.88000 1 
 NOT 820.04900000 56599.21032749336169942 10740.35000 1 
 NOT 820.04900000 56600.84231348754040170 12673.52000 1 
 NOT 820.04900000 56600.84280995591749885 10877.08000 1 
 NOT 820.04900000 56600.84330654744699984 7433.91000 1 
 NOT 820.04900000 56600.84380269100619998 10601.52000 1 
 NOT 820.04900000 56602.93504228540630052 17125.01000 1 
 NOT 820.04900000 56602.93553897923710139 16899.40000 1 
 NOT 820.04900000 56602.93603516330960090 9144.98000 1 
 NOT 820.04900000 56602.93653154039969877 14111.19000 1 
 NOT 820.04900000 56605.86297311632549878 11797.50000 1 
 NOT 820.04900000 56605.86346944718360064 11247.86000 1 
 NOT 820.04900000 56605.86396586992099955 12231.93000 1 
 NOT 820.04900000 56605.86446234966300040 7455.18000 1 
 NOT 820.04900000 56607.88199593444170077 25315.66000 1 
 NOT 820.04900000 56607.88249237710320116 9201.67000 1 
 NOT 820.04900000 56607.88298900041489858 11970.29000 1 
 NOT 820.04900000 56607.88348513211850133 9673.94000 1 
 NOT 820.04900000 56617.94130267957600111 8617.15000 1 
 NOT 820.04900000 56617.94179902438650132 7611.91000 1 
 NOT 820.04900000 56617.94229544203840021 6919.50000 1 
 NOT 820.04900000 56617.94279184228160062 7283.46000 1 
 NOT 820.04900000 56626.91511389660890075 13128.80000 1 
 NOT 820.04900000 56626.91561022788900104 8727.61000 1 
 NOT 820.04900000 56626.91610651772250051 6810.40000 1 
 NOT 820.04900000 56626.91660295909879963 8923.00000 1 
 NOT 820.04900000 56670.72995622775379942 10272.74000 1 
 NOT 820.04900000 56670.73045254373440116 9407.32000 1 
 NOT 820.04900000 56670.73094894852459902 8965.23000 1 
 NOT 820.04900000 56670.73144537615349847 9452.43000 1 
 NOT 820.04900000 56703.71807058502220045 8810.96000 1 
 NOT 820.04900000 56703.71856707938150066 8129.50000 1 
 NOT 820.04900000 56703.71906354484579893 9978.20000 1 
 NOT 820.04900000 56703.71955989501890016 10753.87000 1 
C NOT 820.04900000 56725.45677093761510079 20011.98000 1 
 NOT 820.04900000 56725.45727078848409874 11137.47000 1 
 NOT 820.04900000 56725.45776729248299830 11584.16000 1 
 NOT 820.04900000 56725.45826352009530069 10443.63000 1 
 NOT 820.04900000 56761.52554124087179943 8626.71000 1 
 NOT 820.04900000 56761.52603770867310118 11764.22000 1 
 NOT 820.04900000 56761.52653404220020050 9761.91000 1 
 NOT 820.04900000 56761.52703037556079835 12713.39000 1 
 NOT 820.04900000 56791.40418666887950039 8060.03000 1 
 NOT 820.04900000 56791.40468295524789966 9213.73000 1 
 NOT 820.04900000 56791.40517913817980045 9600.92000 1 
 NOT 820.04900000 56791.40567553921070143 11639.16000 1 
 NOT 820.04900000 56824.33842064252910120 7372.59000 1 
 NOT 820.04900000 56824.33891704507919940 6118.06000 1 
 NOT 820.04900000 56824.33941353449510103 11491.01000 1 
 NOT 820.04900000 56824.33990983725709967 10207.26000 1 
