MODE 1
EFAC 1.0354

# 350 MHz (Incoherent)
TIME +0.00008192
1                377.150 57535.2730080223528   32.088                 0.00000
1                324.860 57535.2730080154907   17.587                 0.00000
1                377.150 57535.2739405646826   31.402                 0.00000
1                324.860 57535.2739405584122   20.513                 0.00000
1                377.150 57535.2748726170321   38.552                 0.00000
1                324.860 57535.2748726111110   18.457                 0.00000
1                377.150 57535.2756299381829   27.062                 0.00000
1                324.860 57535.2756299323888   25.796                 0.00000
1                376.202 57536.5360057479908   31.329                 0.00000
1                325.011 57536.5360057502767   22.679                 0.00000
1                376.202 57536.5369383199342   21.058                 0.00000
1                325.011 57536.5369383222377   22.162                 0.00000
1                376.202 57536.5378703709198   22.130                 0.00000
1                325.011 57536.5378703738329   22.923                 0.00000
1                376.202 57536.5386276918327   37.514                 0.00000
1                325.011 57536.5386276935482   24.101                 0.00000
1                376.949 57537.4195126546445   28.218                 0.00000
1                323.603 57537.4195126661445   19.595                 0.00000
1                376.949 57537.4204451930462   31.865                 0.00000
1                323.603 57537.4204452054882   19.440                 0.00000
1                376.949 57537.4213772416582   32.231                 0.00000
1                323.603 57537.4213772540582   26.949                 0.00000
1                376.949 57537.4221345970247   34.906                 0.00000
1                323.603 57537.4221346092247   18.516                 0.00000
1                379.820 57538.4093626444603   32.909                 0.00000
1                323.460 57538.4093626450383   17.221                 0.00000
1                379.820 57538.4104116777819   42.783                 0.00000
1                323.460 57538.4104116782606   22.309                 0.00000
1                379.820 57538.4114602512036   36.320                 0.00000
1                323.460 57538.4114602526378   24.519                 0.00000
1                379.820 57538.4124505512310   56.866                 0.00000
1                323.460 57538.4124505510186   20.537                 0.00000
1                376.745 57539.2517927303141   49.286                 0.00000
1                324.828 57539.2517927210147   18.932                 0.00000
1                376.745 57539.2527252923732   22.062                 0.00000
1                324.828 57539.2527252828222   20.951                 0.00000
1                376.745 57539.2536573944762   33.272                 0.00000
1                324.828 57539.2536573849928   17.729                 0.00000
1                376.745 57539.2544147007319   39.016                 0.00000
1                324.828 57539.2544146914169   24.017                 0.00000
1                375.674 57541.5996631518345   30.468                 0.00000
1                324.850 57541.5996631582378   16.698                 0.00000
1                375.674 57541.6005957148432   29.287                 0.00000
1                324.850 57541.6005957207565   23.829                 0.00000
1                375.674 57541.6015277580125   28.067                 0.00000
1                324.850 57541.6015277637431   17.233                 0.00000
1                375.674 57541.6022850707999   27.474                 0.00000
1                324.850 57541.6022850773098   32.045                 0.00000
1                380.968 57545.1885983274146   46.821                 0.00000
1                323.715 57545.1885983349008   20.264                 0.00000
1                380.968 57545.1895308367018   37.185                 0.00000
1                323.715 57545.1895308443653   16.013                 0.00000
1                380.968 57545.1904629173835   32.867                 0.00000
1                323.715 57545.1904629249148   20.963                 0.00000
1                380.968 57545.1912784533598   32.866                 0.00000
1                323.715 57545.1912784609950   24.459                 0.00000
1                376.754 57605.2257974359697   25.662                 0.00000
1                325.011 57605.2257974305301   16.202                 0.00000
1                376.754 57605.2267299682908   28.072                 0.00000
1                325.011 57605.2267299618850   19.548                 0.00000
1                376.754 57605.2276620407158   27.258                 0.00000
1                325.011 57605.2276620348117   16.721                 0.00000
1                376.754 57605.2284193420896   32.977                 0.00000
1                325.011 57605.2284193353703   24.520                 0.00000
1                379.816 57637.1906700193589   38.320                 0.00000
1                325.011 57637.1906700285875   18.467                 0.00000
1                379.816 57637.1916025758532   32.968                 0.00000
1                325.011 57637.1916025850254   20.450                 0.00000
1                379.816 57637.1925346724857   28.700                 0.00000
1                325.011 57637.1925346811388   18.420                 0.00000
1                379.816 57637.1933502068443   27.480                 0.00000
1                325.011 57637.1933502156787   28.762                 0.00000
1                377.778 57637.9920011281728   33.076                 0.00000
1                321.942 57637.9920011370138   21.990                 0.00000
1                377.778 57637.9929336778404   32.909                 0.00000
1                321.942 57637.9929336855233   20.905                 0.00000
1                377.778 57637.9938657377258   26.210                 0.00000
1                321.942 57637.9938657453399   18.280                 0.00000
1                377.778 57637.9946230477453   33.818                 0.00000
1                321.942 57637.9946230554616   33.574                 0.00000
1                379.732 57655.1670241960179   35.196                 0.00000
1                324.425 57655.1670241935587   19.655                 0.00000
1                379.732 57655.1679567986657   38.853                 0.00000
1                324.425 57655.1679567966603   20.739                 0.00000
1                379.732 57655.1688888507735   35.553                 0.00000
1                324.425 57655.1688888479298   17.098                 0.00000
1                379.732 57655.1697044290313   46.402                 0.00000
1                324.425 57655.1697044263308   34.044                 0.00000
1                368.353 57687.1061552178519   29.086                 0.00000
1                325.011 57687.1061552306331   25.725                 0.00000
1                368.353 57687.1069423123398   37.624                 0.00000
1                325.011 57687.1069423252773   18.014                 0.00000
1                368.353 57687.1075539426193   21.608                 0.00000
1                325.011 57687.1075539552370   19.823                 0.00000
1                368.353 57687.1082529834952   29.982                 0.00000
1                325.011 57687.1082529963567   28.062                 0.00000
1                376.660 57689.0322432719631   29.937                 0.00000
1                325.207 57689.0322432581872   16.929                 0.00000
1                376.660 57689.0329429724068   25.921                 0.00000
1                325.207 57689.0329429574854   28.578                 0.00000
1                376.660 57689.0336419981879   29.183                 0.00000
1                325.207 57689.0336419832093   21.283                 0.00000
1                376.660 57689.0342828052045   29.533                 0.00000
1                325.207 57689.0342827908474   31.158                 0.00000
1                376.834 57689.2219423116023   23.393                 0.00000
1                325.591 57689.2219423172756   20.328                 0.00000
1                376.834 57689.2226420276068   21.929                 0.00000
1                325.591 57689.2226420334313   27.603                 0.00000
1                376.834 57689.2233410690890   20.654                 0.00000
1                325.591 57689.2233410756882   19.959                 0.00000
1                376.834 57689.2239818598783   61.689                 0.00000
1                325.591 57689.2239818672522   27.865                 0.00000
1                377.341 57689.7381796044488   35.898                 0.00000
1                325.011 57689.7381795924259   24.221                 0.00000
1                377.341 57689.7386466082690   36.072                 0.00000
1                325.011 57689.7386465964305   23.565                 0.00000
1                377.341 57689.7391126637600   21.558                 0.00000
1                325.011 57689.7391126518824   25.714                 0.00000
1                377.341 57689.7394039298879   79.824                 0.00000
1                325.011 57689.7394039160398   43.298                 0.00000
1                377.177 57690.8501830433129   21.740                 0.00000
1                325.141 57690.8501830573092   21.407                 0.00000
1                377.177 57690.8508827586775   24.796                 0.00000
1                325.141 57690.8508827726466   18.961                 0.00000
1                377.177 57690.8515818306059   32.094                 0.00000
1                325.141 57690.8515818444311   17.164                 0.00000
1                377.177 57690.8522226184795   30.593                 0.00000
1                325.142 57690.8522226316807   24.102                 0.00000
1                377.106 57691.1225798456055   21.239                 0.00000
1                325.011 57691.1225798417259   19.617                 0.00000
1                377.106 57691.1235123742880   19.513                 0.00000
1                325.011 57691.1235123704371   16.028                 0.00000
1                377.106 57691.1244444431475   20.588                 0.00000
1                325.011 57691.1244444394687   16.920                 0.00000
1                377.106 57691.1252016935237   38.486                 0.00000
1                325.011 57691.1252016899421   21.440                 0.00000
1                377.400 57692.8839570785579   34.921                 0.00000
1                325.011 57692.8839570726589   22.891                 0.00000
1                377.400 57692.8848896848771   25.528                 0.00000
1                325.011 57692.8848896794192   22.934                 0.00000
1                377.400 57692.8858218010433   23.190                 0.00000
1                325.011 57692.8858217956974   19.505                 0.00000
1                377.400 57692.8866373268803   24.851                 0.00000
1                325.011 57692.8866373209501   54.788                 0.00000
1                377.238 57694.1283205187771   38.320                 0.00000
1                325.011 57694.1283205285230   18.463                 0.00000
1                377.238 57694.1292530646374   24.249                 0.00000
1                325.011 57694.1292530736358   19.872                 0.00000
1                377.238 57694.1301851501524   42.884                 0.00000
1                325.011 57694.1301851592711   22.650                 0.00000
1                377.238 57694.1310007063471   33.295                 0.00000
1                325.011 57694.1310007152593   23.914                 0.00000
1                377.422 57695.0559238080037   36.537                 0.00000
1                325.011 57695.0559238037765   20.455                 0.00000
1                377.422 57695.0566235018482   35.214                 0.00000
1                325.011 57695.0566234977685   18.300                 0.00000
1                377.422 57695.0573225518572   60.584                 0.00000
1                325.011 57695.0573225482897   27.731                 0.00000
1                377.422 57695.0579633507136   28.261                 0.00000
1                325.011 57695.0579633467051   26.130                 0.00000
1                374.713 57695.8652872038803   32.112                 0.00000
1                325.011 57695.8652872117078   21.708                 0.00000
1                374.713 57695.8659869128592   37.597                 0.00000
1                325.011 57695.8659869215729   17.992                 0.00000
1                374.713 57695.8666859481651   22.804                 0.00000
1                325.011 57695.8666859574646   19.754                 0.00000
1                374.713 57695.8673267610266   38.954                 0.00000
1                325.011 57695.8673267705180   20.711                 0.00000
1                375.331 57696.1841614628366   19.591                 0.00000
1                325.011 57696.1841614711675   13.118                 0.00000
1                375.331 57696.1859509832530   14.972                 0.00000
1                325.011 57696.1859509913573   14.167                 0.00000
1                375.331 57696.1876985747521   17.509                 0.00000
1                325.011 57696.1876985830758   12.986                 0.00000
1                375.331 57696.1893879431695   18.870                 0.00000
1                325.011 57696.1893879514242   15.978                 0.00000
1                375.143 57698.7053113088349   28.977                 0.00000
1                325.011 57698.7053112983830   21.054                 0.00000
1                375.143 57698.7062438502620   28.540                 0.00000
1                325.011 57698.7062438402830   17.620                 0.00000
1                375.143 57698.7071759318283   36.544                 0.00000
1                325.011 57698.7071759219706   14.621                 0.00000
1                375.144 57698.7079914772818   19.496                 0.00000
1                325.011 57698.7079914671464   19.520                 0.00000
1                376.107 57699.8717118017591   24.385                 0.00000
1                325.011 57699.8717117934482   14.824                 0.00000
1                376.107 57699.8726443486698   26.808                 0.00000
1                325.011 57699.8726443405477   15.389                 0.00000
1                376.107 57699.8735764055788   21.817                 0.00000
1                325.011 57699.8735763973972   16.049                 0.00000
1                376.107 57699.8743337023907   30.737                 0.00000
1                325.011 57699.8743336937089   18.442                 0.00000
1                374.810 57726.7879733741075   24.197                 0.00000
1                325.011 57726.7879733631510   19.109                 0.00000
1                374.810 57726.7889059147553   37.120                 0.00000
1                325.011 57726.7889059022640   17.859                 0.00000
1                374.810 57726.7898379940993   26.446                 0.00000
1                325.011 57726.7898379818218   27.991                 0.00000
1                374.810 57726.7905952835581   29.869                 0.00000
1                325.011 57726.7905952716326   23.193                 0.00000
1                377.389 57726.9393497025366   35.121                 0.00000
1                325.011 57726.9393496952564   23.389                 0.00000
1                377.389 57726.9400493799482   53.584                 0.00000
1                325.011 57726.9400493736599   17.150                 0.00000
1                377.389 57726.9407484154424   38.198                 0.00000
1                325.011 57726.9407484087731   27.368                 0.00000
1                377.389 57726.9414474820621   51.730                 0.00000
1                325.011 57726.9414474736006   26.164                 0.00000
1                370.814 57728.8366799482986   30.618                 0.00000
1                325.059 57728.8366799306367   18.138                 0.00000
1                370.814 57728.8384278224041   29.306                 0.00000
1                325.059 57728.8384278039239   16.542                 0.00000
1                370.814 57728.8401754198299   25.926                 0.00000
1                325.059 57728.8401754021858   17.885                 0.00000
1                370.815 57728.8420077894789   49.248                 0.00000
1                325.059 57728.8420077708809   24.960                 0.00000
1                375.721 57729.0904414809413   20.387                 0.00000
1                325.129 57729.0904414788296   14.949                 0.00000
1                375.721 57729.0921893845097   15.376                 0.00000
1                325.129 57729.0921893823387   13.230                 0.00000
1                375.721 57729.0939370436702   18.985                 0.00000
1                325.129 57729.0939370410813   14.000                 0.00000
1                375.721 57729.0956264209263   21.334                 0.00000
1                325.129 57729.0956264192704   16.666                 0.00000
1                378.494 57751.6042840792166   25.447                 0.00000
1                325.011 57751.6042840862019   16.139                 0.00000
1                378.494 57751.6060319586473   25.669                 0.00000
1                325.011 57751.6060319656581   13.517                 0.00000
1                378.494 57751.6077795623226   24.021                 0.00000
1                325.011 57751.6077795689988   15.096                 0.00000
1                378.494 57751.6094689463661   20.983                 0.00000
1                325.011 57751.6094689531050   15.119                 0.00000
1                375.272 57752.5669075562238   39.474                 0.00000
1                322.638 57752.5669075514886   49.655                 0.00000
1                375.272 57752.5679567629649   47.234                 0.00000
1                322.638 57752.5679567573804   59.386                 0.00000
1                375.272 57752.5688472318341  136.760                 0.00000
1                322.638 57752.5688472262142   37.323                 0.00000
1                375.272 57752.5696461252881  113.494                 0.00000
1                322.639 57752.5696461213967   51.400                 0.00000
1                374.074 57752.6858890598056   61.621                 0.00000
1                320.051 57752.6858890650566   41.286                 0.00000
1                374.074 57752.6865887792911   50.204                 0.00000
1                320.051 57752.6865887834575   24.366                 0.00000
1                374.074 57752.6872878238317   47.209                 0.00000
1                320.051 57752.6872878286274   33.892                 0.00000
1                374.074 57752.6879285567719   54.891                 0.00000
1                320.051 57752.6879285611297   31.879                 0.00000
1                374.998 57753.5480311361331   32.284                 0.00000
1                325.011 57753.5480311428547   18.691                 0.00000
1                374.998 57753.5489636951678   31.148                 0.00000
1                325.011 57753.5489637021976   23.564                 0.00000
1                374.998 57753.5498957651897   27.451                 0.00000
1                325.011 57753.5498957715048   23.504                 0.00000
1                374.999 57753.5507113329453   38.272                 0.00000
1                325.011 57753.5507113403438   28.464                 0.00000
1                377.119 57753.9861677154340   29.293                 0.00000
1                325.011 57753.9861677133631   23.175                 0.00000
1                377.119 57753.9871003151412   28.814                 0.00000
1                325.011 57753.9871003134861   27.669                 0.00000
1                377.119 57753.9880323941001   28.129                 0.00000
1                325.011 57753.9880323915927   24.720                 0.00000
1                377.119 57753.9887896574860   53.972                 0.00000
1                325.011 57753.9887896554030   32.202                 0.00000
1                375.266 57754.0481122123323   46.842                 0.00000
1                325.011 57754.0481122148603   21.026                 0.00000
1                375.266 57754.0490447425609   42.810                 0.00000
1                325.011 57754.0490447446227   17.277                 0.00000
1                375.266 57754.0499767820604   25.225                 0.00000
1                325.011 57754.0499767842511   42.443                 0.00000
1                375.266 57754.0507923508492   52.102                 0.00000
1                325.011 57754.0507923527195   26.814                 0.00000
1                376.641 57755.9537979898226   19.802                 0.00000
1                324.118 57755.9537980151787   16.933                 0.00000
1                376.641 57755.9555458861311   23.587                 0.00000
1                324.118 57755.9555459118088   20.511                 0.00000
1                376.641 57755.9572935084150   24.683                 0.00000
1                324.118 57755.9572935332811   19.878                 0.00000
1                376.641 57755.9589828199455   27.865                 0.00000
1                324.118 57755.9589828455016   26.135                 0.00000
1                374.806 57756.0620619199345   26.068                 0.00000
1                325.011 57756.0620619077767   20.879                 0.00000
1                374.806 57756.0638097564270   22.354                 0.00000
1                325.011 57756.0638097443561   18.695                 0.00000
1                374.806 57756.0655573784902   30.817                 0.00000
1                325.011 57756.0655573663113   18.544                 0.00000
1                374.806 57756.0672467513365   25.711                 0.00000
1                325.011 57756.0672467396940   22.495                 0.00000
1                376.878 57756.0697788338225   48.484                 0.00000
1                325.011 57756.0697788387679   41.737                 0.00000
1                376.878 57756.0707114160942   36.509                 0.00000
1                325.011 57756.0707114220136   29.022                 0.00000
1                376.878 57756.0716434488264   35.730                 0.00000
1                325.011 57756.0716434526214   45.578                 0.00000
1                376.879 57756.0724007589351   48.280                 0.00000
1                325.011 57756.0724007634205   93.966                 0.00000
1                382.292 57756.5863172623042   39.238                 0.00000
1                325.011 57756.5863172569192   24.688                 0.00000
1                382.292 57756.5870170041391   67.534                 0.00000
1                325.011 57756.5870169996562   25.562                 0.00000
1                382.292 57756.5877160413188   41.905                 0.00000
1                325.011 57756.5877160359019   21.861                 0.00000
1                382.292 57756.5883568271827   36.965                 0.00000
1                325.011 57756.5883568222362   26.568                 0.00000
1                363.767 57757.7035858359769   80.920                 0.00000
1                325.011 57757.7035858266234   31.539                 0.00000
1                363.767 57757.7042855587800   60.241                 0.00000
1                325.011 57757.7042855492199   30.221                 0.00000
1                363.767 57757.7049846066008  111.738                 0.00000
1                325.011 57757.7049845980573   30.119                 0.00000
1                363.767 57757.7056254048768   63.365                 0.00000
1                325.011 57757.7056253947607   37.644                 0.00000
1                377.924 57758.9020811189161   52.474                 0.00000
1                326.599 57758.9020811405869   20.867                 0.00000
1                377.924 57758.9027809020964   81.710                 0.00000
1                326.599 57758.9027808947982   30.017                 0.00000
1                377.924 57758.9034799216134   82.554                 0.00000
1                326.599 57758.9034799133068   31.171                 0.00000
1                377.924 57758.9041207188559   55.489                 0.00000
1                326.600 57758.9041207115891   43.002                 0.00000
1                374.998 57760.6162487991731   29.861                 0.00000
1                325.011 57760.6162488052408   24.971                 0.00000
1                374.998 57760.6171813578622   37.889                 0.00000
1                325.011 57760.6171813648877   23.337                 0.00000
1                374.998 57760.6181134264569   51.615                 0.00000
1                325.011 57760.6181134339458   21.370                 0.00000
1                374.999 57760.6189289682855   26.013                 0.00000
1                325.011 57760.6189289755625   25.034                 0.00000
1                376.314 57763.0160780846756   25.640                 0.00000
1                325.011 57763.0160780972876   14.682                 0.00000
1                376.314 57763.0178259878094   19.818                 0.00000
1                325.011 57763.0178259996450   15.421                 0.00000
1                376.314 57763.0195736139289   23.346                 0.00000
1                325.011 57763.0195736261366   15.440                 0.00000
1                376.314 57763.0212629283185   25.062                 0.00000
1                325.011 57763.0212629406487   19.428                 0.00000
1                374.998 57787.9085520501707   34.085                 0.00000
1                325.011 57787.9085520582292   18.424                 0.00000
1                374.998 57787.9094845953512   23.752                 0.00000
1                325.011 57787.9094846024752   18.660                 0.00000
1                374.998 57787.9104166799065   24.282                 0.00000
1                325.011 57787.9104166876379   19.895                 0.00000
1                374.999 57787.9111739660450   31.534                 0.00000
1                325.011 57787.9111739740572   20.604                 0.00000
1                378.265 57789.5754167697984   32.684                 0.00000
1                325.011 57789.5754167556097   18.405                 0.00000
1                378.265 57789.5766987313202   20.301                 0.00000
1                325.011 57789.5766987168406   17.653                 0.00000
1                378.265 57789.5779803250671   21.765                 0.00000
1                325.011 57789.5779803110723   17.135                 0.00000
1                378.265 57789.5790871435202   31.692                 0.00000
1                325.011 57789.5790871282710   19.133                 0.00000
1                378.249 57790.5917691876697   32.930                 0.00000
1                325.011 57790.5917691721390   19.434                 0.00000
1                378.249 57790.5925852471724   21.781                 0.00000
1                325.011 57790.5925852618323   25.930                 0.00000
1                378.249 57790.5934008157017   60.669                 0.00000
1                325.011 57790.5934008007563   17.467                 0.00000
1                378.249 57790.5940999234964   45.850                 0.00000
1                325.011 57790.5940999080123   24.876                 0.00000
1                377.649 57791.7452332018440   19.863                 0.00000
1                325.011 57791.7452331899640   18.893                 0.00000
1                377.649 57791.7469811139372   24.459                 0.00000
1                325.011 57791.7469811017920   13.550                 0.00000
1                377.649 57791.7487287189961   26.684                 0.00000
1                325.011 57791.7487287074292   13.419                 0.00000
1                377.649 57791.7504180492178   19.658                 0.00000
1                325.011 57791.7504180379100   13.910                 0.00000
1                379.247 57813.4356469837374   28.125                 0.00000
1                325.011 57813.4356469708357   22.040                 0.00000
1                379.247 57813.4365795237219   47.077                 0.00000
1                325.011 57813.4365795114591   17.694                 0.00000
1                379.247 57813.4375115453133   32.557                 0.00000
1                325.011 57813.4375115323855   17.577                 0.00000
1                379.247 57813.4383271088451   40.769                 0.00000
1                325.011 57813.4383270960982   17.264                 0.00000
1                375.688 57815.8345704980047   19.970                 0.00000
1                325.011 57815.8345705121383   17.998                 0.00000
1                375.688 57815.8355030848825   21.364                 0.00000
1                325.011 57815.8355030990610   16.285                 0.00000
1                375.688 57815.8364351520312   21.188                 0.00000
1                325.011 57815.8364351653497   20.545                 0.00000
1                375.688 57815.8372506681821   41.155                 0.00000
1                325.011 57815.8372506810493   22.355                 0.00000
1                378.698 57816.6757973763556   42.142                 0.00000
1                325.011 57816.6757973729808   17.980                 0.00000
1                378.698 57816.6767299179904   27.733                 0.00000
1                325.011 57816.6767299138402   13.001                 0.00000
1                378.698 57816.6776620601908   28.184                 0.00000
1                325.011 57816.6776620566509   16.128                 0.00000
1                378.699 57816.6784193388425   31.894                 0.00000
1                325.011 57816.6784193350709   19.363                 0.00000
1                374.890 57816.8857656067942   14.926                 0.00000
1                325.011 57816.8857656039612   11.845                 0.00000
1                374.890 57816.8875134971025   16.022                 0.00000
1                325.011 57816.8875134942165   15.884                 0.00000
1                374.890 57816.8892611118163   20.184                 0.00000
1                325.011 57816.8892611087732   14.724                 0.00000
1                374.890 57816.8909504794140   18.399                 0.00000
1                325.011 57816.8909504763683   13.467                 0.00000
1                378.736 57817.6945242300203   33.092                 0.00000
1                325.011 57817.6945242303922   15.393                 0.00000
1                378.736 57817.6954567744615   33.148                 0.00000
1                325.011 57817.6954567743378   16.216                 0.00000
1                378.736 57817.6963888289167   20.593                 0.00000
1                325.011 57817.6963888285562   17.289                 0.00000
1                378.736 57817.6971461763703   50.459                 0.00000
1                325.011 57817.6971461765226   18.139                 0.00000
1                377.350 57817.7641105185909   18.519                 0.00000
1                325.011 57817.7641105090074   12.564                 0.00000
1                377.350 57817.7658584003086   20.019                 0.00000
1                325.011 57817.7658583908169   14.802                 0.00000
1                377.350 57817.7676060374589   16.076                 0.00000
1                325.011 57817.7676060278789   14.220                 0.00000
1                377.350 57817.7692954290679   28.210                 0.00000
1                325.011 57817.7692954188821   13.270                 0.00000
1                378.491 57818.5795011104453   27.768                 0.00000
1                325.011 57818.5795011183041   16.138                 0.00000
1                378.491 57818.5804336787835   41.097                 0.00000
1                325.011 57818.5804336854954   14.869                 0.00000
1                378.491 57818.5813657241188   31.060                 0.00000
1                325.011 57818.5813657311727   22.290                 0.00000
1                378.491 57818.5821230396734   36.084                 0.00000
1                325.011 57818.5821230480674   20.984                 0.00000
1                377.813 57818.7876050650827   21.393                 0.00000
1                325.011 57818.7876050688222   14.364                 0.00000
1                377.813 57818.7891199892087   19.031                 0.00000
1                325.011 57818.7891199934605   14.017                 0.00000
1                377.813 57818.7906346079086   22.406                 0.00000
1                325.011 57818.7906346126470   11.885                 0.00000
1                377.813 57818.7921491349868   24.389                 0.00000
1                325.011 57818.7921491391460   16.369                 0.00000
1                377.093 57819.5387140972777   37.483                 0.00000
1                325.011 57819.5387140936820   17.182                 0.00000
1                377.093 57819.5396466407780   28.051                 0.00000
1                325.011 57819.5396466365203   17.092                 0.00000
1                377.093 57819.5405786934220   21.140                 0.00000
1                325.011 57819.5405786899275   17.087                 0.00000
1                377.093 57819.5413360100515   54.848                 0.00000
1                325.011 57819.5413360059660   34.192                 0.00000
1                377.161 57851.6958436498803   22.430                 0.00000
1                325.011 57851.6958436535184   15.538                 0.00000
1                377.161 57851.6967761894903   33.246                 0.00000
1                325.011 57851.6967761927205   14.647                 0.00000
1                377.161 57851.6977083001996   31.416                 0.00000
1                325.011 57851.6977083032178   16.904                 0.00000
1                377.161 57851.6984656496986   20.914                 0.00000
1                325.011 57851.6984656523513   24.882                 0.00000
1                377.588 57875.4544663943531   21.678                 0.00000
1                323.661 57875.4544663971712   17.018                 0.00000
1                377.588 57875.4553989336384   20.685                 0.00000
1                323.661 57875.4553989360300   15.978                 0.00000
1                377.588 57875.4563310126353   22.793                 0.00000
1                323.661 57875.4563310160488   15.064                 0.00000
1                377.588 57875.4570883311794   22.071                 0.00000
1                323.661 57875.4570883351547   20.984                 0.00000
1                378.005 58204.7504496739401   30.757                 0.00000
1                325.011 58204.7504496659341   20.021                 0.00000
1                378.005 58204.7513827054179   30.612                 0.00000
1                325.011 58204.7513826979664   27.655                 0.00000
1                378.005 58204.7523147569146   40.681                 0.00000
1                325.011 58204.7523147493056   21.432                 0.00000
1                378.005 58204.7531303521525   32.780                 0.00000
1                325.011 58204.7531303442490   38.269                 0.00000
TIME -0.00008192

# 820 MHz (Incoherent)
TIME +0.00002048
1                894.998 57979.3322494857821    3.791                 0.00000
1                845.047 57979.3322494793038    5.021                 0.00000
1                795.047 57979.3322494881614    4.136                 0.00000
1                745.047 57979.3322494717669    6.904                 0.00000
1                894.998 57979.3329486966950    4.806                 0.00000
1                845.047 57979.3329486903304    5.360                 0.00000
1                795.047 57979.3329486990631    4.617                 0.00000
1                745.047 57979.3329486829496    5.817                 0.00000
1                894.998 57979.3336477240070    5.396                 0.00000
1                845.047 57979.3336477173262    4.720                 0.00000
1                795.047 57979.3336477263382    3.796                 0.00000
1                745.047 57979.3336477100516    5.743                 0.00000
1                894.998 57979.3343467820676    5.022                 0.00000
1                845.047 57979.3343467754442    4.909                 0.00000
1                795.047 57979.3343467842622    4.833                 0.00000
1                745.047 57979.3343467679434    6.955                 0.00000
1                894.998 57979.3349875622451    6.448                 0.00000
1                845.048 57979.3349875556227    5.622                 0.00000
1                795.048 57979.3349875644958    5.120                 0.00000
1                745.048 57979.3349875483672    5.918                 0.00000
1                894.998 58009.1535804604301    5.013                 0.00000
1                844.856 58009.1535804554772    5.414                 0.00000
1                795.047 58009.1535804626991    7.601                 0.00000
1                745.047 58009.1535804462105    7.904                 0.00000
1                894.998 58009.1542796628066    6.086                 0.00000
1                844.856 58009.1542796578058    4.805                 0.00000
1                795.047 58009.1542796651262    8.769                 0.00000
1                745.047 58009.1542796487486   11.822                 0.00000
1                894.998 58009.1549787426037    6.262                 0.00000
1                844.856 58009.1549787379091    5.428                 0.00000
1                795.047 58009.1549787450944    6.948                 0.00000
1                745.047 58009.1549787286658   10.356                 0.00000
1                894.998 58009.1556777614339    5.534                 0.00000
1                844.856 58009.1556777566476    4.904                 0.00000
1                795.047 58009.1556777639105    6.451                 0.00000
1                745.047 58009.1556777474767   11.208                 0.00000
1                894.998 58009.1563186206345    8.695                 0.00000
1                844.856 58009.1563186156581    4.889                 0.00000
1                795.048 58009.1563186227054    7.681                 0.00000
1                745.048 58009.1563186065381    8.082                 0.00000
1                894.998 58039.1031985765608    5.436                 0.00000
1                845.047 58039.1031985700952    5.185                 0.00000
1                793.537 58039.1031985636881    6.155                 0.00000
1                745.047 58039.1031985626663    7.007                 0.00000
1                894.998 58039.1038977731871    5.203                 0.00000
1                845.047 58039.1038977665345    4.781                 0.00000
1                793.537 58039.1038977604245    5.185                 0.00000
1                745.047 58039.1038977590794    6.169                 0.00000
1                894.998 58039.1045968164867    6.010                 0.00000
1                845.047 58039.1045968099363    4.189                 0.00000
1                793.537 58039.1045968036790    4.916                 0.00000
1                745.047 58039.1045968024821    6.984                 0.00000
1                894.998 58039.1052958292604    5.129                 0.00000
1                845.047 58039.1052958226419    4.802                 0.00000
1                793.537 58039.1052958164245    5.861                 0.00000
1                745.047 58039.1052958149551    6.738                 0.00000
1                894.998 58039.1059366212955    5.693                 0.00000
1                845.048 58039.1059366149019    4.619                 0.00000
1                793.537 58039.1059366084897    6.163                 0.00000
1                745.048 58039.1059366073807    8.068                 0.00000
1                894.998 58041.9958027603270    7.344                 0.00000
1                845.047 58041.9958027536497    5.378                 0.00000
1                795.047 58041.9958027624246    6.471                 0.00000
1                744.392 58041.9958027544062    7.399                 0.00000
1                894.998 58041.9965019653824    6.858                 0.00000
1                845.047 58041.9965019585614    5.830                 0.00000
1                795.047 58041.9965019675362    5.705                 0.00000
1                744.392 58041.9965019592625    6.482                 0.00000
1                894.998 58041.9972009864068    7.859                 0.00000
1                845.047 58041.9972009798340    5.186                 0.00000
1                795.047 58041.9972009885504    5.595                 0.00000
1                744.392 58041.9972009804589    6.479                 0.00000
1                894.998 58041.9979000383303    8.224                 0.00000
1                845.047 58041.9979000315765    4.605                 0.00000
1                795.047 58041.9979000405017    7.781                 0.00000
1                744.392 58041.9979000323480    7.371                 0.00000
1                894.998 58041.9985408410476    8.618                 0.00000
1                845.048 58041.9985408342476    5.948                 0.00000
1                795.048 58041.9985408431429    5.958                 0.00000
1                744.392 58041.9985408349149    6.500                 0.00000
1                894.998 58043.0760689472748    5.794                 0.00000
1                844.843 58043.0760689425998    5.319                 0.00000
1                795.047 58043.0760689495386    5.439                 0.00000
1                745.047 58043.0760689333483    7.634                 0.00000
1                894.998 58043.0767681626125    5.659                 0.00000
1                844.843 58043.0767681579076    4.994                 0.00000
1                795.047 58043.0767681649320    6.272                 0.00000
1                745.047 58043.0767681486041    9.349                 0.00000
1                894.998 58043.0774671942167    5.890                 0.00000
1                844.843 58043.0774671894104    4.294                 0.00000
1                795.047 58043.0774671963907    5.585                 0.00000
1                745.047 58043.0774671801112    7.309                 0.00000
1                894.998 58043.0781662561407    5.500                 0.00000
1                844.843 58043.0781662513912    4.667                 0.00000
1                795.047 58043.0781662585131    5.009                 0.00000
1                745.047 58043.0781662420054    7.296                 0.00000
1                894.998 58043.0788070374437    6.584                 0.00000
1                844.843 58043.0788070327258    4.732                 0.00000
1                795.048 58043.0788070396888    7.085                 0.00000
1                745.048 58043.0788070234331    7.917                 0.00000
1                894.998 58045.0330943923963    5.498                 0.00000
1                845.047 58045.0330943857891    5.924                 0.00000
1                795.047 58045.0330943946825    6.195                 0.00000
1                745.047 58045.0330943783437    7.261                 0.00000
1                894.998 58045.0337936093066    5.866                 0.00000
1                845.047 58045.0337936026913    4.394                 0.00000
1                795.047 58045.0337936113307    6.816                 0.00000
1                745.047 58045.0337935951714    8.844                 0.00000
1                894.998 58045.0344926730749    5.854                 0.00000
1                845.047 58045.0344926665767    4.695                 0.00000
1                795.047 58045.0344926753071    5.720                 0.00000
1                745.047 58045.0344926587644    7.223                 0.00000
1                894.998 58045.0351917062815    5.798                 0.00000
1                845.047 58045.0351916997301    4.275                 0.00000
1                795.047 58045.0351917085608    6.491                 0.00000
1                745.047 58045.0351916921132    6.843                 0.00000
1                894.998 58045.0358325174320    6.087                 0.00000
1                845.048 58045.0358325108945    6.049                 0.00000
1                795.048 58045.0358325196021    7.287                 0.00000
1                745.048 58045.0358325031265   12.463                 0.00000
1                894.998 58069.0922597284104    7.368                 0.00000
1                845.048 58069.0922597220496   11.417                 0.00000
1                795.048 58069.0922597305873    8.639                 0.00000
1                747.391 58069.0922597160091   10.166                 0.00000
1                894.998 58069.0926095356110   10.752                 0.00000
1                845.048 58069.0926095291112    9.833                 0.00000
1                795.048 58069.0926095377871    8.657                 0.00000
1                747.391 58069.0926095230522   11.146                 0.00000
1                894.998 58069.0929590977972    9.024                 0.00000
1                845.048 58069.0929590911428    7.834                 0.00000
1                795.048 58069.0929590695410    9.967                 0.00000
1                747.391 58069.0929590852995   13.187                 0.00000
1                894.998 58069.0933085985114    6.696                 0.00000
1                845.048 58069.0933085919839   13.350                 0.00000
1                795.048 58069.0933086006094   10.939                 0.00000
1                747.391 58069.0933085859969   12.546                 0.00000
1                894.999 58069.0935999104570   10.889                 0.00000
1                845.048 58069.0935999036911   10.977                 0.00000
1                795.048 58069.0935999125160   14.122                 0.00000
1                747.391 58069.0935998983588   11.857                 0.00000
1                894.998 58098.9816938922888    5.850                 0.00000
1                845.047 58098.9816938855484    9.038                 0.00000
1                795.047 58098.9816938636947    7.228                 0.00000
1                745.425 58098.9816938732072    6.775                 0.00000
1                894.998 58098.9823931371330    6.080                 0.00000
1                845.047 58098.9823931306442    6.295                 0.00000
1                795.047 58098.9823931085558    9.021                 0.00000
1                745.425 58098.9823931183893    8.624                 0.00000
1                894.998 58098.9830921372438    5.217                 0.00000
1                845.047 58098.9830921306170    6.654                 0.00000
1                795.047 58098.9830921086635    7.723                 0.00000
1                745.425 58098.9830921184240    7.880                 0.00000
1                894.998 58098.9837912292688    5.369                 0.00000
1                845.047 58098.9837912225634    7.521                 0.00000
1                795.047 58098.9837912006991    6.341                 0.00000
1                745.425 58098.9837912103120    9.063                 0.00000
1                894.998 58098.9844320379719    6.933                 0.00000
1                845.048 58098.9844320316170    6.813                 0.00000
1                795.048 58098.9844320095527    7.048                 0.00000
1                745.426 58098.9844320190021    8.616                 0.00000
1                894.998 58130.8200850506682    6.913                 0.00000
1                844.745 58130.8200850772773    7.119                 0.00000
1                795.047 58130.8200850530250    9.438                 0.00000
1                745.695 58130.8200850591316    9.767                 0.00000
1                894.998 58130.8207843390547    8.170                 0.00000
1                844.745 58130.8207843350018    6.677                 0.00000
1                795.047 58130.8207843106274    8.217                 0.00000
1                745.695 58130.8207843169216    9.691                 0.00000
1                894.998 58130.8214833210521    7.051                 0.00000
1                844.745 58130.8214833476666    8.735                 0.00000
1                795.047 58130.8214833234120    9.019                 0.00000
1                745.695 58130.8214833294504   12.271                 0.00000
1                894.998 58130.8221823642133    7.541                 0.00000
1                844.745 58130.8221823910516    6.980                 0.00000
1                795.047 58130.8221823666941    7.558                 0.00000
1                745.695 58130.8221823728420    9.362                 0.00000
1                894.998 58130.8228231900911    7.777                 0.00000
1                844.745 58130.8228232167119    7.016                 0.00000
1                795.048 58130.8228231923707    8.362                 0.00000
1                745.695 58130.8228231986471   11.987                 0.00000
1                894.998 58159.7596335172918    6.122                 0.00000
1                845.047 58159.7596335107870    7.263                 0.00000
1                795.047 58159.7596335195898    7.551                 0.00000
1                745.047 58159.7596335034056   11.820                 0.00000
1                894.998 58159.7603329417560    7.359                 0.00000
1                845.047 58159.7603329352524    6.096                 0.00000
1                795.047 58159.7603329441112    6.772                 0.00000
1                745.047 58159.7603329277586    6.701                 0.00000
1                894.998 58159.7610319984905    6.507                 0.00000
1                845.047 58159.7610319922014    6.226                 0.00000
1                795.047 58159.7610320008866    7.543                 0.00000
1                745.047 58159.7610319846875    8.376                 0.00000
1                894.998 58159.7617310555894    6.740                 0.00000
1                845.047 58159.7617310490048    6.377                 0.00000
1                795.047 58159.7617310578055    6.080                 0.00000
1                745.047 58159.7617310414573   10.353                 0.00000
1                894.998 58159.7623136180625    8.256                 0.00000
1                845.047 58159.7623136115642    7.134                 0.00000
1                795.047 58159.7623136206060    9.068                 0.00000
1                745.047 58159.7623136041787    9.202                 0.00000
1                894.998 58240.5191011767316    6.617                 0.00000
1                845.047 58240.5191011702108    4.867                 0.00000
1                795.047 58240.5191011790145    7.550                 0.00000
1                745.047 58240.5191011628278    9.511                 0.00000
1                894.998 58240.5198005371598    6.791                 0.00000
1                845.047 58240.5198005306838    5.432                 0.00000
1                795.047 58240.5198005397058    8.064                 0.00000
1                745.047 58240.5198005233487    8.708                 0.00000
1                894.998 58240.5204995911475    6.953                 0.00000
1                845.047 58240.5204995847502    5.281                 0.00000
1                795.047 58240.5204995936540    8.618                 0.00000
1                745.047 58240.5204995774836    8.216                 0.00000
1                894.998 58240.5211986146733    7.065                 0.00000
1                845.047 58240.5211986081916    5.204                 0.00000
1                795.047 58240.5211986174845    9.892                 0.00000
1                745.047 58240.5211986009301    7.635                 0.00000
1                894.998 58240.5217811802623    7.713                 0.00000
1                845.047 58240.5217811737137    6.345                 0.00000
1                795.047 58240.5217811824763   10.741                 0.00000
1                745.047 58240.5217811663894    9.728                 0.00000
1                894.998 58266.4419020719331    5.849                 0.00000
1                844.855 58266.4419020671381    5.652                 0.00000
1                794.731 58266.4419020776579    3.916                 0.00000
1                745.047 58266.4419020582658    7.515                 0.00000
1                894.998 58266.4426014383787    4.871                 0.00000
1                844.855 58266.4426014334812    4.527                 0.00000
1                794.731 58266.4426014440042    4.612                 0.00000
1                745.047 58266.4426014246554    8.311                 0.00000
1                894.998 58266.4433004983760    4.678                 0.00000
1                844.855 58266.4433004933510    4.408                 0.00000
1                794.731 58266.4433005039913    4.301                 0.00000
1                745.047 58266.4433004844966    7.237                 0.00000
1                894.998 58266.4439995582533    4.839                 0.00000
1                844.855 58266.4439995533802    5.408                 0.00000
1                794.731 58266.4439995639940    4.685                 0.00000
1                745.047 58266.4439995444283    6.592                 0.00000
1                894.998 58266.4445820417660    6.183                 0.00000
1                844.855 58266.4445820369806    5.287                 0.00000
1                794.731 58266.4445820475770    7.644                 0.00000
1                745.047 58266.4445820280826    7.482                 0.00000
1                894.998 58267.4632446700378    4.829                 0.00000
1                845.047 58267.4632446635125    4.659                 0.00000
1                795.047 58267.4632446724794    6.371                 0.00000
1                746.597 58267.4632446674406    8.294                 0.00000
1                894.998 58267.4639440349697    5.152                 0.00000
1                845.047 58267.4639440284382    4.957                 0.00000
1                795.047 58267.4639440374102    6.341                 0.00000
1                746.597 58267.4639440326155    5.760                 0.00000
1                894.998 58267.4646430936601    4.389                 0.00000
1                845.047 58267.4646430872491    3.968                 0.00000
1                795.047 58267.4646430961016    6.680                 0.00000
1                746.597 58267.4646430911809    7.644                 0.00000
1                894.998 58267.4653421216585    5.209                 0.00000
1                845.047 58267.4653421152112    3.483                 0.00000
1                795.047 58267.4653421239845    6.221                 0.00000
1                746.597 58267.4653421193037    7.050                 0.00000
1                894.998 58267.4659246601778    5.829                 0.00000
1                845.047 58267.4659246537358    4.755                 0.00000
1                795.047 58267.4659246626730    8.079                 0.00000
1                746.597 58267.4659246577967    9.075                 0.00000
1                894.998 58303.3719136973591    6.985                 0.00000
1                844.867 58303.3719136921180   13.312                 0.00000
1                795.048 58303.3719136995067   10.173                 0.00000
1                745.048 58303.3719136835305   12.681                 0.00000
1                894.998 58303.3726130532000    9.436                 0.00000
1                844.867 58303.3726130482415    8.527                 0.00000
1                795.048 58303.3726130555590    9.744                 0.00000
1                745.048 58303.3726130396275   15.334                 0.00000
1                894.998 58303.3733121027653   10.008                 0.00000
1                844.867 58303.3733120976595   10.712                 0.00000
1                795.048 58303.3733121049668   13.451                 0.00000
1                745.048 58303.3733120893241   17.968                 0.00000
1                894.998 58303.3740111520224   10.108                 0.00000
1                844.867 58303.3740111470209    8.820                 0.00000
1                795.048 58303.3740111545671   13.395                 0.00000
1                745.048 58303.3740111383069   13.722                 0.00000
1                894.999 58303.3745937085982   10.939                 0.00000
1                844.868 58303.3745937038800   14.481                 0.00000
1                795.048 58303.3745937112111   11.149                 0.00000
1                745.048 58303.3745936947200   17.437                 0.00000
TIME -0.00002048
