MODE 1
TIME +0.00002048
1                915.360 56351.3048513487604  1223.293                 0.00000
1                845.048 56351.3048514388623  917.698                 0.00000
1                795.048 56351.3048515591847  1014.237                 0.00000
1                751.298 56351.3048516623931  711.246                 0.00000
1                915.360 56351.3055609880262  923.487                 0.00000
1                845.048 56351.3055611010837  1086.714                 0.00000
1                795.048 56351.3055611808281  944.179                 0.00000
1                751.298 56351.3055612779616  1006.812                 0.00000
1                915.360 56351.3062527189359  1159.219                 0.00000
1                845.048 56351.3062528562821  1210.356                 0.00000
1                795.048 56351.3062529446142  812.728                 0.00000
1                751.298 56351.3062530613868  775.441                 0.00000
1                915.360 56351.3068908077551  3014.368                 0.00000
1                845.048 56351.3068908999740  1109.389                 0.00000
1                795.048 56351.3068910166630  649.843                 0.00000
1                751.298 56351.3068911333736  978.447                 0.00000
1                915.360 56365.1973150741919  1381.730                 0.00000
1                845.048 56365.1973092353652  1103.641                 0.00000
1                795.048 56365.1973092996867  1798.661                 0.00000
1                745.048 56365.1973094578521  1201.631                 0.00000
1                915.360 56365.1980127849425  1632.059                 0.00000
1                845.048 56365.1980128992025  673.797                 0.00000
1                795.048 56365.1980070211916  616.927                 0.00000
1                745.048 56365.1980071508552  1181.604                 0.00000
1                915.360 56365.1987104677544  1167.747                 0.00000
1                845.048 56365.1987105950537  621.740                 0.00000
1                795.048 56365.1987047166935  837.588                 0.00000
1                745.048 56365.1987048549886  918.806                 0.00000
1                915.360 56365.1993545525759  1437.718                 0.00000
1                845.048 56365.1993546564399  692.213                 0.00000
1                795.048 56365.1993487754924  1092.244                 0.00000
1                745.048 56365.1993488927109  951.901                 0.00000
1                915.360 56385.1345661747839  1507.463                 0.00000
1                845.048 56385.1345663190249  1167.116                 0.00000
C 1                795.048 56385.1345664813665  1430.649                 0.00000
1                745.048 56385.1345665223063  1110.559                 0.00000
1                915.360 56385.1352638915874  1172.774                 0.00000
1                845.048 56385.1352640115948  1412.808                 0.00000
1                795.048 56385.1352641334265  1081.893                 0.00000
1                745.048 56385.1352642365245  972.582                 0.00000
1                915.360 56385.1359675851709  1221.421                 0.00000
1                845.048 56385.1359676993198  771.303                 0.00000
1                795.048 56385.1359677886105  1207.425                 0.00000
1                745.048 56385.1359679214868  718.905                 0.00000
1                915.360 56385.1366056525221  1527.707                 0.00000
1                845.048 56385.1366057684342  884.624                 0.00000
1                795.048 56385.1366058518915  942.047                 0.00000
1                745.048 56385.1366059741012  758.990                 0.00000
1                895.048 56406.1320966893725  1199.901                 0.00000
1                845.048 56406.1320967647427  704.296                 0.00000
1                795.048 56406.1320968724461  659.291                 0.00000
1                745.048 56406.1320969890577  643.229                 0.00000
1                895.048 56406.1327944160723  1441.700                 0.00000
1                845.048 56406.1327944617664  900.282                 0.00000
1                795.048 56406.1327945855137  1337.798                 0.00000
1                745.048 56406.1327946919308  860.394                 0.00000
1                895.048 56406.1334920874198  1109.382                 0.00000
1                845.048 56406.1334921787882  1354.664                 0.00000
1                795.048 56406.1334922581120  1186.943                 0.00000
1                745.048 56406.1334923913965  707.669                 0.00000
1                895.048 56406.1341361329190  1048.139                 0.00000
1                845.048 56406.1341361879134  918.001                 0.00000
1                795.048 56406.1341363073306  1009.090                 0.00000
1                745.048 56406.1341363991699  833.252                 0.00000
1                893.895 56414.0487664137002  1296.724                 0.00000
1                845.048 56414.0487664830560  972.136                 0.00000
1                795.205 56414.0487665931568  858.445                 0.00000
1                746.017 56414.0487667063703  1131.641                 0.00000
1                893.895 56414.0494700511235  1516.219                 0.00000
1                845.048 56414.0494701470005  1324.345                 0.00000
1                795.205 56414.0494702407521  1570.003                 0.00000
1                746.017 56414.0494703473041  2129.913                 0.00000
1                893.895 56414.0501677524920  1569.758                 0.00000
1                845.048 56414.0501678307305  739.787                 0.00000
1                795.205 56414.0501679148611  916.643                 0.00000
1                746.017 56414.0501680474055  1738.235                 0.00000
1                893.895 56414.0508117785887  1223.612                 0.00000
1                845.048 56414.0508118666963  886.872                 0.00000
1                795.205 56414.0508119812245  2266.447                 0.00000
1                746.017 56414.0508120709720  1433.968                 0.00000
1                894.085 56415.0297851735496  1044.170                 0.00000
1                845.048 56415.0297852405592  1304.378                 0.00000
1                795.205 56415.0297853452455  1192.801                 0.00000
1                746.017 56415.0297854599435  1248.124                 0.00000
1                894.085 56415.0304828471436  1302.586                 0.00000
1                845.048 56415.0304829340416  895.907                 0.00000
1                795.205 56415.0304830238967  1133.742                 0.00000
1                746.017 56415.0304831310737  1136.726                 0.00000
1                894.085 56415.0311864965616  1277.042                 0.00000
1                845.048 56415.0311865963920  891.441                 0.00000
1                795.205 56415.0311867096402  1047.176                 0.00000
1                746.017 56415.0311868246356  1018.482                 0.00000
1                894.085 56415.0316516478534  2344.436                 0.00000
1                845.048 56415.0316517184868  1380.797                 0.00000
1                795.205 56415.0316517951296  1789.614                 0.00000
1                746.017 56415.0316519418896  1497.802                 0.00000
1                895.048 56416.0093723319686  1170.557                 0.00000
1                845.048 56416.0093724267551  966.553                 0.00000
1                795.048 56416.0093725143850  1320.132                 0.00000
1                745.152 56416.0093726149760  1482.752                 0.00000
1                895.048 56416.0100759825525  1908.787                 0.00000
1                845.048 56416.0100761006506  1187.346                 0.00000
1                795.048 56416.0100762016731  1741.032                 0.00000
1                745.152 56416.0100763594631  1774.073                 0.00000
1                895.048 56416.0107259361875  2662.397                 0.00000
1                845.048 56416.0107260625557  1445.425                 0.00000
1                795.048 56416.0107261380375  1178.305                 0.00000
1                745.152 56416.0107262798356  2651.302                 0.00000
1                818.485 56416.0700659416716  795.599                 0.00000
1                818.485 56416.0707636241941  706.521                 0.00000
1                818.485 56416.0714076616025  872.336                 0.00000
1                893.726 56418.0138479312502  1229.323                 0.00000
1                845.048 56418.0138479947411  1028.627                 0.00000
1                795.048 56418.0138481026085  1037.576                 0.00000
1                743.694 56418.0138481949136  1217.838                 0.00000
1                893.726 56418.0145396662639  1140.317                 0.00000
1                845.048 56418.0145397597635  900.113                 0.00000
1                795.048 56418.0145398455206  975.216                 0.00000
1                743.694 56418.0145399587876  979.513                 0.00000
1                893.726 56418.0152492626960  1301.875                 0.00000
1                845.048 56418.0152493271035  1491.218                 0.00000
1                795.048 56418.0152494548253  1260.345                 0.00000
1                743.694 56418.0152495736180  1214.139                 0.00000
1                893.726 56418.0158873514953  1385.275                 0.00000
1                845.048 56418.0158874213356  1139.955                 0.00000
1                795.048 56418.0158875162364  1886.957                 0.00000
1                743.694 56418.0158876423183  1526.023                 0.00000
1                895.048 56423.0677169544996  1013.002                 0.00000
1                845.048 56423.0677170436494  736.936                 0.00000
1                795.048 56423.0677171586299  1032.087                 0.00000
1                745.569 56423.0677172789203  1436.979                 0.00000
1                895.048 56423.0684146605345  818.482                 0.00000
1                845.048 56423.0684147401054  781.971                 0.00000
1                795.048 56423.0684148376541  885.302                 0.00000
1                745.569 56423.0684149360835  977.010                 0.00000
1                895.048 56423.0691123649953  930.846                 0.00000
1                845.048 56423.0691124303590  751.776                 0.00000
1                795.048 56423.0691125247550  805.453                 0.00000
1                745.569 56423.0691126468918  863.963                 0.00000
1                895.048 56423.0695834293026  1354.622                 0.00000
1                845.048 56423.0695835272367  1873.994                 0.00000
1                795.048 56423.0695836238355  1542.010                 0.00000
1                745.569 56423.0695837297397  907.555                 0.00000
1                915.360 56426.9828360046695  1613.896                 0.00000
1                845.048 56426.9828361025321  925.096                 0.00000
1                794.944 56426.9828361912785  1390.062                 0.00000
1                745.569 56426.9828363198000  867.302                 0.00000
1                915.360 56426.9835336799924  965.997                 0.00000
1                845.048 56426.9835337876226  775.411                 0.00000
1                794.944 56426.9835338950022  1301.430                 0.00000
1                745.569 56426.9835339962170  1183.244                 0.00000
1                915.360 56426.9842253938311  1374.749                 0.00000
1                845.048 56426.9842255111520  1005.169                 0.00000
1                794.944 56426.9842256144280  1263.145                 0.00000
1                745.569 56426.9842257212533  941.586                 0.00000
1                915.360 56426.9848754306852  1408.910                 0.00000
1                845.048 56426.9848755042019  978.125                 0.00000
1                794.944 56426.9848756052572  936.288                 0.00000
1                745.569 56426.9848757506792  1942.922                 0.00000
1                893.895 56431.9732023987967  1596.159                 0.00000
1                845.048 56431.9732024282342  740.260                 0.00000
1                795.205 56431.9732025499187  976.677                 0.00000
1                746.653 56431.9732026396176  1152.120                 0.00000
1                893.895 56431.9739000192454  1684.767                 0.00000
1                845.048 56431.9739001133899  765.428                 0.00000
1                795.205 56431.9739001961295  1230.378                 0.00000
1                746.653 56431.9739003004577  2030.436                 0.00000
1                893.895 56431.9746036936712  1051.741                 0.00000
1                845.048 56431.9746037770232  1191.425                 0.00000
1                795.205 56431.9746038712191  871.841                 0.00000
1                746.653 56431.9746039854967  1620.165                 0.00000
C 1                893.895 56431.9752122048884  3582.760                 0.00000
1                845.048 56431.9752120431508  1546.183                 0.00000
1                795.205 56431.9752121249994  1199.940                 0.00000
1                746.653 56431.9752122547757  1014.924                 0.00000
1                915.360 56449.9223673045309  1342.718                 0.00000
1                845.048 56449.9223674572784  1211.370                 0.00000
1                795.048 56449.9223675734735  746.149                 0.00000
1                746.130 56449.9223676800597  740.618                 0.00000
1                915.360 56449.9230531155409  1365.175                 0.00000
1                845.048 56449.9230532096923  734.637                 0.00000
1                795.048 56449.9230533179171  920.128                 0.00000
1                746.130 56449.9230534198254  950.955                 0.00000
1                915.360 56449.9237507713556  1115.944                 0.00000
1                845.048 56449.9237508881464  742.290                 0.00000
1                795.048 56449.9237509926489  890.116                 0.00000
1                746.130 56449.9237511121032  899.888                 0.00000
1                915.360 56449.9243948125022  805.813                 0.00000
1                845.048 56449.9243949080984  1003.099                 0.00000
1                795.048 56449.9243950150497  964.865                 0.00000
1                746.130 56449.9243951450208  1086.147                 0.00000
1                893.895 56470.9158149689549  1170.895                 0.00000
1                845.048 56470.9158150145572  2211.628                 0.00000
1                795.205 56470.9158151466480  1336.814                 0.00000
1                746.017 56470.9158152642801  1202.059                 0.00000
1                893.895 56470.9164589864969  1224.484                 0.00000
1                845.048 56470.9164590528664  837.204                 0.00000
1                795.205 56470.9164591310555  1008.106                 0.00000
1                746.017 56470.9164592497994  919.806                 0.00000
1                893.895 56470.9171506850609  1278.125                 0.00000
1                845.048 56470.9171507688172  995.080                 0.00000
1                795.205 56470.9171508617803  1099.436                 0.00000
1                746.017 56470.9171509674355  838.328                 0.00000
1                893.895 56470.9177946831931  1796.948                 0.00000
1                845.048 56470.9177947755099  1098.053                 0.00000
1                795.205 56470.9177948733744  1344.645                 0.00000
1                746.017 56470.9177949970421  1099.762                 0.00000
1                893.895 56494.9053389110201  3237.540                 0.00000
1                845.048 56494.9053389525233  1384.131                 0.00000
1                795.205 56494.9053390608742  984.660                 0.00000
1                746.170 56494.9053391803895  905.692                 0.00000
1                893.895 56494.9060424867941  1581.279                 0.00000
1                845.048 56494.9060426008746  1077.649                 0.00000
1                795.205 56494.9060426995113  1132.562                 0.00000
1                746.170 56494.9060427950246  789.810                 0.00000
1                893.895 56494.9067402019402  2598.209                 0.00000
1                845.048 56494.9067402665397  1289.512                 0.00000
1                795.205 56494.9067403727133  996.940                 0.00000
1                746.170 56494.9067404988733  929.833                 0.00000
C 1                893.895 56494.9074164759966  2651.948                 0.00000
1                845.048 56494.9074141364814  2012.097                 0.00000
1                795.205 56494.9074142322944  1085.924                 0.00000
1                746.170 56494.9074143188202  2175.368                 0.00000
1                893.895 56520.7317934809118  892.742                 0.00000
1                845.048 56520.7317935807335  1081.917                 0.00000
1                795.205 56520.7317936672687  1039.217                 0.00000
1                746.170 56520.7317937997758  1210.031                 0.00000
1                893.895 56520.7324971276447  1183.310                 0.00000
1                845.048 56520.7324971858543  1016.934                 0.00000
1                795.205 56520.7324972917726  1410.269                 0.00000
1                746.170 56520.7324973832933  1312.793                 0.00000
1                893.895 56520.7331948246125  1190.101                 0.00000
1                845.048 56520.7331948614749  1202.206                 0.00000
1                795.205 56520.7331949797976  927.562                 0.00000
1                746.170 56520.7331951181856  1005.435                 0.00000
C 1                893.895 56520.7338388846032  1680.311                 0.00000
1                845.048 56520.7338388692576  1009.003                 0.00000
1                795.205 56520.7338389814519  1214.441                 0.00000
1                746.170 56520.7338390821935  1149.411                 0.00000
1                891.402 56585.5026813409253  1080.574                 0.00000
1                845.048 56585.5026814665677  818.154                 0.00000
1                795.205 56585.5026815326811  1037.513                 0.00000
1                751.498 56585.5026816178297  1266.219                 0.00000
1                891.402 56585.5033790512537  1563.067                 0.00000
1                845.048 56585.5033791468474  672.220                 0.00000
1                795.205 56585.5033792246896  1262.510                 0.00000
1                751.498 56585.5033793009704  1387.753                 0.00000
1                891.402 56585.5040767540711  1146.231                 0.00000
1                845.048 56585.5040768597557  816.132                 0.00000
1                795.205 56585.5040769239623  1063.687                 0.00000
1                751.498 56585.5040770402207  1135.350                 0.00000
1                891.402 56585.5046909860651  1822.515                 0.00000
1                845.048 56585.5046910114384  1083.260                 0.00000
1                795.205 56585.5046911212984  1028.187                 0.00000
1                751.498 56585.5046911732890  1506.797                 0.00000
1                891.402 56611.5271756495324  2355.897                 0.00000
1                845.569 56611.5271757022555  794.709                 0.00000
1                794.689 56611.5271758068726  900.598                 0.00000
1                750.408 56611.5271758684591  1180.290                 0.00000
1                891.402 56611.5278792536454  1718.093                 0.00000
1                845.569 56611.5278793444282  667.522                 0.00000
1                794.689 56611.5278794290447  953.418                 0.00000
1                750.408 56611.5278795715676  1097.061                 0.00000
1                891.402 56611.5285412232588  1679.812                 0.00000
1                845.569 56611.5285412539842  897.325                 0.00000
C 1                794.689 56611.5285415270129  1398.716                 0.00000
1                750.408 56611.5285414691575  1630.952                 0.00000
1                891.402 56611.5291553719431  1706.314                 0.00000
1                845.569 56611.5291554723733  955.395                 0.00000
1                794.689 56611.5291555469350  1272.432                 0.00000
1                750.408 56611.5291556524710  1375.942                 0.00000
1                891.923 56637.3679688776100  1340.205                 0.00000
1                845.048 56637.3679689373471  1087.135                 0.00000
1                795.205 56637.3679690382749  1657.779                 0.00000
1                748.220 56637.3679691675843  1963.989                 0.00000
1                891.923 56637.3686128957428  975.525                 0.00000
1                845.048 56637.3686129800540  895.396                 0.00000
1                795.205 56637.3686130615948  1192.055                 0.00000
1                748.220 56637.3686132080911  1456.254                 0.00000
1                891.923 56637.3693702190549  1513.698                 0.00000
1                845.048 56637.3693703041040  1284.421                 0.00000
1                795.205 56637.3693703928259  1095.301                 0.00000
1                748.220 56637.3693705429839  1528.961                 0.00000
1                891.923 56637.3699546461578  1002.893                 0.00000
1                845.048 56637.3699547168986  1506.290                 0.00000
1                795.205 56637.3699548042910  1393.905                 0.00000
1                748.220 56637.3699549243453  1279.749                 0.00000
1                888.798 56669.3443387568751  969.686                 0.00000
1                845.048 56669.3443388390381  890.181                 0.00000
1                795.205 56669.3443389437174  1222.650                 0.00000
C 1                751.498 56669.3443392178043  1808.449                 0.00000
1                888.798 56669.3450841774236  1406.021                 0.00000
1                845.048 56669.3450842933145  1635.956                 0.00000
1                795.205 56669.3450843433074  1048.540                 0.00000
1                751.498 56669.3450844592067  1753.892                 0.00000
1                888.798 56669.3457223033641  1998.803                 0.00000
1                845.048 56669.3457223367179  910.334                 0.00000
1                795.205 56669.3457224550715  709.134                 0.00000
1                751.498 56669.3457225292947  1323.875                 0.00000
1                888.798 56669.3463663144762  3558.964                 0.00000
1                845.048 56669.3463663968567  985.935                 0.00000
1                795.205 56669.3463664738070  791.461                 0.00000
1                751.498 56669.3463665582246  1466.388                 0.00000
TIME -0.00002048
JUMP
t                119.440 56437.3225727175943  2405.567                 0.00000
t                140.475 56437.3225736616237  1930.208                 0.00000
t                158.769 56437.3225734085846  1961.888                 0.00000
t                178.382 56437.3225687328802  2973.922                 0.00000
t                119.136 56456.8260435558071  3021.793                 0.00000
t                140.169 56456.8260444055453  2735.355                 0.00000
t                158.697 56456.8260441214801  2720.912                 0.00000
t                178.345 56456.8260395321118  3317.203                 0.00000
JUMP
