MODE 1
EFAC 1.0349

# 350 MHz (Incoherent)
TIME +0.00008192
1                348.275 57537.4131905438717    7.083                 0.00000
1                348.275 57537.4135413372893    7.656                 0.00000
1                348.275 57537.4138908798619    7.268                 0.00000
1                348.275 57537.4142404224887    6.017                 0.00000
1                348.275 57537.4145899272911    7.476                 0.00000
1                348.275 57537.4149394698448    8.478                 0.00000
1                348.275 57537.4152889745236    6.494                 0.00000
1                348.275 57537.4156385171857    8.399                 0.00000
1                348.275 57537.4159880219437    6.024                 0.00000
1                348.275 57537.4162793075427    7.990                 0.00000
1                343.676 57538.3961194710054    6.164                 0.00000
1                343.676 57538.3965864518132    6.545                 0.00000
1                343.676 57538.3970525226817    6.923                 0.00000
1                343.676 57538.3975185557059    6.577                 0.00000
1                343.676 57538.3979845511096    5.656                 0.00000
1                343.676 57538.3984505842263    5.652                 0.00000
1                343.676 57538.3989166173480    5.765                 0.00000
1                343.676 57538.3993826884131    5.480                 0.00000
1                343.676 57538.3997904248381    7.254                 0.00000
1                348.437 57543.3454394825876    4.160                 0.00000
1                348.437 57543.3466049415356    4.573                 0.00000
1                348.437 57543.3477700213032    4.112                 0.00000
1                348.437 57543.3489351013676    4.647                 0.00000
1                348.437 57543.3501002193813    4.320                 0.00000
1                348.437 57543.3512652995085    3.945                 0.00000
1                348.437 57543.3524303795964    4.407                 0.00000
1                348.437 57543.3535954599159    4.116                 0.00000
1                348.437 57543.3547605022581    3.981                 0.00000
1                348.437 57543.3558672870087    4.161                 0.00000
1                343.968 57605.2180747409324   17.129                 0.00000
1                343.968 57605.2184255856701   22.587                 0.00000
1                343.968 57605.2187751044234   26.575                 0.00000
1                343.968 57605.2191246610848   15.448                 0.00000
1                343.968 57605.2194741794450   16.886                 0.00000
1                343.968 57605.2198236976097   15.579                 0.00000
1                343.968 57605.2201732166266   13.053                 0.00000
1                343.968 57605.2205227727801   18.062                 0.00000
1                343.968 57605.2208722916184   17.640                 0.00000
1                343.968 57605.2212218099670   15.781                 0.00000
1                346.369 57637.2020099766575   12.291                 0.00000
1                346.369 57637.2023607536359   13.112                 0.00000
1                346.369 57637.2027103180149    9.479                 0.00000
1                346.369 57637.2030598064559   18.620                 0.00000
1                346.369 57637.2034093703495   12.684                 0.00000
1                346.369 57637.2037588583372   18.645                 0.00000
1                346.369 57637.2041084226229   15.457                 0.00000
1                346.369 57637.2044579490017   11.390                 0.00000
1                346.369 57637.2048074751967   19.732                 0.00000
1                346.369 57637.2051570014330   10.972                 0.00000
1                346.862 57638.2111534588439   10.151                 0.00000
1                346.862 57638.2115042258392   10.993                 0.00000
1                346.862 57638.2118537424818   10.349                 0.00000
1                346.862 57638.2122032965562    9.154                 0.00000
1                346.862 57638.2125528125915   12.525                 0.00000
1                346.862 57638.2129023668463   14.087                 0.00000
1                346.862 57638.2132518450224    9.356                 0.00000
1                346.862 57638.2136013994539    9.280                 0.00000
1                346.862 57638.2139509153011   11.903                 0.00000
1                346.862 57638.2143004315252    9.667                 0.00000
1                348.551 57656.0517205586274    4.757                 0.00000
1                348.551 57656.0520714382358    4.520                 0.00000
1                348.551 57656.0524209908304    4.834                 0.00000
1                348.551 57656.0527705056709    4.432                 0.00000
1                348.551 57656.0531200204278    5.252                 0.00000
1                348.551 57656.0534695732605    4.463                 0.00000
1                348.551 57656.0538190879102    5.752                 0.00000
1                348.551 57656.0541686027093    4.405                 0.00000
1                348.551 57656.0545181176407    4.603                 0.00000
1                348.551 57656.0548676701995    5.390                 0.00000
1                342.959 57666.0292657995731   10.251                 0.00000
1                342.959 57666.0295008069315   11.591                 0.00000
1                342.959 57666.0297337673361   10.684                 0.00000
1                342.959 57666.0299668417011   10.327                 0.00000
1                342.959 57666.0301998021257    8.308                 0.00000
1                342.959 57666.0304328383197   11.526                 0.00000
1                342.959 57666.0306658746841   10.895                 0.00000
1                342.959 57666.0308989109826    9.269                 0.00000
1                342.959 57666.0311318717638    9.003                 0.00000
1                344.205 57687.0820793960740    5.436                 0.00000
1                344.205 57687.0824302365880    5.858                 0.00000
1                344.205 57687.0827797503671    5.447                 0.00000
1                344.205 57687.0831292640589    5.438                 0.00000
1                344.205 57687.0834787400432    4.804                 0.00000
1                344.205 57687.0838282917958    5.456                 0.00000
1                344.205 57687.0841778054572    5.437                 0.00000
1                344.205 57687.0844690922906    6.284                 0.00000
1                346.802 57689.0372761710260    8.091                 0.00000
1                346.802 57689.0376269977870    8.935                 0.00000
1                346.802 57689.0379764975296    8.112                 0.00000
1                346.802 57689.0383260352545    7.490                 0.00000
1                346.802 57689.0386755729298    8.854                 0.00000
1                346.802 57689.0390250726311    9.297                 0.00000
1                346.802 57689.0393746104394    6.493                 0.00000
1                346.802 57689.0396658791713    7.987                 0.00000
1                347.445 57690.8585742118231    3.899                 0.00000
1                347.445 57690.8592739305487    4.175                 0.00000
1                347.445 57690.8599729289315    4.384                 0.00000
1                347.445 57690.8606720409183    4.114                 0.00000
1                347.445 57690.8613710393962    3.983                 0.00000
1                347.445 57690.8620701135712    3.761                 0.00000
1                347.445 57690.8627691877078    3.553                 0.00000
1                347.445 57690.8634682238599    4.211                 0.00000
1                347.445 57690.8641672980443    3.443                 0.00000
1                347.445 57690.8648081443587    4.341                 0.00000
1                348.714 57692.8947414388885    4.597                 0.00000
1                348.714 57692.8950922790970    5.121                 0.00000
1                348.714 57692.8954417926545    5.165                 0.00000
1                348.714 57692.8957913062421    4.387                 0.00000
1                348.714 57692.8961408197570    5.454                 0.00000
1                348.714 57692.8964902954767    5.429                 0.00000
1                348.714 57692.8968398846762    4.693                 0.00000
1                348.714 57692.8971893604586    5.050                 0.00000
1                348.714 57692.8975388740574    5.976                 0.00000
1                348.714 57692.8978884633607    5.503                 0.00000
1                345.557 57695.0466511286654    5.223                 0.00000
1                345.557 57695.0470019550852    5.711                 0.00000
1                345.557 57695.0473514545732    5.395                 0.00000
1                345.557 57695.0477009541154    6.343                 0.00000
1                345.557 57695.0480505294069    5.263                 0.00000
1                345.557 57695.0483999909624    5.107                 0.00000
1                345.557 57695.0487495284310    6.264                 0.00000
1                345.557 57695.0490408347060    8.142                 0.00000
1                343.111 57695.8735262059575    4.254                 0.00000
1                343.111 57695.8738769870566    5.315                 0.00000
1                343.111 57695.8742265168520    5.139                 0.00000
1                343.111 57695.8745760469205    5.113                 0.00000
1                343.111 57695.8749255768732    5.087                 0.00000
1                343.111 57695.8752750309580    4.764                 0.00000
1                343.111 57695.8756245610693    4.606                 0.00000
1                343.112 57695.8759158611426    6.344                 0.00000
1                346.023 57726.9255631599639    6.644                 0.00000
1                346.023 57726.9259139870193    7.263                 0.00000
1                346.023 57726.9262634873362    6.503                 0.00000
1                346.023 57726.9266130254211    6.610                 0.00000
1                346.023 57726.9269625257055    6.261                 0.00000
1                346.023 57726.9273121398204    6.962                 0.00000
1                346.023 57726.9276616778920    6.992                 0.00000
1                346.023 57726.9280111783300    5.797                 0.00000
1                348.293 57728.8242455420943    9.240                 0.00000
1                348.293 57728.8249452706750    8.854                 0.00000
1                348.293 57728.8256443168162    8.583                 0.00000
1                348.293 57728.8263433628586    7.345                 0.00000
1                348.293 57728.8270424090893    6.980                 0.00000
1                348.293 57728.8277414554166    6.727                 0.00000
1                348.293 57728.8284405016053    7.621                 0.00000
1                348.293 57728.8291395478481    8.042                 0.00000
1                348.293 57728.8298385942495    8.377                 0.00000
1                348.293 57728.8304794117975   12.526                 0.00000
1                343.459 57753.8404820937915    7.559                 0.00000
1                343.459 57753.8408329677863    8.736                 0.00000
1                343.459 57753.8411824770922    7.591                 0.00000
1                343.459 57753.8415319863248    9.026                 0.00000
1                343.459 57753.8418814954212    8.396                 0.00000
1                343.459 57753.8422310802868    8.191                 0.00000
1                343.459 57753.8425805515945    8.287                 0.00000
1                343.459 57753.8428718342204   12.456                 0.00000
1                346.715 57756.7153200838543    4.061                 0.00000
1                346.715 57756.7156709417379    4.033                 0.00000
1                346.715 57756.7160204350736    4.194                 0.00000
1                346.715 57756.7163700041152    4.573                 0.00000
1                346.715 57756.7167194974247    3.896                 0.00000
1                346.715 57756.7170690665062    4.895                 0.00000
1                346.715 57756.7174185218400    4.666                 0.00000
1                346.715 57756.7177680531036    4.281                 0.00000
1                346.715 57756.7181175843714    4.371                 0.00000
1                346.715 57756.7184088919238    4.728                 0.00000
1                344.507 57758.9099960784983    4.991                 0.00000
1                344.507 57758.9103469191076    5.259                 0.00000
1                344.507 57758.9106964330502    5.856                 0.00000
1                344.507 57758.9110459468221    5.109                 0.00000
1                344.507 57758.9113954986314    5.876                 0.00000
1                344.507 57758.9117450123363    4.970                 0.00000
1                344.507 57758.9120945260718    5.108                 0.00000
1                344.507 57758.9123275480596    7.598                 0.00000
1                345.159 57789.6706454716247   12.187                 0.00000
1                345.159 57789.6712287712160   11.380                 0.00000
1                345.159 57789.6718113127429   11.023                 0.00000
1                345.159 57789.6723938537782   11.166                 0.00000
1                345.159 57789.6729763953301    9.318                 0.00000
1                345.159 57789.6735589367321   11.413                 0.00000
1                345.159 57789.6741415163545    8.910                 0.00000
1                345.159 57789.6747240193707   11.219                 0.00000
1                345.159 57789.6753065607808   11.641                 0.00000
1                345.159 57789.6757143663884   21.474                 0.00000
1                344.543 57790.5850886488638   14.119                 0.00000
1                344.543 57790.5854394035141   12.327                 0.00000
1                344.543 57790.5857889453497   13.167                 0.00000
1                344.543 57790.5861385250845    9.632                 0.00000
1                344.543 57790.5864880285682   12.921                 0.00000
1                344.543 57790.5868375324630   10.108                 0.00000
1                344.543 57790.5871870744916   14.841                 0.00000
1                344.543 57790.5875365782798   14.864                 0.00000
1                344.543 57790.5878861199620   15.374                 0.00000
1                344.543 57790.5882356618889   11.335                 0.00000
1                345.159 57791.7266149643995    7.774                 0.00000
1                345.159 57791.7275470302124    5.461                 0.00000
1                345.159 57791.7284790960811    6.435                 0.00000
1                345.159 57791.7292363473462   16.462                 0.00000
1                345.253 57791.7353764938873    8.706                 0.00000
1                345.253 57791.7363085222393    5.553                 0.00000
1                345.253 57791.7372405883451    5.951                 0.00000
1                345.253 57791.7381144339798    8.999                 0.00000
1                345.325 57816.6867437628140    9.548                 0.00000
1                345.325 57816.6870945714987    9.887                 0.00000
1                345.325 57816.6874440923139    8.420                 0.00000
1                345.325 57816.6877935744953    9.433                 0.00000
1                345.325 57816.6881430948158   11.361                 0.00000
1                345.325 57816.6884926531936    8.735                 0.00000
1                345.325 57816.6888421356161   10.231                 0.00000
1                345.325 57816.6891916561331    8.417                 0.00000
1                345.325 57816.6895411765070    9.542                 0.00000
1                345.325 57816.6898324372127   13.941                 0.00000
1                345.752 57817.7041743373015    8.480                 0.00000
1                345.752 57817.7045251355874    9.041                 0.00000
1                345.752 57817.7048746831106    9.861                 0.00000
1                345.752 57817.7052241925990   10.548                 0.00000
1                345.752 57817.7055737021852   12.616                 0.00000
1                345.752 57817.7059232496487   10.236                 0.00000
1                345.752 57817.7062727591583   10.580                 0.00000
1                345.752 57817.7066223067802   10.312                 0.00000
1                345.752 57817.7069718162717    9.058                 0.00000
1                345.752 57817.7072631055791   10.970                 0.00000
1                345.087 57818.5691858169906   11.623                 0.00000
1                345.087 57818.5695366393729   10.560                 0.00000
1                345.087 57818.5698861729363   12.494                 0.00000
1                345.087 57818.5702356682904   11.471                 0.00000
1                345.087 57818.5705852020710    8.670                 0.00000
1                345.087 57818.5709347734001   10.396                 0.00000
1                345.087 57818.5712843067464   11.111                 0.00000
1                345.087 57818.5716338403797   11.189                 0.00000
1                345.087 57818.5719832980487   11.964                 0.00000
1                345.087 57818.5722745760138   11.497                 0.00000
1                348.083 57819.5286534058113   14.457                 0.00000
1                348.083 57819.5290042595025    9.484                 0.00000
1                348.083 57819.5293537869393   12.263                 0.00000
1                348.083 57819.5297033521835    9.185                 0.00000
1                348.083 57819.5300528414162   13.510                 0.00000
1                348.083 57819.5304024064762   12.527                 0.00000
1                348.083 57819.5307518959936   10.743                 0.00000
1                348.083 57819.5311013853399   10.407                 0.00000
1                348.083 57819.5314509885041   13.893                 0.00000
1                348.084 57819.5317422609372   17.737                 0.00000
1                348.615 57822.5381905075182    6.823                 0.00000
1                348.615 57822.5385413515297    9.580                 0.00000
1                348.615 57822.5388908688622   10.272                 0.00000
1                348.615 57822.5392403867541    9.216                 0.00000
1                348.615 57822.5395899040170    7.372                 0.00000
1                348.615 57822.5399394593612   10.788                 0.00000
1                348.615 57822.5402889766950   10.681                 0.00000
1                348.615 57822.5406384942251   11.670                 0.00000
1                348.615 57822.5409880118327    9.691                 0.00000
1                348.615 57822.5412792701752   11.587                 0.00000
1                346.505 57850.5420343336232    4.095                 0.00000
1                346.505 57850.5426176650260    3.470                 0.00000
1                346.505 57850.5432002383878    3.761                 0.00000
1                346.505 57850.5437827737580    3.770                 0.00000
1                346.505 57850.5443652712831    3.492                 0.00000
1                346.505 57850.5449478445595    3.869                 0.00000
1                346.505 57850.5455303800700    3.675                 0.00000
1                346.505 57850.5461129535897    3.506                 0.00000
1                346.505 57850.5466954889762    3.597                 0.00000
1                346.505 57850.5471032902844    5.884                 0.00000
1                345.980 57850.6562228709383    4.884                 0.00000
1                345.980 57850.6565737429565    4.172                 0.00000
1                345.980 57850.6569232504745    4.571                 0.00000
1                345.980 57850.6572727958953    4.636                 0.00000
1                345.980 57850.6576223033138    4.783                 0.00000
1                345.980 57850.6579718487836    4.800                 0.00000
1                345.980 57850.6583213563347    4.394                 0.00000
1                345.980 57850.6586709016897    4.496                 0.00000
1                345.980 57850.6590204092597    5.003                 0.00000
1                345.980 57850.6593117350298    5.504                 0.00000
1                346.114 57854.4966395809055    7.676                 0.00000
1                346.114 57854.4969903883170    8.967                 0.00000
1                346.114 57854.4973399072205    7.917                 0.00000
1                346.114 57854.4976894639850    8.521                 0.00000
1                346.114 57854.4980389829052    8.286                 0.00000
1                346.114 57854.4983885019902    9.180                 0.00000
1                346.114 57854.4987380206039    9.859                 0.00000
1                346.114 57854.4990875399263    7.935                 0.00000
1                346.114 57854.4994370586688    8.469                 0.00000
1                346.114 57854.4997866155393    7.707                 0.00000
1                346.538 57875.4749729181274    4.298                 0.00000
1                346.538 57875.4753237456502    3.719                 0.00000
1                346.538 57875.4756732844412    4.155                 0.00000
1                346.538 57875.4760227854469    4.099                 0.00000
1                346.538 57875.4763723242016    4.442                 0.00000
1                346.538 57875.4767218630703    4.336                 0.00000
1                346.538 57875.4770713638906    3.566                 0.00000
1                346.538 57875.4774209027904    4.368                 0.00000
1                346.538 57875.4777704414792    4.537                 0.00000
1                346.538 57875.4780616859934    5.291                 0.00000
1                347.561 58204.5285606467437    6.264                 0.00000
1                347.561 58204.5290285713004    6.550                 0.00000
1                347.561 58204.5294946386289    6.444                 0.00000
1                347.561 58204.5299606298933    5.696                 0.00000
1                347.561 58204.5304266973277    5.724                 0.00000
1                347.561 58204.5308926885935    5.719                 0.00000
1                347.561 58204.5313587937441    6.209                 0.00000
1                346.091 58232.5201347541923    6.626                 0.00000
1                346.091 58232.5206027040348    5.515                 0.00000
1                346.091 58232.5210686827841    6.431                 0.00000
1                346.091 58232.5215347373157    5.901                 0.00000
1                346.091 58232.5220007917986    6.175                 0.00000
1                346.091 58232.5224668088142    5.977                 0.00000
1                346.091 58232.5229328255143    6.354                 0.00000
TIME -0.00008192

# 820 MHz (Incoherent)
TIME +0.00002048
1                819.113 58009.1396671598862    4.486                 0.00000
1                819.113 58009.1400170136563    5.011                 0.00000
1                819.113 58009.1403665259063    5.047                 0.00000
1                819.113 58009.1407160761903    5.445                 0.00000
1                819.113 58009.1410655886318    4.564                 0.00000
1                819.113 58009.1414151010337    5.149                 0.00000
1                819.113 58009.1417646513294    4.533                 0.00000
1                819.113 58009.1421141637698    4.141                 0.00000
1                819.113 58009.1424636761521    4.697                 0.00000
1                819.113 58009.1427549617153    5.643                 0.00000
1                818.943 58039.1222658478604   15.083                 0.00000                                                               
1                818.943 58039.1229648639783   12.379                 0.00000
1                818.943 58039.1236639180251   14.249                 0.00000
1                818.943 58039.1243047460304    9.869                 0.00000
1                818.807 58041.9678628557106   19.118                 0.00000
1                818.807 58041.9685621167443   14.979                 0.00000
1                818.807 58041.9692611888163   17.089                 0.00000
1                818.807 58041.9699602227590   19.410                 0.00000
1                818.807 58041.9706010259041   14.114                 0.00000
1                820.993 58045.0144022834975   13.385                 0.00000
1                820.993 58045.0151014516036   11.652                 0.00000
1                820.993 58045.0158005053892    8.807                 0.00000
1                820.993 58045.0164995591610   10.265                 0.00000
1                820.993 58045.0171403871398   14.163                 0.00000
1                821.030 58098.9672359764339    6.234                 0.00000
1                821.030 58098.9677025149166    6.029                 0.00000
1                821.030 58098.9679938029087    5.145                 0.00000
1                821.030 58098.9683432805449    6.113                 0.00000
1                821.030 58098.9686928717541    5.389                 0.00000
1                821.030 58098.9690424248243    5.876                 0.00000
1                821.030 58098.9693919401397    5.413                 0.00000
1                821.030 58098.9697414555384    6.561                 0.00000
1                821.030 58098.9700910088227    7.834                 0.00000
1                821.030 58098.9703822588685    6.223                 0.00000
1                819.999 58130.8021787143620    1.976                 0.00000
1                819.999 58130.8025285863397    2.145                 0.00000
1                819.999 58130.8028781171524    1.807                 0.00000
1                819.999 58130.8032276100923    2.035                 0.00000
1                819.999 58130.8035771409094    1.797                 0.00000
1                819.999 58130.8039266717003    1.730                 0.00000
1                819.999 58130.8042762025090    1.778                 0.00000
1                819.999 58130.8046257332968    1.865                 0.00000
1                819.999 58130.8049752640663    2.091                 0.00000
1                819.999 58130.8052665334248    2.592                 0.00000
1                820.150 58159.7345293180574    6.765                 0.00000
1                820.150 58159.7352287257670    7.250                 0.00000
1                820.150 58159.7359277924878    7.356                 0.00000
1                820.150 58159.7366268589580    7.638                 0.00000
1                820.150 58159.7372093322942   11.460                 0.00000
1                820.092 58240.5048534349988    1.521                 0.00000
1                820.092 58240.5055527699727    1.487                 0.00000
1                820.092 58240.5062518774835    1.384                 0.00000
1                820.092 58240.5069508712910    1.627                 0.00000
1                820.092 58240.5075334292441    1.923                 0.00000
1                820.377 58266.4247169769271    1.743                 0.00000
1                820.377 58266.4261153017077    1.683                 0.00000
1                820.377 58266.4275134370164    1.792                 0.00000
1                820.377 58266.4289115345676    1.829                 0.00000
1                820.377 58266.4301931208818    1.990                 0.00000
1                819.336 58267.4462910681348    0.934                 0.00000
1                819.336 58267.4476893791004    1.029                 0.00000
1                819.336 58267.4490875006320    1.053                 0.00000
1                819.336 58267.4504855843482    1.096                 0.00000
1                819.336 58267.4517671895492    1.163                 0.00000
1                819.654 58303.3509091845035    2.423                 0.00000
1                819.654 58303.3523074515104    2.496                 0.00000
1                819.654 58303.3537055289454    2.229                 0.00000
1                819.654 58303.3551036063853    2.347                 0.00000
1                819.654 58303.3563851994130    2.560                 0.00000
TIME -0.00002048
