INFO 350
TIME +81.92E-6
 GUPPI_GBNCC39524_56089_3 349.8790  56089.4549296374217    0.00  360.97        1
 GUPPI_GBNCC39757_56156_1 349.9280  56156.2112022378605    0.00  236.14        1
 GUPPI_GBNCC40134_56156_1 350.0540  56156.2096150046865    0.00  338.28        1
TIME -81.92E-6
INFO 820
TIME +20.48E-6
 GUPPI_J2105+28_57101_709 865.2090  57101.8223434400534    0.00  312.64        1
 GUPPI_J2105+28_57101_709 769.7370  57101.8223444917756    0.00  238.51        1
 GUPPI_J2105+28_57101_709 865.3070  57101.8239681805988    0.00  319.87        1
 GUPPI_J2105+28_57101_709 769.8650  57101.8239692276829    0.00  256.86        1
 GUPPI_J2105+28_57131_622 864.0610  57131.7219077968115    0.00  314.32        1
 GUPPI_J2105+28_57131_622 769.6280  57131.7219088443441    0.00  232.29        1
 GUPPI_J2105+28_57131_622 864.0460  57131.7236029331786    0.00  340.36        1
 GUPPI_J2105+28_57131_622 769.6770  57131.7236039736695    0.00  250.98        1
 GUPPI_J2105+28_57161_377 864.3590  57161.4377083909491    0.00  325.91        1
 GUPPI_J2105+28_57161_377 768.9670  57161.4377094489024    0.00  269.27        1
 GUPPI_J2105+28_57161_377 864.2980  57161.4393988029726    0.00  312.06        1
 GUPPI_J2105+28_57161_377 768.9580  57161.4393998605312    0.00  248.94        1
 GUPPI_J2105+28_57192_323 843.6680  57192.3754718802960    0.00  569.02        1
 GUPPI_J2105+28_57192_323 774.5320  57192.3754726678855    0.00  260.21        1
 GUPPI_J2105+28_57192_323 843.6590  57192.3771623170676    0.00  452.35        1
 GUPPI_J2105+28_57192_323 774.4400  57192.3771631054718    0.00  339.03        1
 GUPPI_J2105+28_57220_228 865.8380  57220.2655956464737    0.00  308.93        1
 GUPPI_J2105+28_57220_228 768.7710  57220.2655967131931    0.00  273.92        1
 GUPPI_J2105+28_57220_228 865.4350  57220.2672861216258    0.00  297.16        1
 GUPPI_J2105+28_57220_228 768.7580  57220.2672871796133    0.00  265.84        1
 GUPPI_J2105+28_57249_299 865.8150  57249.3476784737745    0.00  434.71        1
 GUPPI_J2105+28_57249_299 769.4050  57249.3476795360605    0.00  289.92        1
 GUPPI_J2105+28_57249_299 865.9960  57249.3493689895594    0.00  349.64        1
 GUPPI_J2105+28_57249_299 769.7230  57249.3493700456536    0.00  282.51        1
 GUPPI_J2105+28_57278_122 864.3480  57278.1427602805956    0.00  380.97        1
 GUPPI_J2105+28_57278_122 770.5180  57278.1427613094267    0.00  415.93        1
 GUPPI_J2105+28_57278_122 864.1790  57278.1444508630043    0.00  360.65        1
 GUPPI_J2105+28_57278_122 770.9390  57278.1444518808808    0.00  264.11        1
 GUPPI_J2105+28_57289_170 865.2210  57289.1983468089614    0.00  446.07        1
 GUPPI_J2105+28_57289_170 771.3430  57289.1983478307829    0.00  255.51        1
 GUPPI_J2105+28_57289_170 865.0540  57289.2000374065059    0.00  543.86        1
 GUPPI_J2105+28_57289_170 771.4830  57289.2000384365078    0.00  354.22        1
 GUPPI_J2105+28_57290_161 866.1850  57290.1876691924171    0.00  258.51        1
 GUPPI_J2105+28_57290_161 769.0860  57290.1876702634793    0.00  285.35        1
 GUPPI_J2105+28_57290_161 866.3460  57290.1893550998882    0.00  306.84        1
 GUPPI_J2105+28_57290_161 768.9650  57290.1893561754435    0.00  327.76        1
 GUPPI_J2105+28_57292_163 865.9110  57292.1903518765939    0.00  308.63        1
 GUPPI_J2105+28_57292_163 769.7040  57292.1903529401735    0.00  241.15        1
 GUPPI_J2105+28_57292_163 865.7690  57292.1920330989153    0.00  342.81        1
 GUPPI_J2105+28_57292_163 769.7340  57292.1920341643456    0.00  278.32        1
 GUPPI_J2105+28_57293_166 866.4400  57293.1940616321889    0.00  259.28        1
 GUPPI_J2105+28_57293_166 769.8030  57293.1940626905962    0.00  287.93        1
 GUPPI_J2105+28_57293_166 866.0640  57293.1957569438203    0.00  326.90        1
 GUPPI_J2105+28_57293_166 769.7800  57293.1957580049714    0.00  419.56        1
 GUPPI_J2105+28_57297_158 867.6780  57297.1841714157974    0.00  301.55        1
 GUPPI_J2105+28_57297_158 769.5990  57297.1841724875450    0.00  305.02        1
 GUPPI_J2105+28_57297_158 867.7690  57297.1858714259161    0.00  328.21        1
 GUPPI_J2105+28_57297_158 769.7190  57297.1858724981592    0.00  352.56        1
 GUPPI_J2105+28_57307_134 866.5980  57307.1563985783646    0.00  274.53        1
 GUPPI_J2105+28_57307_134 776.5770  57307.1563995563453    0.00  346.48        1
 GUPPI_J2105+28_57307_134 866.0310  57307.1580986060423    0.00  348.31        1
 GUPPI_J2105+28_57307_134 776.6010  57307.1580995756241    0.00  327.98        1
 GUPPI_J2105+28_57308_018 865.5290  57308.0223968129653    0.00  364.48        1
 GUPPI_J2105+28_57308_018 769.9380  57308.0223978596448    0.00  274.09        1
 GUPPI_J2105+28_57308_018 865.3710  57308.0240874318007    0.00  323.91        1
 GUPPI_J2105+28_57308_018 770.6060  57308.0240884796471    0.00  341.15        1
 GUPPI_J2105+28_57339_090 865.8820  57339.1059616405302    0.00  356.49        1
 GUPPI_J2105+28_57339_090 769.7010  57339.1059626960651    0.00  294.57        1
 GUPPI_J2105+28_57339_090 865.9910  57339.1076476061634    0.00  353.19        1
 GUPPI_J2105+28_57339_090 769.7490  57339.1076486568862    0.00  289.98        1
 GUPPI_J2105+28_57367_031 865.6420  57367.0378789775157    0.00  326.89        1
 GUPPI_J2105+28_57367_031 780.8380  57367.0378798910722    0.00  344.57        1
 GUPPI_J2105+28_57367_031 865.5700  57367.0395649436711    0.00  297.83        1
 GUPPI_J2105+28_57367_031 780.8930  57367.0395658483896    0.00  393.74        1
 GUPPI_J2105+28_57397_050 865.9950  57397.0589519805192    0.00  542.51        1
 GUPPI_J2105+28_57397_050 769.3670  57397.0589530434084    0.00  364.26        1
 GUPPI_J2105+28_57397_050 865.5810  57397.0606473073910    0.00  637.16        1
 GUPPI_J2105+28_57397_050 769.3730  57397.0606483577815    0.00  405.35        1
 GUPPI_J2105+28_6_57078_7 814.7660  57078.8987033763269    0.00  192.32        1
TIME -20.48E-6
