FORMAT 1
 GUPPI_J2113+67_0_57072_5 815.97200000 57072.58040712768023539 1744.65000 1 
 GUPPI_J2113+67_0_57072_5 816.26300000 57072.58109727106063858 1748.68000 1 
 GUPPI_J2113+67_0_57072_5 815.99400000 57072.58174272565853613 2223.59000 1 
 GUPPI_J2113+67_3_57072_5 815.72800000 57072.58704681612393728 945.81000 1 
 GUPPI_J2113+67_3_57072_5 815.96200000 57072.58773698426123744 768.56000 1 
 GUPPI_J2113+67_3_57072_5 815.34700000 57072.58839519398183882 607.96000 1 
 GUPPI_J2113+67_57078_714 814.56900000 57078.82698660278673586 1206.69000 1 
 GUPPI_J2113+67_57078_714 814.84600000 57078.82815610156443853 780.38000 1 
 GUPPI_J2113+67_57078_714 815.14300000 57078.82925524435783871 1018.46000 1 
 GUPPI_J2113+67_57101_717 813.57800000 57101.83087648746873555 1081.84000 1 
 GUPPI_J2113+67_57101_717 813.75900000 57101.83204590398743861 987.49000 1 
 GUPPI_J2113+67_57101_717 813.76500000 57101.83314504598943628 861.96000 1 
 GUPPI_J2113+67_57131_633 812.71900000 57131.73516163768693588 804.38000 1 
 GUPPI_J2113+67_57161_393 814.82400000 57161.45564463885653694 770.44000 1 
 GUPPI_J2113+67_57161_393 814.80800000 57161.45681404808663828 590.33000 1 
 GUPPI_J2113+67_57161_393 813.83700000 57161.45791317172923840 555.21000 1 
 GUPPI_J2113+67_57192_333 812.81500000 57192.38707358830693650 525.60000 1 
 GUPPI_J2113+67_57192_333 813.29400000 57192.38823018624253791 654.24000 1 
 GUPPI_J2113+67_57192_333 812.76600000 57192.38932929392113635 439.04000 1 
 GUPPI_J2113+67_57278_132 816.21800000 57278.15427818037353802 1537.69000 1 
 GUPPI_J2113+67_57278_132 816.19300000 57278.15544760570253757 1014.34000 1 
 GUPPI_J2113+67_57278_132 815.47100000 57278.15655951576733784 1032.42000 1 
 GUPPI_J2113+67_57289_186 810.48600000 57289.21596783711303758 977.13000 1 
C GUPPI_J2113+67_57289_186 809.70400000 57289.21713076469733750 4315.93000 1 
 GUPPI_J2113+67_57289_186 810.44600000 57289.21824275371993807 898.80000 1 
 GUPPI_J2113+67_57292_179 816.27900000 57292.20887580818433804 766.84000 1 
 GUPPI_J2113+67_57292_179 816.14100000 57292.21166831478053538 849.93000 1 
 GUPPI_J2113+67_57292_179 816.08300000 57292.21440334526903726 593.99000 1 
 GUPPI_J2113+67_57293_182 815.43400000 57293.21273690094033881 695.65000 1 
 GUPPI_J2113+67_57293_182 815.50600000 57293.21600233020793880 954.93000 1 
 GUPPI_J2113+67_57293_182 815.95100000 57293.21920381978473813 784.25000 1 
 GUPPI_J2113+67_57297_173 815.67400000 57297.20263831123093823 704.79000 1 
 GUPPI_J2113+67_57297_173 816.13000000 57297.20566089773173601 760.81000 1 
 GUPPI_J2113+67_57297_173 816.15200000 57297.20863235258503821 651.43000 1 
 GUPPI_J2113+67_57308_027 815.34100000 57308.03375261550323572 595.43000 1 
 GUPPI_J2113+67_57339_098 815.16900000 57339.11603943315203580 390.97000 1 
 GUPPI_J2113+67_57397_057 814.98500000 57397.06738633009893746 1197.77000 1 
 GUPPI_J2113+67_57397_057 814.88600000 57397.06856220845253702 813.24000 1 
 GUPPI_J2113+67_57397_057 814.41800000 57397.06966137523093607 1350.23000 1 
