MODE 1
EMAX 450.0

TIME +0.00008092
1                378.249 57813.0115682280710  293.872                 0.00000
1                325.011 57813.0115688034032  418.535                 0.00000
1                378.249 57813.0118045082987  389.013                 0.00000
1                325.011 57813.0118050576923  370.864                 0.00000
1                378.249 57813.0120383037264  651.510                 0.00000
1                325.011 57813.0120381260385  403.099                 0.00000
1                378.249 57813.0122706260939  541.203                 0.00000
1                325.011 57813.0122711862908  311.730                 0.00000
1                378.249 57813.0125036797968  603.400                 0.00000
1                325.011 57813.0125042414269  402.139                 0.00000
1                378.249 57813.0127367488213  599.029                 0.00000
1                325.011 57813.0127373017371  280.326                 0.00000
1                378.249 57813.0129697954587  246.242                 0.00000
1                325.011 57813.0129703620373  279.925                 0.00000
1                378.249 57813.0132037093361  788.703                 0.00000
1                325.011 57813.0132034280662  346.239                 0.00000
1                378.249 57813.0134359314133  635.512                 0.00000
1                325.011 57813.0134364734463  331.263                 0.00000
1                387.108 57813.4406526822929  554.142                 0.00000
1                322.667 57813.4406533786227  390.499                 0.00000
1                387.108 57813.4408893962575  642.992                 0.00000
1                322.667 57813.4408896599692  238.191                 0.00000
1                387.108 57813.4415887510549  834.553                 0.00000
1                322.667 57813.4415888293208  357.815                 0.00000
1                387.108 57813.4418213704637  456.977                 0.00000
1                322.667 57813.4418218797982  512.005                 0.00000
1                387.108 57813.4425198200219  1372.390                 0.00000
1                322.667 57813.4425210483776  405.663                 0.00000
1                387.108 57813.4427533867428  479.215                 0.00000
1                322.667 57813.4427540851316  674.933                 0.00000
1                387.108 57813.4432194623752  741.271                 0.00000
1                322.667 57813.4432202284388  291.667                 0.00000
1                387.108 57813.4434528847765  571.754                 0.00000
1                322.667 57813.4434532813316  304.900                 0.00000
1                387.108 57813.4436850779034  521.648                 0.00000
1                322.667 57813.4436863313250  303.993                 0.00000
1                387.108 57813.4439189319405  465.105                 0.00000
1                322.667 57813.4439193982113  289.735                 0.00000
1                377.403 57815.8285934647138  255.763                 0.00000
1                325.011 57815.8285939760986  187.083                 0.00000
1                377.403 57815.8288297317580  649.631                 0.00000
1                325.011 57815.8288302536072  251.329                 0.00000
1                377.403 57815.8290627858328  310.223                 0.00000
1                325.011 57815.8290633063926  225.309                 0.00000
1                377.403 57815.8292958417976  536.931                 0.00000
1                325.011 57815.8292963668230  284.120                 0.00000
1                377.403 57815.8295289035727  314.269                 0.00000
1                325.011 57815.8295294182805  282.341                 0.00000
1                377.403 57815.8297619620084  422.021                 0.00000
1                325.011 57815.8297624756144  266.980                 0.00000
1                377.403 57815.8299950221925  415.996                 0.00000
1                325.011 57815.8299955433747  483.518                 0.00000
1                377.403 57815.8302280824637  690.609                 0.00000
1                325.011 57815.8302285943258  222.979                 0.00000
1                377.403 57815.8304611275360  376.401                 0.00000
1                325.011 57815.8304616475614  274.590                 0.00000
1                377.403 57815.8306941871888  341.542                 0.00000
1                325.011 57815.8306947045920  275.784                 0.00000
1                377.403 57815.8309272573432  552.618                 0.00000
1                325.011 57815.8309277607975  300.986                 0.00000
1                377.403 57815.8311602903703  407.778                 0.00000
1                325.011 57815.8311608149814  264.067                 0.00000
1                377.403 57815.8313933573543  307.308                 0.00000
1                325.011 57815.8313938806433  282.013                 0.00000
1                377.403 57815.8316264237733  502.723                 0.00000
1                325.011 57815.8316269330212  238.266                 0.00000
1                377.403 57815.8318589385692  779.266                 0.00000
1                325.011 57815.8318599878422  215.462                 0.00000
1                376.218 57853.8447172544168  506.894                 0.00000
1                322.757 57853.8447170501778  437.789                 0.00000
1                376.218 57853.8449526787317  552.426                 0.00000
1                322.757 57853.8449529952385  640.182                 0.00000
1                376.218 57853.8451861784757  1039.848                 0.00000
1                322.757 57853.8451863738278  328.123                 0.00000
1                376.218 57853.8454181407719  539.677                 0.00000
1                322.757 57853.8454194212720  464.395                 0.00000
1                376.218 57853.8456518149834  338.111                 0.00000
1                322.757 57853.8456524738373  465.621                 0.00000
C 1                376.218 57853.8458851613746  430.047                 0.00000
1                322.757 57853.8458855243113  485.207                 0.00000
1                376.218 57853.8461186406221  705.639                 0.00000
1                322.757 57853.8461185692422  281.167                 0.00000
1                376.218 57853.8463516174071  517.361                 0.00000
1                322.757 57853.8463516231661  381.881                 0.00000
1                376.218 57853.8465840176575  367.286                 0.00000
1                322.757 57853.8465846776140  223.183                 0.00000
1                376.218 57853.8468170820983  1063.027                 0.00000
1                322.757 57853.8468177208466  331.993                 0.00000
1                376.218 57853.8470501167102  484.284                 0.00000
1                322.757 57853.8470507760021  341.205                 0.00000
1                376.218 57853.8472824971729  977.876                 0.00000
1                322.757 57853.8472838168370  369.541                 0.00000
1                376.218 57853.8475162303448  424.510                 0.00000
1                322.757 57853.8475168793396  710.049                 0.00000
1                376.218 57853.8477494518874  591.129                 0.00000
1                322.757 57853.8477499249125  377.268                 0.00000
1                376.218 57853.8479823210710  649.250                 0.00000
1                322.757 57853.8479829718853  355.133                 0.00000
1                372.790 57875.4473888184815  439.427                 0.00000
1                321.343 57875.4473894054363  474.244                 0.00000
1                372.790 57875.4476246024411  1915.366                 0.00000
1                321.343 57875.4476256644278  380.322                 0.00000
1                372.790 57875.4478572263180  596.107                 0.00000
1                321.343 57875.4478587126830  430.957                 0.00000
1                372.790 57875.4480923502166  623.178                 0.00000
1                321.343 57875.4480925068065  464.440                 0.00000
1                372.790 57875.4483258366105  288.828                 0.00000
1                321.343 57875.4483258857189  510.776                 0.00000
1                372.790 57875.4485588746025  658.735                 0.00000
1                321.343 57875.4485589025159  513.927                 0.00000
1                372.790 57875.4487923609413  590.145                 0.00000
1                321.343 57875.4487925171919  443.274                 0.00000
1                372.790 57875.4490240392739  555.180                 0.00000
1                321.343 57875.4490240992798  535.897                 0.00000
1                372.790 57875.4492575600697  587.505                 0.00000
1                321.343 57875.4492586023464  444.625                 0.00000
1                372.790 57875.4494910719520  466.109                 0.00000
1                321.343 57875.4494913206192  1437.867                 0.00000
C 1                372.790 57875.4497246251869  426.345                 0.00000
1                321.343 57875.4497238640281  746.483                 0.00000
1                372.790 57875.4499571626698  355.871                 0.00000
1                321.343 57875.4499565649412  743.642                 0.00000
1                372.790 57875.4501902126148  476.136                 0.00000
1                321.343 57875.4501898808223  487.597                 0.00000
1                372.790 57875.4504232675408  449.123                 0.00000
1                321.343 57875.4504238402153  387.691                 0.00000
TIME -0.00008092
TIME +0.00002048
1                894.999 56332.7284513281626  239.331                 0.00000
1                845.048 56332.7284515582469  231.219                 0.00000
1                794.972 56332.7284518323312  212.037                 0.00000
1                745.048 56332.7284521684692  225.021                 0.00000
1                894.999 56332.7286859965935  187.937                 0.00000
1                845.048 56332.7286862241655  164.323                 0.00000
1                794.972 56332.7286865010866  192.069                 0.00000
1                745.048 56332.7286868315685  207.917                 0.00000
1                894.999 56332.7289190585499  265.272                 0.00000
1                845.048 56332.7289192821510  206.096                 0.00000
1                794.972 56332.7289195627316  228.178                 0.00000
1                745.048 56332.7289198988610  179.552                 0.00000
1                894.999 56332.7291505072617  176.377                 0.00000
1                845.048 56332.7291507302044  267.801                 0.00000
1                794.972 56332.7291510207822  173.602                 0.00000
1                745.048 56332.7291513523090  161.665                 0.00000
1                894.999 56332.7293819622938  167.489                 0.00000
1                845.048 56332.7293821922014  145.503                 0.00000
1                794.972 56332.7293824696891  139.773                 0.00000
1                745.048 56332.7293828029864  230.305                 0.00000
1                894.999 56332.7296150173936  184.355                 0.00000
1                845.048 56332.7296152518874  202.873                 0.00000
1                794.972 56332.7296155320279  163.564                 0.00000
1                745.048 56332.7296158661254  222.503                 0.00000
1                894.999 56332.7298480817235  195.109                 0.00000
1                845.048 56332.7298483152380  254.113                 0.00000
1                794.972 56332.7298485922846  171.343                 0.00000
1                745.048 56332.7298489305167  233.097                 0.00000
C 1                894.999 56332.7300811437661  302.896                 0.00000
1                845.048 56332.7300813763001  170.242                 0.00000
1                794.972 56332.7300816528007  177.811                 0.00000
1                745.048 56332.7300819859238  212.904                 0.00000
1                894.999 56332.7303142032467  160.971                 0.00000
1                845.048 56332.7303144306018  198.947                 0.00000
1                794.972 56332.7303147117550  201.153                 0.00000
1                745.048 56332.7303150462792  185.198                 0.00000
C 1                894.999 56332.7305472593529  429.526                 0.00000
1                845.048 56332.7305474947964  269.282                 0.00000
1                794.972 56332.7305477796808  304.328                 0.00000
1                745.048 56332.7305481030529  218.471                 0.00000
1                894.999 56332.7307803232987  150.962                 0.00000
1                845.048 56332.7307805588051  238.996                 0.00000
1                794.972 56332.7307808350809  239.561                 0.00000
1                745.048 56332.7307811695621  184.150                 0.00000
1                894.999 56348.7985069985880  143.013                 0.00000
1                845.048 56348.7985072304820  125.086                 0.00000
1                792.415 56348.7985075201902  139.769                 0.00000
1                745.048 56348.7985078428465  177.591                 0.00000
1                894.999 56348.7987416627057  110.404                 0.00000
1                845.048 56348.7987418942949   89.866                 0.00000
1                792.415 56348.7987421885719  155.329                 0.00000
1                745.048 56348.7987425096400  111.667                 0.00000
1                894.999 56348.7989747215853  156.119                 0.00000
1                845.048 56348.7989749550981  131.300                 0.00000
1                792.415 56348.7989752453106  175.549                 0.00000
1                745.048 56348.7989755632625  176.985                 0.00000
1                894.999 56348.7992077787391  150.664                 0.00000
1                845.048 56348.7992080122099   99.538                 0.00000
1                792.415 56348.7992083035305  161.901                 0.00000
1                745.048 56348.7992086210811  144.205                 0.00000
1                894.999 56348.7994408369195  112.449                 0.00000
1                845.048 56348.7994410681519  111.941                 0.00000
1                792.415 56348.7994413616012  127.767                 0.00000
1                745.048 56348.7994416798037  141.775                 0.00000
1                894.999 56348.7996738978966  103.256                 0.00000
1                845.048 56348.7996741258551  108.834                 0.00000
1                792.415 56348.7996744202660  144.599                 0.00000
1                745.048 56348.7996747383744  136.870                 0.00000
1                894.999 56348.7999069535378  138.508                 0.00000
1                845.048 56348.7999071856635  101.177                 0.00000
1                792.415 56348.7999074772033  155.954                 0.00000
1                745.048 56348.7999077968234  137.594                 0.00000
1                894.999 56348.8001400106265  122.247                 0.00000
1                845.048 56348.8001402433603  108.347                 0.00000
1                792.415 56348.8001405386772  125.180                 0.00000
1                745.048 56348.8001408571974  124.915                 0.00000
1                894.999 56348.8003730697147  115.080                 0.00000
1                845.048 56348.8003733011325   90.384                 0.00000
1                792.415 56348.8003735945926  142.098                 0.00000
1                745.048 56348.8003739157976  124.638                 0.00000
1                894.999 56348.8006061280029  140.487                 0.00000
1                845.048 56348.8006063596541   86.379                 0.00000
1                792.415 56348.8006066514632  197.200                 0.00000
1                745.048 56348.8006069719280  159.508                 0.00000
1                894.999 56348.8008391850011  133.260                 0.00000
1                845.048 56348.8008394166529  127.479                 0.00000
1                792.415 56348.8008397112772  264.555                 0.00000
1                745.048 56348.8008400288446  187.679                 0.00000
1                894.996 56365.7655461793156  228.590                 0.00000
1                845.048 56365.7655464064721  266.438                 0.00000
C 1                792.267 56365.7655467002310  308.016                 0.00000
1                745.048 56365.7655470204721  187.348                 0.00000
1                894.996 56365.7657808343296  211.489                 0.00000
1                845.048 56365.7657810701102  165.284                 0.00000
1                792.267 56365.7657813666788  227.949                 0.00000
1                745.048 56365.7657808146619  383.215                 0.00000
1                894.996 56365.7660147070862  348.322                 0.00000
1                845.048 56365.7660141219575  270.198                 0.00000
1                792.267 56365.7660144170073  265.181                 0.00000
1                745.048 56365.7660147365714  255.177                 0.00000
1                894.996 56365.7662469491683  248.907                 0.00000
1                845.048 56365.7662471738635  192.434                 0.00000
1                792.267 56365.7662474727621  223.884                 0.00000
1                745.048 56365.7662477913220  272.200                 0.00000
1                894.996 56365.7664783938966  293.559                 0.00000
1                845.048 56365.7664786209437  268.018                 0.00000
1                792.267 56365.7664789227993  258.098                 0.00000
C 1                745.048 56365.7664792477560  362.615                 0.00000
C 1                894.996 56365.7667125269575  372.806                 0.00000
1                845.048 56365.7667116857028  202.777                 0.00000
1                792.267 56365.7667119786581  161.331                 0.00000
1                745.048 56365.7667122957857  172.518                 0.00000
1                894.996 56365.7669445114794  260.189                 0.00000
1                845.048 56365.7669447363388  164.206                 0.00000
1                792.267 56365.7669450289608  170.490                 0.00000
1                745.048 56365.7669453465988  222.290                 0.00000
C 1                894.996 56365.7671774317446  505.539                 0.00000
1                845.048 56365.7671777924519  240.403                 0.00000
C 1                792.267 56365.7671780840498  306.097                 0.00000
C 1                745.048 56365.7671785014079  492.438                 0.00000
C 1                894.996 56365.7674114962092  314.378                 0.00000
1                845.048 56365.7674108529221  271.289                 0.00000
C 1                792.267 56365.7674111454530  320.481                 0.00000
C 1                745.048 56365.7674117598461  476.262                 0.00000
C 1                894.996 56365.7676446750646  301.074                 0.00000
1                845.048 56365.7676439013915  216.612                 0.00000
1                792.267 56365.7676441954863  215.985                 0.00000
1                745.048 56365.7676445307846  269.246                 0.00000
1                894.996 56365.7678767239627  260.635                 0.00000
1                845.048 56365.7678769503409  339.463                 0.00000
1                792.267 56365.7678772511247  254.505                 0.00000
1                745.048 56365.7678775720852  193.806                 0.00000
1                894.892 56406.6047579901971  306.814                 0.00000
1                845.048 56406.6047582210439  158.325                 0.00000
1                794.825 56406.6047585034052  256.280                 0.00000
1                745.048 56406.6047588345078  138.557                 0.00000
1                894.892 56406.6049921561759  356.534                 0.00000
1                845.048 56406.6049912698457  136.780                 0.00000
1                794.825 56406.6049915486080  315.777                 0.00000
1                745.048 56406.6049918815064  133.087                 0.00000
1                894.892 56406.6052240864989  156.551                 0.00000
1                845.048 56406.6052243163571  166.408                 0.00000
1                794.825 56406.6052245947594  216.039                 0.00000
1                745.048 56406.6052249291844  147.509                 0.00000
1                894.892 56406.6054571371339  190.396                 0.00000
1                845.048 56406.6054573679754  143.931                 0.00000
1                794.825 56406.6054576455852  188.202                 0.00000
1                745.048 56406.6054579780963  135.654                 0.00000
1                894.892 56406.6056901878274  166.589                 0.00000
1                845.048 56406.6056904165325  135.436                 0.00000
1                794.825 56406.6056906934108  222.344                 0.00000
1                745.048 56406.6056910287969  180.491                 0.00000
1                894.892 56406.6059232273769  238.473                 0.00000
1                845.048 56406.6059234640571  112.089                 0.00000
1                794.825 56406.6059237430809  127.248                 0.00000
1                745.048 56406.6059240790168  205.615                 0.00000
1                894.892 56406.6061562815703  148.766                 0.00000
1                845.048 56406.6061565103386  114.774                 0.00000
1                794.825 56406.6061567937366  235.493                 0.00000
1                745.048 56406.6061571214221  143.282                 0.00000
1                894.892 56406.6063893256955  146.893                 0.00000
1                845.048 56406.6063895591836  117.715                 0.00000
1                794.825 56406.6063898383968  176.535                 0.00000
1                745.048 56406.6063901698560  184.036                 0.00000
1                894.892 56406.6066223788744  204.451                 0.00000
1                845.048 56406.6066226090136  154.429                 0.00000
1                794.825 56406.6066228863387  177.882                 0.00000
1                745.048 56406.6066232216216  152.856                 0.00000
1                894.892 56406.6068554255474  233.035                 0.00000
1                845.048 56406.6068556545764  127.351                 0.00000
1                794.825 56406.6068559325671  146.749                 0.00000
1                745.048 56406.6068562695170  165.197                 0.00000
1                894.892 56406.6070884749919  221.763                 0.00000
1                845.048 56406.6070887036153  138.388                 0.00000
1                794.825 56406.6070889834647  180.233                 0.00000
1                745.048 56406.6070893173402  177.270                 0.00000
C 1                898.212 56426.5608819382191  394.266                 0.00000
1                845.048 56426.5608821810293  161.588                 0.00000
1                795.048 56426.5608824580737  170.866                 0.00000
1                746.234 56426.5608827820603  213.362                 0.00000
C 1                898.212 56426.5611149599357  689.900                 0.00000
C 1                845.048 56426.5611152293698  321.146                 0.00000
1                795.048 56426.5611155000965  201.270                 0.00000
1                746.234 56426.5611158293536  177.010                 0.00000
1                898.212 56426.5613480345300  331.197                 0.00000
C 1                845.048 56426.5613482751366  489.668                 0.00000
1                795.048 56426.5613485451546  229.027                 0.00000
1                746.234 56426.5613488746276  225.421                 0.00000
C 1                898.212 56426.5615810793657  344.311                 0.00000
1                845.048 56426.5615813100374  234.368                 0.00000
C 1                795.048 56426.5615809906314  395.821                 0.00000
1                746.234 56426.5615819198148  151.149                 0.00000
C 1                898.212 56426.5618141143101  360.506                 0.00000
1                845.048 56426.5618143654205  207.924                 0.00000
1                795.048 56426.5618146429690  138.894                 0.00000
1                746.234 56426.5618149682588  135.821                 0.00000
C 1                898.212 56426.5620482010939  388.763                 0.00000
1                845.048 56426.5620474066382  263.736                 0.00000
1                795.048 56426.5620476855352  269.054                 0.00000
1                746.234 56426.5620480099900  134.428                 0.00000
1                898.212 56426.5622802093213  246.304                 0.00000
1                845.048 56426.5622804582485  247.825                 0.00000
C 1                795.048 56426.5622807330110  373.996                 0.00000
1                746.234 56426.5622810597247  231.551                 0.00000
C 1                898.212 56426.5625116400519  424.897                 0.00000
C 1                845.048 56426.5625119041816  466.668                 0.00000
1                795.048 56426.5625121730414  232.635                 0.00000
1                746.234 56426.5625124970532  128.352                 0.00000
C 1                898.212 56426.5627446943945  365.060                 0.00000
1                845.048 56426.5627449444105  229.962                 0.00000
1                795.048 56426.5627452175036  159.909                 0.00000
1                746.234 56426.5627455397119  203.801                 0.00000
1                898.212 56426.5629777456285  256.352                 0.00000
1                845.048 56426.5629779849977  165.936                 0.00000
1                795.048 56426.5629782617406  212.388                 0.00000
1                746.234 56426.5629785848185  165.209                 0.00000
C 1                898.212 56426.5632108112798  422.828                 0.00000
C 1                845.048 56426.5632110344644  649.721                 0.00000
1                795.048 56426.5632113097483  205.778                 0.00000
1                746.234 56426.5632116332518  179.243                 0.00000
C 1                896.857 56451.4756385381085  676.817                 0.00000
1                844.944 56451.4756387824647  198.897                 0.00000
1                795.048 56451.4756390566987  149.926                 0.00000
1                745.048 56451.4756393900098  169.395                 0.00000
1                896.857 56451.4758731868352  194.977                 0.00000
1                844.944 56451.4758734292668  157.699                 0.00000
1                795.048 56451.4758737058789  146.419                 0.00000
1                745.048 56451.4758740425639  114.482                 0.00000
C 1                896.857 56451.4761062414757  308.745                 0.00000
1                844.944 56451.4761064776698  219.469                 0.00000
1                795.048 56451.4761067477223  149.899                 0.00000
1                745.048 56451.4761070862786  141.043                 0.00000
1                896.857 56451.4763392803704  155.806                 0.00000
1                844.944 56451.4763395139539  145.304                 0.00000
1                795.048 56451.4763397941006  113.591                 0.00000
1                745.048 56451.4763401302680  113.914                 0.00000
1                896.857 56451.4765723206296  215.523                 0.00000
1                844.944 56451.4765725596407  181.173                 0.00000
1                795.048 56451.4765728374794  156.506                 0.00000
1                745.048 56451.4765731709198  167.627                 0.00000
1                896.857 56451.4768053599819  233.683                 0.00000
1                844.944 56451.4768056050636  149.843                 0.00000
1                795.048 56451.4768058816473  147.239                 0.00000
1                745.048 56451.4768062168286  162.468                 0.00000
1                896.857 56451.4770384120753  244.383                 0.00000
1                844.944 56451.4770386506244  247.729                 0.00000
1                795.048 56451.4770389272523  153.201                 0.00000
1                745.048 56451.4770392606916  161.828                 0.00000
1                896.857 56451.4772714524823  169.378                 0.00000
1                844.944 56451.4772716891769  226.445                 0.00000
1                795.048 56451.4772719716527  123.060                 0.00000
1                745.048 56451.4772723037930  117.327                 0.00000
1                896.857 56451.4775044951142  210.417                 0.00000
1                844.944 56451.4775047365095  181.019                 0.00000
1                795.048 56451.4775050211567  125.157                 0.00000
1                745.048 56451.4775053516807  146.375                 0.00000
1                896.857 56451.4777382732519  343.900                 0.00000
1                844.944 56451.4777377811839  226.024                 0.00000
1                795.048 56451.4777380606801  201.359                 0.00000
1                745.048 56451.4777383932748  147.210                 0.00000
1                896.857 56451.4779705843230  177.238                 0.00000
1                844.944 56451.4779708264561  136.731                 0.00000
1                795.048 56451.4779711037823  110.701                 0.00000
1                745.048 56451.4779714387088   92.774                 0.00000
1                894.720 56472.4004172318870  172.259                 0.00000
1                845.829 56472.4004174630373  348.069                 0.00000
1                792.415 56472.4004177541557  136.498                 0.00000
1                745.048 56472.4004180747457  141.773                 0.00000
1                894.720 56472.4006518838784  162.661                 0.00000
1                845.829 56472.4006521096645  201.108                 0.00000
1                792.415 56472.4006524059148  217.039                 0.00000
1                745.048 56472.4006527239839  170.935                 0.00000
1                894.720 56472.4008849297038  170.208                 0.00000
1                845.829 56472.4008851568262  205.747                 0.00000
1                792.415 56472.4008854500495  135.573                 0.00000
1                745.048 56472.4008857666999  168.209                 0.00000
1                894.720 56472.4011179691066  285.850                 0.00000
1                845.829 56472.4011181958862  170.694                 0.00000
1                792.415 56472.4011184937186  128.890                 0.00000
1                745.048 56472.4011188148667  191.865                 0.00000
C 1                894.720 56472.4013510200770  417.234                 0.00000
1                845.829 56472.4013512408814  204.741                 0.00000
1                792.415 56472.4013515386391  151.759                 0.00000
1                745.048 56472.4013518564739  176.671                 0.00000
1                894.720 56472.4015840576182  205.863                 0.00000
1                845.829 56472.4015842849863  315.716                 0.00000
1                792.415 56472.4015845864792  228.737                 0.00000
1                745.048 56472.4015849004490  135.570                 0.00000
1                894.720 56472.4018171022346  149.063                 0.00000
1                845.829 56472.4018173286635  190.390                 0.00000
1                792.415 56472.4018176245942  162.046                 0.00000
1                745.048 56472.4018179459083  178.881                 0.00000
1                894.720 56472.4020485369219  205.771                 0.00000
1                845.829 56472.4020487678366  158.626                 0.00000
1                792.415 56472.4020490637733  156.030                 0.00000
1                745.048 56472.4020493803199  144.613                 0.00000
1                894.720 56472.4022815819709  203.716                 0.00000
1                845.829 56472.4022818111275  141.284                 0.00000
1                792.415 56472.4022821081400  166.467                 0.00000
1                745.048 56472.4022824264881  154.089                 0.00000
1                894.720 56472.4025146294026  156.432                 0.00000
1                845.829 56472.4025148568347  152.312                 0.00000
1                792.415 56472.4025151510963  202.917                 0.00000
1                745.048 56472.4025154728931  144.676                 0.00000
1                894.720 56472.4027476730508  156.893                 0.00000
1                845.829 56472.4027478981741  197.768                 0.00000
1                792.415 56472.4027481928084  161.717                 0.00000
1                745.048 56472.4027485106169  149.387                 0.00000
1                894.999 56494.4071197268176  258.622                 0.00000
1                845.048 56494.4071199592311  122.269                 0.00000
1                794.267 56494.4071202410715  247.442                 0.00000
1                745.048 56494.4071205756416  227.672                 0.00000
1                894.999 56494.4073543798588  182.536                 0.00000
1                845.048 56494.4073546106113  144.150                 0.00000
1                794.267 56494.4073548940019  178.686                 0.00000
1                745.048 56494.4073552232625  226.342                 0.00000
1                894.999 56494.4075874287000  134.341                 0.00000
1                845.048 56494.4075876583560  142.757                 0.00000
1                794.267 56494.4075879401555  148.323                 0.00000
1                745.048 56494.4075882688918  169.166                 0.00000
1                894.999 56494.4078204698328  170.031                 0.00000
1                845.048 56494.4078207055385  131.412                 0.00000
1                794.267 56494.4078209782955  258.896                 0.00000
C 1                745.048 56494.4078213198775  629.955                 0.00000
1                894.999 56494.4080535115353  160.102                 0.00000
1                845.048 56494.4080537471930  149.847                 0.00000
1                794.267 56494.4080540260393  196.006                 0.00000
1                745.048 56494.4080543584952  191.806                 0.00000
1                894.999 56494.4082865615113  172.348                 0.00000
1                845.048 56494.4082867940292  134.953                 0.00000
1                794.267 56494.4082870760004  176.398                 0.00000
1                745.048 56494.4082874062584  174.890                 0.00000
1                894.999 56494.4085196075560  166.899                 0.00000
1                845.048 56494.4085198368324  105.151                 0.00000
C 1                794.267 56494.4085201198032  413.314                 0.00000
1                745.048 56494.4085204515579  135.804                 0.00000
1                894.999 56494.4087526518399  172.725                 0.00000
1                845.048 56494.4087528860212  250.333                 0.00000
1                794.267 56494.4087531624738  159.059                 0.00000
1                745.048 56494.4087534973693  159.415                 0.00000
1                894.999 56494.4089856989986  162.180                 0.00000
1                845.048 56494.4089859293542  172.248                 0.00000
1                794.267 56494.4089862161324  427.055                 0.00000
1                745.048 56494.4089865423218  187.825                 0.00000
1                894.999 56494.4092187424062  191.060                 0.00000
1                845.048 56494.4092189751120  143.885                 0.00000
1                794.267 56494.4092192569322  238.774                 0.00000
1                745.048 56494.4092195901964  189.194                 0.00000
1                894.999 56494.4094517927044  310.406                 0.00000
1                845.048 56494.4094520216831  123.911                 0.00000
1                794.267 56494.4094523008852  165.334                 0.00000
1                745.048 56494.4094526350262  182.409                 0.00000
1                894.267 56520.2310535371049   99.322                 0.00000
1                845.048 56520.2310537639020  128.071                 0.00000
1                795.048 56520.2310540417737  111.338                 0.00000
1                745.048 56520.2310543784880  126.298                 0.00000
1                894.267 56520.2312881956582  111.259                 0.00000
1                845.048 56520.2312884175315  153.854                 0.00000
1                795.048 56520.2312886988811  127.471                 0.00000
1                745.048 56520.2312890322846  149.081                 0.00000
1                894.267 56520.2315212417573   91.645                 0.00000
1                845.048 56520.2315214667523  212.953                 0.00000
1                795.048 56520.2315217469949  109.045                 0.00000
1                745.048 56520.2315220801342  119.911                 0.00000
1                894.267 56520.2317542878100  116.211                 0.00000
1                845.048 56520.2317545181574  184.751                 0.00000
1                795.048 56520.2317547932608  153.246                 0.00000
1                745.048 56520.2317551297799  126.405                 0.00000
1                894.267 56520.2319873387691  114.251                 0.00000
1                845.048 56520.2319875639090  210.536                 0.00000
1                795.048 56520.2319878396075  180.956                 0.00000
1                745.048 56520.2319881790741  207.682                 0.00000
1                894.267 56520.2322203863652  122.938                 0.00000
1                845.048 56520.2322206153497  177.822                 0.00000
1                795.048 56520.2322208917741  137.621                 0.00000
1                745.048 56520.2322212250404  169.212                 0.00000
1                894.267 56520.2324534349058  121.368                 0.00000
1                845.048 56520.2324536622048  195.124                 0.00000
1                795.048 56520.2324539387557  110.479                 0.00000
1                745.048 56520.2324542746585  197.386                 0.00000
1                894.267 56520.2326864826525  139.652                 0.00000
1                845.048 56520.2326867073262  139.194                 0.00000
1                795.048 56520.2326869875245  122.867                 0.00000
1                745.048 56520.2326873257892  216.166                 0.00000
1                894.267 56520.2329195301946  198.647                 0.00000
1                845.048 56520.2329197589202  132.909                 0.00000
1                795.048 56520.2329200379777  136.216                 0.00000
1                745.048 56520.2329203693495  144.724                 0.00000
1                894.267 56520.2331525799199  153.494                 0.00000
1                845.048 56520.2331528080182  239.833                 0.00000
1                795.048 56520.2331530872097  134.918                 0.00000
1                745.048 56520.2331534183491  149.541                 0.00000
1                894.267 56520.2333856269629  134.960                 0.00000
1                845.048 56520.2333858556741  187.743                 0.00000
1                795.048 56520.2333861325653  178.271                 0.00000
1                745.048 56520.2333864676449  175.841                 0.00000
1                894.999 56537.2562963042720  259.105                 0.00000
1                845.775 56537.2562965249453  187.716                 0.00000
1                789.579 56537.2562968397675  188.118                 0.00000
1                745.048 56537.2562971427454  136.969                 0.00000
1                894.999 56537.2565309545574  233.256                 0.00000
1                845.775 56537.2565311875752  225.024                 0.00000
1                789.579 56537.2565314998844  243.730                 0.00000
C 1                745.048 56537.2565317952799  315.833                 0.00000
1                894.999 56537.2567640045349  183.768                 0.00000
1                845.775 56537.2567642404219  156.122                 0.00000
1                789.579 56537.2567645463329  162.580                 0.00000
1                745.048 56537.2567648528676  187.842                 0.00000
1                894.999 56537.2569970549577  224.252                 0.00000
1                845.775 56537.2569972832278  273.696                 0.00000
1                789.579 56537.2569976047410  190.423                 0.00000
1                745.048 56537.2569979024698  213.877                 0.00000
C 1                894.999 56537.2572301075001  360.804                 0.00000
1                845.775 56537.2572303403715  160.769                 0.00000
1                789.579 56537.2572306532022  171.897                 0.00000
C 1                745.048 56537.2572300000675  418.667                 0.00000
1                894.999 56537.2574631612840  186.606                 0.00000
C 1                845.775 56537.2574630609708  607.712                 0.00000
1                789.579 56537.2574637011041  210.440                 0.00000
1                745.048 56537.2574640041963  245.921                 0.00000
C 1                894.999 56537.2576962143812  321.471                 0.00000
C 1                845.775 56537.2576964368893  477.261                 0.00000
C 1                789.579 56537.2576967532446  292.306                 0.00000
1                745.048 56537.2576970569724  163.544                 0.00000
1                894.999 56537.2579292645182  153.672                 0.00000
C 1                845.775 56537.2579294954369  441.233                 0.00000
1                789.579 56537.2579298040456  220.945                 0.00000
1                745.048 56537.2579300996951  224.487                 0.00000
1                894.999 56537.2581623125038  155.784                 0.00000
C 1                845.775 56537.2581625496575  442.915                 0.00000
C 1                789.579 56537.2581628585430  325.908                 0.00000
1                745.048 56537.2581631608336  254.385                 0.00000
1                894.999 56538.2400039150769  268.145                 0.00000
1                845.048 56538.2400030026177  229.511                 0.00000
1                794.944 56538.2400032780335  203.779                 0.00000
1                745.048 56538.2400036078726  250.762                 0.00000
1                894.999 56538.2402358216840  265.698                 0.00000
1                845.048 56538.2402360511732  257.764                 0.00000
1                794.944 56538.2402363277859  164.745                 0.00000
1                745.048 56538.2402366632159  201.955                 0.00000
1                894.999 56538.2404688736349  253.333                 0.00000
1                845.048 56538.2404691012390  324.651                 0.00000
C 1                794.944 56538.2404693790874  312.153                 0.00000
C 1                745.048 56538.2404689174339  362.922                 0.00000
C 1                894.999 56538.2407019334048  310.627                 0.00000
1                845.048 56538.2407021517933  164.074                 0.00000
1                794.944 56538.2407024298301  151.529                 0.00000
1                745.048 56538.2407027639891  193.907                 0.00000
C 1                894.999 56538.2409349759697  360.831                 0.00000
1                845.048 56538.2409352037023  129.417                 0.00000
1                794.944 56538.2409354805476  157.859                 0.00000
1                745.048 56538.2409358161135  197.382                 0.00000
1                894.999 56538.2411680261648  226.291                 0.00000
1                845.048 56538.2411682556082  158.117                 0.00000
1                794.944 56538.2411685350674  126.233                 0.00000
1                745.048 56538.2411688694923  228.638                 0.00000
1                894.999 56538.2414010710260  223.296                 0.00000
1                845.048 56538.2414013074401  167.691                 0.00000
1                794.944 56538.2414015833569  123.030                 0.00000
1                745.048 56538.2414019199281  182.053                 0.00000
1                894.999 56538.2416341240923  226.415                 0.00000
1                845.048 56538.2416343607700  201.639                 0.00000
1                794.944 56538.2416346356606  170.109                 0.00000
1                745.048 56538.2416349767599  213.871                 0.00000
C 1                894.999 56538.2418671730771  344.309                 0.00000
1                845.048 56538.2418674086691  124.078                 0.00000
C 1                794.944 56538.2418676873087  270.555                 0.00000
1                745.048 56538.2418680213557  139.129                 0.00000
1                894.999 56539.2282664940026  193.897                 0.00000
1                843.079 56539.2282667346246  149.320                 0.00000
1                791.142 56539.2282670293160  174.803                 0.00000
1                745.048 56539.2282673378147  161.190                 0.00000
C 1                894.999 56539.2284995405405  297.383                 0.00000
1                843.079 56539.2284997869554  180.023                 0.00000
1                791.142 56539.2285000793746  144.916                 0.00000
1                745.048 56539.2285003893782  152.936                 0.00000
1                894.999 56539.2287325964634  166.072                 0.00000
1                843.079 56539.2287328356354  197.712                 0.00000
1                791.142 56539.2287331323882  154.772                 0.00000
1                745.048 56539.2287334387980  166.991                 0.00000
C 1                894.999 56539.2289656470923  305.856                 0.00000
1                843.079 56539.2289658919613  224.034                 0.00000
1                791.142 56539.2289661811577  208.389                 0.00000
1                745.048 56539.2289664912749  157.584                 0.00000
1                894.999 56539.2291970939747  253.189                 0.00000
1                843.079 56539.2291973337914  153.852                 0.00000
C 1                791.142 56539.2291976266237  321.368                 0.00000
1                745.048 56539.2291979348379  123.756                 0.00000
1                894.999 56539.2294301464712  159.614                 0.00000
1                843.079 56539.2294303785527  198.306                 0.00000
C 1                791.142 56539.2294306749334  258.559                 0.00000
1                745.048 56539.2294309842661  140.616                 0.00000
C 1                894.999 56539.2296631903545  318.372                 0.00000
1                843.079 56539.2296634340873  198.915                 0.00000
1                791.142 56539.2296637212428  165.804                 0.00000
1                745.048 56539.2296640363779  207.468                 0.00000
C 1                894.999 56539.2298962426547  289.911                 0.00000
1                843.079 56539.2298964845021  130.043                 0.00000
1                791.142 56539.2298967777494  156.306                 0.00000
1                745.048 56539.2298970859732  156.205                 0.00000
1                894.999 56539.2301292962855  161.982                 0.00000
1                843.079 56539.2301295385044  103.661                 0.00000
1                791.142 56539.2301298296804  170.268                 0.00000
1                745.048 56539.2301301401199  148.235                 0.00000
1                894.999 56546.2340754130831  111.597                 0.00000
1                845.048 56546.2340756449798  113.169                 0.00000
1                794.159 56546.2340759289309  109.344                 0.00000
1                745.048 56546.2340762573699  118.654                 0.00000
1                894.999 56546.2343084688001   87.230                 0.00000
1                845.048 56546.2343086976385   98.481                 0.00000
1                794.159 56546.2343089786510  117.094                 0.00000
1                745.048 56546.2343093132849   89.450                 0.00000
1                894.999 56546.2345415189139   93.190                 0.00000
1                845.048 56546.2345417521566  104.310                 0.00000
1                794.159 56546.2345420325554   91.202                 0.00000
1                745.048 56546.2345423630116  112.445                 0.00000
1                894.999 56546.2347858218338  100.460                 0.00000
1                845.048 56546.2347860540987  128.182                 0.00000
1                794.159 56546.2347863360596  108.854                 0.00000
1                745.048 56546.2347866645015  130.971                 0.00000
1                894.999 56546.2350076246530  100.215                 0.00000
1                845.048 56546.2350078572262   93.516                 0.00000
1                794.159 56546.2350081390335  123.175                 0.00000
1                745.048 56546.2350084710061   99.457                 0.00000
1                894.999 56546.2352406792550  113.700                 0.00000
1                845.048 56546.2352409088776   86.049                 0.00000
1                794.159 56546.2352411923148   97.284                 0.00000
1                745.048 56546.2352415205357  138.088                 0.00000
1                894.999 56546.2354737296142   98.017                 0.00000
1                845.048 56546.2354739624792   91.923                 0.00000
1                794.159 56546.2354742445772  127.458                 0.00000
1                745.048 56546.2354745771273  120.570                 0.00000
1                894.999 56546.2357067817799  109.748                 0.00000
1                845.048 56546.2357070139004   85.727                 0.00000
1                794.159 56546.2357072954824  112.991                 0.00000
1                745.048 56546.2357076261160  147.012                 0.00000
1                894.999 56546.2359398350187  104.584                 0.00000
1                845.048 56546.2359400665282   88.535                 0.00000
1                794.159 56546.2359403490173  117.489                 0.00000
1                745.048 56546.2359406777790  148.044                 0.00000
1                894.999 56551.1869691308536  179.434                 0.00000
C 1                845.325 56551.1869693675474  299.157                 0.00000
C 1                795.517 56551.1869696348783  270.892                 0.00000
1                745.048 56551.1869699757778  159.682                 0.00000
1                894.999 56551.1872037946730  215.333                 0.00000
1                845.325 56551.1872040268931  222.433                 0.00000
1                795.517 56551.1872043050810  195.282                 0.00000
1                745.048 56551.1872046400913  183.750                 0.00000
1                894.999 56551.1874368453158  205.214                 0.00000
C 1                845.325 56551.1874370766961  297.441                 0.00000
1                795.517 56551.1874373577159  249.275                 0.00000
1                745.048 56551.1874376929148  133.794                 0.00000
1                894.999 56551.1876682909584  212.074                 0.00000
1                845.325 56551.1876685257795  210.144                 0.00000
1                795.517 56551.1876688015563  172.251                 0.00000
1                745.048 56551.1876691356933  166.563                 0.00000
1                894.999 56551.1879013515621  184.039                 0.00000
1                845.325 56551.1879015740399  239.703                 0.00000
1                795.517 56551.1879018541071  194.055                 0.00000
1                745.048 56551.1879021921836  166.352                 0.00000
1                894.999 56551.1881344022391  154.247                 0.00000
1                845.325 56551.1881346324424  232.624                 0.00000
1                795.517 56551.1881349091295  179.384                 0.00000
1                745.048 56551.1881352447178  160.082                 0.00000
1                894.999 56551.1883674510279  183.275                 0.00000
1                845.325 56551.1883676867427  168.318                 0.00000
1                795.517 56551.1883679578345  192.440                 0.00000
1                745.048 56551.1883683010553  153.462                 0.00000
1                894.999 56551.1886005063481  151.051                 0.00000
C 1                845.325 56551.1886007393367  351.567                 0.00000
1                795.517 56551.1886010129413  178.837                 0.00000
C 1                745.048 56551.1886013504293  274.806                 0.00000
1                894.999 56551.1888335591365  155.910                 0.00000
1                845.325 56551.1888337870596  235.554                 0.00000
1                795.517 56551.1888340618533  172.473                 0.00000
1                745.048 56551.1888344037125  161.561                 0.00000
1                894.999 56551.1890666147713  193.940                 0.00000
1                845.325 56551.1890668445902  251.626                 0.00000
1                795.517 56551.1890671194539  207.474                 0.00000
1                745.048 56551.1890674537243  231.431                 0.00000
C 1                894.999 56551.1892996728205  255.627                 0.00000
1                845.325 56551.1892998977838  253.988                 0.00000
1                795.517 56551.1893001724283  173.150                 0.00000
1                745.048 56551.1893005082986  212.563                 0.00000
1                894.999 56555.2004645091893  129.359                 0.00000
1                845.048 56555.2004647447407  214.049                 0.00000
1                792.524 56555.2004650353238  171.866                 0.00000
1                745.048 56555.2004653558371  143.520                 0.00000
1                894.999 56555.2006991745305  156.680                 0.00000
1                845.048 56555.2006994029667  119.461                 0.00000
1                792.524 56555.2006996946258  161.556                 0.00000
1                745.048 56555.2007000164410  128.912                 0.00000
1                894.999 56555.2009322278834  178.047                 0.00000
1                845.048 56555.2009324563437  184.993                 0.00000
1                792.524 56555.2009327483033  123.028                 0.00000
1                745.048 56555.2009330679779  131.916                 0.00000
1                894.999 56555.2011652810638  127.657                 0.00000
1                845.048 56555.2011655120856  202.363                 0.00000
C 1                792.524 56555.2011658129897  281.597                 0.00000
1                745.048 56555.2011661215806  200.894                 0.00000
1                894.999 56555.2013983320749  227.963                 0.00000
1                845.048 56555.2013985658988  230.151                 0.00000
1                792.524 56555.2013988590133  208.753                 0.00000
1                745.048 56555.2013991763632  199.935                 0.00000
1                894.999 56555.2016313854534  158.185                 0.00000
1                845.048 56555.2016316186588  132.160                 0.00000
C 1                792.524 56555.2016319072561  411.573                 0.00000
1                745.048 56555.2016322317273  146.370                 0.00000
1                894.999 56555.2018644427042  157.797                 0.00000
1                845.048 56555.2018646724404  153.806                 0.00000
1                792.524 56555.2018649670910  201.692                 0.00000
1                745.048 56555.2018652856832  116.514                 0.00000
1                894.999 56555.2020974947078  126.914                 0.00000
1                845.048 56555.2020977265455  129.966                 0.00000
C 1                792.524 56555.2020980167865  260.451                 0.00000
1                745.048 56555.2020983398644  102.567                 0.00000
1                894.999 56555.2023305497711  146.910                 0.00000
1                845.048 56555.2023307819861  204.853                 0.00000
1                792.524 56555.2023310722474  146.998                 0.00000
1                745.048 56555.2023313952800  105.781                 0.00000
1                894.999 56586.1598978621516  179.112                 0.00000
1                845.829 56586.1598980960669  215.931                 0.00000
1                790.556 56586.1598984056879  204.557                 0.00000
1                745.048 56586.1598987104675  167.054                 0.00000
C 1                894.999 56586.1601325336834  272.314                 0.00000
1                845.829 56586.1601327607931  124.481                 0.00000
1                790.556 56586.1601330699502  190.697                 0.00000
1                745.048 56586.1601333774982  145.852                 0.00000
1                894.999 56586.1603655927696  235.190                 0.00000
1                845.829 56586.1603658190764  212.827                 0.00000
1                790.556 56586.1603661302853  185.504                 0.00000
1                745.048 56586.1603664355612  138.946                 0.00000
1                894.999 56586.1605986496125  241.082                 0.00000
1                845.829 56586.1605988778635  176.696                 0.00000
1                790.556 56586.1605991888546  182.070                 0.00000
1                745.048 56586.1605994915235  172.035                 0.00000
1                894.999 56586.1608317098899  149.180                 0.00000
1                845.829 56586.1608319380095  137.935                 0.00000
1                790.556 56586.1608322478292  186.247                 0.00000
1                745.048 56586.1608325521367  154.228                 0.00000
1                894.999 56586.1610647760557  248.919                 0.00000
1                845.829 56586.1610649989679  169.622                 0.00000
1                790.556 56586.1610653074553  217.214                 0.00000
1                745.048 56586.1610656149627  165.700                 0.00000
1                894.999 56586.1612978320342  132.100                 0.00000
1                845.829 56586.1612980602359  136.065                 0.00000
1                790.556 56586.1612983656801  118.111                 0.00000
1                745.048 56586.1612986731776  137.666                 0.00000
1                894.999 56586.1615308907283  211.826                 0.00000
1                845.829 56586.1615311159120  136.086                 0.00000
1                790.556 56586.1615314219172  216.768                 0.00000
1                745.048 56586.1615317305359  141.544                 0.00000
1                894.999 56586.1617623452679  142.323                 0.00000
1                845.829 56586.1617625718043  121.511                 0.00000
1                790.556 56586.1617628795967  164.517                 0.00000
1                745.048 56586.1617631868261  157.334                 0.00000
1                894.999 56586.1619954006309  164.214                 0.00000
1                845.829 56586.1619956275528  132.813                 0.00000
1                790.556 56586.1619959343291  141.966                 0.00000
1                745.048 56586.1619962432046  151.280                 0.00000
1                894.999 56586.1622284630360  170.674                 0.00000
1                845.829 56586.1622286894321  160.092                 0.00000
1                790.556 56586.1622289969756  149.043                 0.00000
1                745.048 56586.1622293050195  107.557                 0.00000
1                894.996 56608.0625816572682  113.053                 0.00000
1                845.073 56608.0625818894199  165.559                 0.00000
1                794.967 56608.0625821697769  167.277                 0.00000
C 1                745.452 56608.0625824994527  256.370                 0.00000
1                894.996 56608.0628163326544  116.704                 0.00000
1                845.073 56608.0628165605982  114.583                 0.00000
1                794.967 56608.0628168377045  200.193                 0.00000
1                745.452 56608.0628171783486  206.355                 0.00000
1                894.996 56608.0630493937324  125.105                 0.00000
1                845.073 56608.0630496210133  161.003                 0.00000
C 1                794.967 56608.0630499021807  299.892                 0.00000
1                745.452 56608.0630502295390  205.805                 0.00000
1                894.996 56608.0635139065074  120.647                 0.00000
1                845.073 56608.0635141400037  112.956                 0.00000
1                794.967 56608.0635144174208  201.047                 0.00000
C 1                745.452 56608.0635147556234  534.729                 0.00000
1                894.996 56608.0642130982495  132.641                 0.00000
1                845.073 56608.0642133277131  210.437                 0.00000
1                794.967 56608.0642136052123  136.486                 0.00000
1                745.452 56608.0642139407547  173.631                 0.00000
1                894.996 56608.0649122853321  142.447                 0.00000
1                845.073 56608.0649125134120  187.308                 0.00000
1                794.967 56608.0649127921514  108.261                 0.00000
1                745.452 56608.0649131269145  146.339                 0.00000
C 1                894.996 56637.9603472789992  301.482                 0.00000
1                845.048 56637.9603475041643  225.054                 0.00000
1                794.614 56637.9603477912449  251.701                 0.00000
1                745.129 56637.9603481208876  194.680                 0.00000
C 1                894.996 56637.9605824727799  340.431                 0.00000
1                845.048 56637.9605821798378  246.183                 0.00000
1                794.614 56637.9605824596495  223.562                 0.00000
1                745.129 56637.9605827914849  166.706                 0.00000
C 1                894.996 56637.9608150150522  269.009                 0.00000
1                845.048 56637.9608152480240  244.497                 0.00000
1                794.614 56637.9608155277581  203.841                 0.00000
1                745.129 56637.9608158562358  182.299                 0.00000
1                894.996 56637.9610480806085  247.638                 0.00000
1                845.048 56637.9610483085532  247.515                 0.00000
C 1                794.614 56637.9610485815457  265.595                 0.00000
1                745.129 56637.9610489163542  224.915                 0.00000
C 1                894.996 56637.9612811444985  436.140                 0.00000
C 1                845.048 56637.9612813725074  271.268                 0.00000
1                794.614 56637.9612816567816  177.160                 0.00000
1                745.129 56637.9612819861118  123.288                 0.00000
C 1                894.996 56637.9615142128193  493.865                 0.00000
C 1                845.048 56637.9615144365730  313.120                 0.00000
C 1                794.614 56637.9615147172475  263.247                 0.00000
C 1                745.129 56637.9615150490929  335.132                 0.00000
1                894.996 56637.9617472738466  171.888                 0.00000
C 1                845.048 56637.9617475011789  295.577                 0.00000
1                794.614 56637.9617477842737  155.083                 0.00000
1                745.129 56637.9617481162411  203.058                 0.00000
C 1                894.996 56637.9619803374375  385.177                 0.00000
1                845.048 56637.9619805708930  160.835                 0.00000
1                794.614 56637.9619808502705  154.388                 0.00000
1                745.129 56637.9619811815444  200.760                 0.00000
1                894.996 56637.9622134052128  253.322                 0.00000
C 1                845.048 56637.9622136302506  286.747                 0.00000
1                794.614 56637.9622139144577  173.745                 0.00000
1                745.129 56637.9622142458553  182.398                 0.00000
C 1                894.996 56637.9624464678234  284.769                 0.00000
C 1                845.048 56637.9624466950754  360.561                 0.00000
1                794.614 56637.9624469795214  212.785                 0.00000
1                745.129 56637.9624473088741  199.691                 0.00000
C 1                894.996 56637.9626792978757  416.103                 0.00000
C 1                845.048 56637.9626797547489  324.019                 0.00000
1                794.614 56637.9626800387429  227.659                 0.00000
1                745.129 56637.9626803676547  248.113                 0.00000
1                895.669 56670.8930116325712   94.114                 0.00000
1                845.048 56670.8930118665755  169.280                 0.00000
1                794.267 56670.8930121466050  191.888                 0.00000
1                745.073 56670.8930124778067  142.813                 0.00000
1                895.669 56670.8932446946703  124.712                 0.00000
1                845.048 56670.8932449329034  158.221                 0.00000
1                794.267 56670.8932452094902  138.287                 0.00000
1                745.073 56670.8932455412401  198.772                 0.00000
1                895.669 56670.8934777560881  171.907                 0.00000
1                845.048 56670.8934779968059  185.871                 0.00000
1                794.267 56670.8934782745596  170.207                 0.00000
1                745.073 56670.8934786060541  156.797                 0.00000
1                895.669 56670.8937108234559  145.434                 0.00000
1                845.048 56670.8937110550752  206.086                 0.00000
1                794.267 56670.8937113434281  218.997                 0.00000
1                745.073 56670.8937116659899  150.087                 0.00000
1                895.669 56670.8939438849352  130.336                 0.00000
1                845.048 56670.8939441222041  175.546                 0.00000
1                794.267 56670.8939444031619  167.103                 0.00000
1                745.073 56670.8939447337163  169.785                 0.00000
1                895.669 56670.8941769502131  136.900                 0.00000
C 1                845.048 56670.8941771851566  302.315                 0.00000
1                794.267 56670.8941774660399  148.303                 0.00000
1                745.073 56670.8941777970836  126.834                 0.00000
1                895.669 56670.8944100126204  189.403                 0.00000
C 1                845.048 56670.8944102492893  255.090                 0.00000
C 1                794.267 56670.8944105297471  262.851                 0.00000
1                745.073 56670.8944108579375  157.743                 0.00000
1                895.669 56670.8946430765043  194.816                 0.00000
1                845.048 56670.8946433129305  170.425                 0.00000
1                794.267 56670.8946435962899  157.092                 0.00000
1                745.073 56670.8946439229207  156.937                 0.00000
1                895.669 56670.8948761410879  141.880                 0.00000
C 1                845.048 56670.8948763725604  345.563                 0.00000
1                794.267 56670.8948766584837  165.674                 0.00000
1                745.073 56670.8948769888786  148.735                 0.00000
1                895.669 56670.8951092063773  181.545                 0.00000
1                845.048 56670.8951094431002  194.191                 0.00000
1                794.267 56670.8951097227481  174.206                 0.00000
1                745.073 56670.8951100540576  148.939                 0.00000
1                895.669 56670.8953422707886  154.967                 0.00000
1                845.048 56670.8953425034660  254.255                 0.00000
1                794.267 56670.8953427825128  182.097                 0.00000
1                745.073 56670.8953431160707  126.899                 0.00000
1                897.803 56539.2883583592717  182.507                 0.00000
1                842.878 56539.2883586136661  216.825                 0.00000
1                793.167 56539.2883588914027  155.614                 0.00000
1                745.048 56539.2883592105206  196.691                 0.00000
1                897.803 56539.2885930188198  220.902                 0.00000
1                842.878 56539.2885932687778  173.825                 0.00000
1                793.167 56539.2885935451568  184.370                 0.00000
1                745.048 56539.2885938717150  121.969                 0.00000
1                897.803 56539.2888260711890  232.320                 0.00000
1                842.878 56539.2888263262981  197.720                 0.00000
1                793.167 56539.2888266031538  196.517                 0.00000
1                745.048 56539.2888269232088  165.995                 0.00000
1                897.803 56539.2890591222034  187.587                 0.00000
C 1                842.878 56539.2890593765814  266.280                 0.00000
1                793.167 56539.2890596500628  226.149                 0.00000
1                745.048 56539.2890599707569  150.841                 0.00000
1                897.803 56539.2892921738604  205.361                 0.00000
1                842.878 56539.2892924256616  203.525                 0.00000
1                793.167 56539.2892927062018  227.388                 0.00000
1                745.048 56539.2892930283399  157.425                 0.00000
1                897.803 56539.2895252202726  225.580                 0.00000
1                842.878 56539.2895254762434  158.440                 0.00000
1                793.167 56539.2895257556102  166.043                 0.00000
1                745.048 56539.2895260759784  142.048                 0.00000
1                897.803 56539.2897582727709  131.621                 0.00000
1                842.878 56539.2897585257753  210.310                 0.00000
1                793.167 56539.2897588051903  167.587                 0.00000
1                745.048 56539.2897591298700  124.605                 0.00000
C 1                897.803 56539.2899913281467  265.264                 0.00000
1                842.878 56539.2899915810303  154.460                 0.00000
1                793.167 56539.2899918590380  178.887                 0.00000
1                745.048 56539.2899921803912  231.692                 0.00000
TIME -0.00002048
