MODE 1
1                869.731 56329.8393870695907  2000.511                 0.00000
1                769.759 56329.8393889260784  1548.160                 0.00000
1                869.738 56329.8409070130205  5627.184                 0.00000
1                769.775 56329.8409089314688  2023.002                 0.00000
1                870.580 56329.8415960746590  1936.593                 0.00000
1                769.752 56329.8415980111298  2773.896                 0.00000
1                869.646 56332.7634527058453  959.499                 0.00000
1                769.840 56332.7634545680774  1258.912                 0.00000
1                869.644 56348.8355922532556  2018.912                 0.00000
1                769.693 56348.8355941039780  1280.867                 0.00000
1                869.498 56365.8013188266681  1633.748                 0.00000
1                769.677 56365.8013206730820  1302.319                 0.00000
1                869.149 56365.8020078658188  2035.869                 0.00000
1                769.677 56365.8020097138070  1586.439                 0.00000
1                868.974 56365.8027171863444  2424.036                 0.00000
1                769.753 56365.8027190508235  1763.007                 0.00000
1                869.501 56389.6685627615525  1174.457                 0.00000
1                769.835 56389.6685646188067  1295.504                 0.00000
1                869.672 56406.6416113055767  1117.638                 0.00000
1                769.769 56406.6416131759340  1246.929                 0.00000
1                869.487 56426.5974734839501  1356.008                 0.00000
1                769.954 56426.5974753401577  1161.801                 0.00000
1                869.495 56451.5120921257918  1414.864                 0.00000
1                769.631 56451.5120940336233  2573.139                 0.00000
1                870.009 56451.5127811544742  1595.881                 0.00000
1                769.631 56451.5127829985018  2940.894                 0.00000
1                869.919 56451.5134904635170  1928.021                 0.00000
1                769.631 56451.5134922761506  2528.247                 0.00000
1                869.846 56472.4378402658073  1277.235                 0.00000
1                769.675 56472.4378421260951  1106.826                 0.00000
1                869.762 56494.4434303197162  3091.898                 0.00000
1                769.765 56494.4434322047534  1831.498                 0.00000
1                869.851 56494.4441193704232  1476.882                 0.00000
1                769.862 56494.4441212383226  1959.800                 0.00000
1                869.773 56494.4448286734924  1568.533                 0.00000
1                769.665 56494.4448305277019  2298.184                 0.00000
1                869.706 56520.2670749777212  1353.776                 0.00000
1                769.722 56520.2670768239957  1564.118                 0.00000
1                869.909 56537.2912748521510  1666.377                 0.00000
1                769.653 56537.2912767182070  1955.548                 0.00000
1                869.951 56537.2919436010603  1538.674                 0.00000
1                769.653 56537.2919454809909  1738.613                 0.00000
1                870.762 56537.2926529139309  1903.958                 0.00000
1                769.176 56537.2926547812115  1483.518                 0.00000
1                819.441 56538.2751304826001  1161.725                 0.00000
1                870.538 56539.2631595841453  1764.010                 0.00000
1                769.710 56539.2631614491758  1463.076                 0.00000
1                869.778 56543.2579840793647  1151.620                 0.00000
1                769.727 56543.2579859717358  1121.084                 0.00000
1                819.635 56543.2905113757801  1386.033                 0.00000
1                819.729 56543.2912206646597  1282.645                 0.00000
1                869.563 56546.2730715403005  1649.675                 0.00000
C 1                770.362 56546.2730657821936  5832.865                 0.00000
1                870.218 56551.2241298615427  1824.960                 0.00000
1                769.418 56551.2241317174291  1585.826                 0.00000
1                869.722 56555.2387799556810  1712.107                 0.00000
1                769.654 56555.2387817919218  1468.229                 0.00000
1                869.826 56555.2394689689933  1603.131                 0.00000
1                769.605 56555.2394708055760  1608.605                 0.00000
1                869.797 56555.2401782748992  2446.207                 0.00000
1                769.604 56555.2401801538838  2110.679                 0.00000
1                821.414 56586.1966227508401  1100.505                 0.00000
1                818.682 56608.1035102185117  1115.636                 0.00000
C 1                818.836 56638.0008595242485  2456.645                 0.00000
C 1                819.334 56638.0015406158802  2672.987                 0.00000
C 1                819.651 56638.0022351069963  2115.881                 0.00000
1                818.692 56670.9333504289786  2158.746                 0.00000
1                818.634 56670.9340395314422  1876.288                 0.00000
1                818.580 56670.9347285864478  1402.204                 0.00000
JUMP
t                129.020 56437.3308898864773  5239.081                 0.00000
t                167.112 56437.3308879948222  3728.789                 0.00000
t                128.325 56464.9392454195076  3986.254                 0.00000
t                167.539 56464.9392390351188  3974.753                 0.00000
JUMP
