 GUPPI_GBNCC47810_56459    349.782  56459.5357979013799    0.00  459.07        1
C GUPPI_J2145+21_1_56821    865.129  56821.3641538112378    0.00 2753.24        1
C GUPPI_J2145+21_1_56821    770.501  56821.3641545371933    0.00 1734.08        1
 GUPPI_J2145+21_1_56821    864.900  56821.3646136639863    0.00  891.83        1
 GUPPI_J2145+21_1_56821    769.870  56821.3646143966047    0.00 1070.52        1
 GUPPI_J2145+21_1_56821    865.007  56821.3650734599639    0.00  954.59        1
 GUPPI_J2145+21_1_56821    769.882  56821.3650742049572    0.00  895.87        1
 GUPPI_J2145+21_57078_7    865.667  57078.8760419014872    0.00 1069.63        1
 GUPPI_J2145+21_57078_7    769.549  57078.8760426689922    0.00  885.88        1
C GUPPI_J2145+21_57101_7    863.957  57101.8262149466346    0.00 4041.53        1
C GUPPI_J2145+21_57101_7    770.088  57101.8262157063242    0.00 3446.32        1
 GUPPI_J2145+21_57101_7    864.373  57101.8272495376162    0.00 1264.12        1
 GUPPI_J2145+21_57101_7    769.638  57101.8272502854473    0.00 1148.27        1
 GUPPI_J2145+21_57101_7    864.237  57101.8282349817655    0.00 2357.95        1
 GUPPI_J2145+21_57101_7    769.674  57101.8282357298159    0.00 2198.47        1
 GUPPI_J2145+21_57131_6    864.132  57131.7259347682913    0.00  925.56        1
 GUPPI_J2145+21_57131_6    769.818  57131.7259354943245    0.00 1451.17        1
 GUPPI_J2145+21_57131_6    864.011  57131.7279053975507    0.00 2071.55        1
 GUPPI_J2145+21_57131_6    769.596  57131.7279062335556    0.00 2525.45        1
 GUPPI_J2145+21_57131_6    863.873  57131.7296462307326    0.00 1936.62        1
 GUPPI_J2145+21_57131_6    769.567  57131.7296469735731    0.00 2707.27        1
 GUPPI_J2145+21_57161_3    865.255  57161.4424863177038    0.00 1473.51        1
 GUPPI_J2145+21_57161_3    768.477  57161.4424871119816    0.00 1526.34        1
 GUPPI_J2145+21_57161_3    865.205  57161.4438822306180    0.00  601.08        1
 GUPPI_J2145+21_57161_3    768.734  57161.4438829935945    0.00  795.83        1
 GUPPI_J2145+21_57161_3    865.355  57161.4451467145786    0.00 1087.63        1
 GUPPI_J2145+21_57161_3    768.724  57161.4451474934727    0.00 1262.12        1
 GUPPI_J2145+21_57192_3    864.573  57192.3802301417319    0.00 2381.35        1
C GUPPI_J2145+21_57192_3    771.387  57192.3802236000235    0.00 3845.02        1
 GUPPI_J2145+21_57192_3    864.565  57192.3818887528981    0.00 1919.51        1
C GUPPI_J2145+21_57192_3    771.478  57192.3818934877429    0.00 4672.28        1
 GUPPI_J2145+21_57220_2    893.950  57220.2709465761646    0.00  916.68        1
 GUPPI_J2145+21_57220_2    843.754  57220.2709468929969    0.00 1333.65        1
 GUPPI_J2145+21_57220_2    793.449  57220.2709472742872    0.00 1586.25        1
 GUPPI_J2145+21_57220_2    745.565  57220.2709477648261    0.00 1429.78        1
 GUPPI_J2145+21_57249_3    895.039  57249.3510915058631    0.00 2035.58        1
 GUPPI_J2145+21_57249_3    843.844  57249.3510917787208    0.00  954.07        1
 GUPPI_J2145+21_57249_3    794.177  57249.3510921917499    0.00 1380.58        1
 GUPPI_J2145+21_57249_3    745.531  57249.3510926335765    0.00 1144.04        1
 GUPPI_J2145+21_57278_1    864.762  57278.1485152855874    0.00 1349.44        1
 GUPPI_J2145+21_57278_1    769.418  57278.1485160588992    0.00 1235.00        1
 GUPPI_J2145+21_57289_1    864.601  57289.2033199022503    0.00 1842.97        1
 GUPPI_J2145+21_57289_1    771.478  57289.2033206638249    0.00 1144.27        1
 GUPPI_J2145+21_57289_1    864.725  57289.2044695908839    0.00 1464.25        1
 GUPPI_J2145+21_57289_1    771.604  57289.2044703605329    0.00 1050.51        1
 GUPPI_J2145+21_57290_1    893.769  57290.1932162351001    0.00 2036.09        1
 GUPPI_J2145+21_57290_1    843.982  57290.1932165574341    0.00 1251.69        1
 GUPPI_J2145+21_57290_1    794.064  57290.1932169956661    0.00 2565.88        1
 GUPPI_J2145+21_57290_1    745.518  57290.1932174287126    0.00 2141.33        1
 GUPPI_J2145+21_57292_1    865.761  57292.1954321671099    0.00 2646.57        1
 GUPPI_J2145+21_57292_1    769.721  57292.1954329975179    0.00 1989.67        1
 GUPPI_J2145+21_57293_1    866.051  57293.1991453048186    0.00 2378.43        1
 GUPPI_J2145+21_57293_1    769.787  57293.1991460129836    0.00 2799.79        1
 GUPPI_J2145+21_57297_1    867.416  57297.1883388649543    0.00 1405.68        1
 GUPPI_J2145+21_57297_1    769.522  57297.1883396065180    0.00 1209.72        1
 GUPPI_J2145+21_57297_1    867.667  57297.1900305550379    0.00 2547.02        1
C GUPPI_J2145+21_57297_1    769.540  57297.1900368460445    0.00 5593.37        1
C GUPPI_J2145+21_57308_0    865.965  57308.0280501083690    0.00 4262.73        1
 GUPPI_J2145+21_57308_0    769.963  57308.0280509183985    0.00 1734.67        1
 GUPPI_J2145+21_57339_0    865.250  57339.1118821005822    0.00 1099.22        1
 GUPPI_J2145+21_57339_0    769.596  57339.1118829323506    0.00 1689.97        1
C GUPPI_J2145+21_57367_0    865.524  57367.0429501588275    0.00 3466.37        1
 GUPPI_J2145+21_57367_0    768.964  57367.0429508661798    0.00 1680.74        1
 GUPPI_J2145+21_57367_0    865.898  57367.0435907314298    0.00 1915.76        1
 GUPPI_J2145+21_57367_0    768.725  57367.0435915221177    0.00 1612.42        1
 GUPPI_J2145+21_57397_0    865.871  57397.0633004604771    0.00 1121.33        1
 GUPPI_J2145+21_57397_0    769.875  57397.0633012106234    0.00  891.05        1
 GUPPI_J2145+21_57397_0    866.083  57397.0647786757859    0.00 2148.67        1
 GUPPI_J2145+21_57397_0    769.551  57397.0647794228221    0.00 1970.18        1
