MODE 1
EFACS 2.1699570774556811
1                350.012 56838.4396807769140  2310.29
1                350.012 57447.6100950470178  3257.89
1                350.012 57475.5446925221713  1223.12
1                350.012 57479.4938616183414   644.96
1                350.012 57505.4425358537100  1718.47
1                350.012 57506.5174519994473   694.05
1                350.012 57537.3501728431734  1156.58
1                350.012 57539.3441536861282  1263.00
1                350.012 57541.3450237835187   792.34
1                350.012 57543.3353866026007   969.48
1                350.012 57543.5692105467724  1859.52
1                350.012 57544.3366788069122  1067.79
1                350.012 57571.3723266529498  3413.76
1                350.012 57606.2569672379624  1205.36
1                350.012 57637.1229188409357   294.46
1                350.012 57638.2065439755484   998.70
1                350.012 57665.9657572667716  2189.12
1                350.012 57699.9156103124803  2404.69
1                350.012 57756.7039777332936  1289.30
