MODE 1
TIME +0.00004096
1                387.498 56081.3902591175117  4059.632                 0.00000
1                362.519 56081.3902612314212  4275.914                 0.00000
1                337.497 56081.3902619480595  1547.398                 0.00000
1                312.513 56081.3902627933474  1065.410                 0.00000
1                387.503 56081.5188969747253  3828.174                 0.00000
1                362.519 56081.5188977828143  2060.777                 0.00000
1                337.510 56081.5188983974166  1283.395                 0.00000
1                312.471 56081.5188992793481  1404.521                 0.00000
1                387.498 56081.6616887175185  4096.503                 0.00000
1                362.532 56081.6616880014158  1969.493                 0.00000
1                337.503 56081.6616886181633  3591.656                 0.00000
1                312.510 56081.6616895719767  2253.925                 0.00000
1                387.498 56085.1980189327350  5064.442                 0.00000
1                362.519 56085.1980173223594  4651.904                 0.00000
1                337.510 56085.1980179543149  2400.766                 0.00000
1                312.505 56085.1980205629038  2914.546                 0.00000
1                387.498 56085.3196522321188  5201.718                 0.00000
1                362.510 56085.3196504529936  2061.124                 0.00000
1                337.510 56085.3196511080580  1781.389                 0.00000
1                312.503 56085.3196519090895  3969.023                 0.00000
1                387.502 56085.4449214205649  3958.149                 0.00000
1                362.519 56085.4449179296714  2492.106                 0.00000
1                337.510 56085.4449185642297  1388.625                 0.00000
1                312.510 56085.4449193610813  4781.559                 0.00000
1                387.498 56086.4023109455845  1407.090                 0.00000
1                362.519 56086.4023114934571  842.680                 0.00000
1                337.513 56086.4023121781905  522.577                 0.00000
1                312.507 56086.4023130069399  695.816                 0.00000
1                387.497 56086.5484478145489  1435.715                 0.00000
1                362.519 56086.5484483309998  1089.622                 0.00000
1                337.505 56086.5484490009872  765.424                 0.00000
1                312.490 56086.5484498364167  985.059                 0.00000
1                387.498 56089.3277370117773  1325.047                 0.00000
1                362.527 56089.3277375498136  810.873                 0.00000
1                337.510 56089.3277382126968  683.212                 0.00000
1                312.510 56089.3277390541511  976.148                 0.00000
TIME -0.00004096
TIME +0.00002048
1                894.999 56328.8625977480926  2595.555                 0.00000
1                845.076 56328.8625963846721  4503.944                 0.00000
1                795.048 56328.8625943871712  3430.918                 0.00000
1                745.048 56328.8625977542095  3122.491                 0.00000
1                894.999 56328.8632973524093  3232.244                 0.00000
1                845.076 56328.8632952288080  3699.811                 0.00000
1                795.048 56328.8632980058524  4800.419                 0.00000
1                745.048 56328.8632983431141  5618.688                 0.00000
1                894.999 56328.8637566622696  2851.125                 0.00000
1                845.076 56328.8637579972026  2853.510                 0.00000
1                795.048 56328.8637552601025  5244.780                 0.00000
1                745.048 56328.8637548611262  5191.583                 0.00000
1                894.881 56328.8682669837263  2147.172                 0.00000
1                845.072 56328.8682670104309  5233.841                 0.00000
1                795.048 56328.8682672531052  3939.060                 0.00000
1                745.048 56328.8682672830162  2219.779                 0.00000
1                894.881 56328.8689599576219  2320.234                 0.00000
1                845.072 56328.8689601017328  4094.455                 0.00000
1                795.048 56328.8689600816543  3565.106                 0.00000
1                745.048 56328.8689602616221  3209.881                 0.00000
1                894.881 56328.8694246328743  2684.447                 0.00000
1                845.072 56328.8694219851771  4830.894                 0.00000
1                795.048 56328.8694218030574  3282.132                 0.00000
1                745.048 56328.8694247252235  3130.168                 0.00000
1                886.364 56332.7332476366893  2141.253                 0.00000
1                844.913 56332.7332476740550  2005.507                 0.00000
1                795.048 56332.7332478076196  1093.628                 0.00000
1                745.048 56332.7332479423783  1550.571                 0.00000
1                886.364 56332.7339406728644  1900.732                 0.00000
1                844.913 56332.7339407465948  2227.042                 0.00000
1                795.048 56332.7339408451578  1173.036                 0.00000
1                745.048 56332.7339409161933  1461.543                 0.00000
1                886.364 56332.7346410740279  1486.779                 0.00000
1                844.913 56332.7346411853958  1757.035                 0.00000
1                795.048 56332.7346411979802  1284.448                 0.00000
1                745.048 56332.7346413677740  2166.006                 0.00000
1                886.364 56332.7352824831143  2099.410                 0.00000
1                844.913 56332.7352825681287  2061.495                 0.00000
1                795.048 56332.7352826091222  1715.821                 0.00000
1                745.048 56332.7352828011500  2263.128                 0.00000
1                894.999 56348.8023939873698  1850.413                 0.00000
1                845.048 56348.8023940398625  1239.303                 0.00000
1                795.048 56348.8023941055484  1702.178                 0.00000
1                745.048 56348.8023943434909  2795.493                 0.00000
1                894.999 56348.8030574976197  1448.531                 0.00000
1                845.048 56348.8030575507326  950.780                 0.00000
1                795.048 56348.8030576108316  2239.355                 0.00000
1                744.981 56348.8030578194643  2065.193                 0.00000
1                894.999 56348.8038247627477  2276.055                 0.00000
1                845.048 56348.8038242791276  999.668                 0.00000
1                795.048 56348.8038243794069  1504.680                 0.00000
1                744.880 56348.8038245232742  2700.512                 0.00000
1                894.999 56348.8043181510395  2950.104                 0.00000
1                845.048 56348.8043182461278  968.348                 0.00000
1                795.048 56348.8043182999222  1934.703                 0.00000
1                744.825 56348.8043184226517  2234.708                 0.00000
1                894.795 56365.7693913907651  4807.220                 0.00000
1                844.999 56365.7693886197571  1963.181                 0.00000
1                795.048 56365.7693886552607  3150.914                 0.00000
1                745.051 56365.7693888826310  2718.095                 0.00000
1                894.795 56365.7700887879320  7412.404                 0.00000
1                844.999 56365.7700889987958  2245.792                 0.00000
1                795.048 56365.7700891542133  2672.604                 0.00000
1                745.051 56365.7700892537702  2410.355                 0.00000
1                894.795 56365.7706017645700  6091.896                 0.00000
1                844.999 56365.7706050964761  2897.957                 0.00000
1                795.048 56365.7706051788362  6641.371                 0.00000
1                745.051 56365.7706053294849  2983.023                 0.00000
1                894.795 56365.7715016662525  3537.730                 0.00000
1                844.999 56365.7715044416953  2018.452                 0.00000
1                795.048 56365.7715040576451  4410.520                 0.00000
1                745.051 56365.7715046456421  4119.912                 0.00000
1                894.666 56389.6355152179417  3848.671                 0.00000
1                844.903 56389.6355152310937  3263.714                 0.00000
1                795.048 56389.6355153066578  2328.646                 0.00000
1                745.087 56389.6355154462488  1826.424                 0.00000
1                894.666 56389.6362081989206  2662.572                 0.00000
1                844.903 56389.6362081737973  2440.785                 0.00000
1                795.048 56389.6362083431244  1965.741                 0.00000
1                745.087 56389.6362084858642  2155.167                 0.00000
1                894.666 56389.6369084547063  3313.201                 0.00000
1                844.903 56389.6369085216565  3251.788                 0.00000
1                795.048 56389.6369086419526  2439.642                 0.00000
1                745.087 56389.6369087914641  2394.039                 0.00000
1                894.666 56389.6375498621284  3170.109                 0.00000
1                844.903 56389.6375498908781  2421.115                 0.00000
1                795.048 56389.6375500057749  2731.206                 0.00000
1                745.087 56389.6375501137190  2270.606                 0.00000
1                895.138 56406.6087284562025  2311.023                 0.00000
1                844.950 56406.6087285003963  2502.235                 0.00000
1                795.048 56406.6087285865760  2905.189                 0.00000
1                745.048 56406.6087287288485  1081.120                 0.00000
1                895.138 56406.6094287522243  3447.667                 0.00000
1                844.950 56406.6094288865585  2787.284                 0.00000
1                795.048 56406.6094290294352  2520.179                 0.00000
1                745.048 56406.6094290914856  1014.193                 0.00000
1                895.138 56406.6101256179272  3079.022                 0.00000
1                844.950 56406.6101291914275  1877.919                 0.00000
1                795.048 56406.6101292522275  2430.162                 0.00000
1                745.048 56406.6101293772633  1053.921                 0.00000
1                895.138 56406.6107704853862  4320.584                 0.00000
1                844.950 56406.6107705415355  2258.306                 0.00000
1                795.048 56406.6107705658692  3942.354                 0.00000
1                745.048 56406.6107707440852  1204.484                 0.00000
1                896.937 56426.5648289294532  2800.903                 0.00000
1                844.826 56426.5648263479262  1829.309                 0.00000
1                795.048 56426.5648264158556  3440.614                 0.00000
1                745.979 56426.5648265956633  3824.749                 0.00000
1                896.937 56426.5654711921038  3981.657                 0.00000
1                844.826 56426.5654751342704  3094.426                 0.00000
1                795.048 56426.5654751971727  3428.093                 0.00000
1                745.979 56426.5654753428776  4830.776                 0.00000
1                896.937 56426.5661951749530  3371.158                 0.00000
1                844.826 56426.5661975172281  3134.483                 0.00000
1                795.048 56426.5661975763023  5376.077                 0.00000
1                745.979 56426.5661977690724  4191.011                 0.00000
1                896.937 56426.5668681539367  2469.198                 0.00000
1                844.826 56426.5668654122661  10653.306                 0.00000
1                795.048 56426.5668648023234  7031.806                 0.00000
1                745.979 56426.5668685954654  2767.196                 0.00000
1                898.475 56451.4796142679264  1658.035                 0.00000
1                844.390 56451.4796143812364  712.348                 0.00000
1                795.048 56451.4796144875476  635.065                 0.00000
1                745.048 56451.4796155504039  2872.937                 0.00000
1                898.475 56451.4803072143068  1153.681                 0.00000
1                844.390 56451.4803073249468  582.089                 0.00000
1                795.048 56451.4803074404839  626.310                 0.00000
1                745.048 56451.4803075349380  2050.528                 0.00000
1                898.475 56451.4810075436055  1547.161                 0.00000
1                844.390 56451.4810076222694  1346.878                 0.00000
1                795.048 56451.4810077278967  917.661                 0.00000
1                745.048 56451.4810038957168  3521.099                 0.00000
1                898.475 56451.4816488463083  1951.929                 0.00000
1                844.390 56451.4816489657113  953.049                 0.00000
1                795.048 56451.4816490739613  783.680                 0.00000
1                745.048 56451.4816492559961  2252.604                 0.00000
1                897.875 56472.4044338924802  2474.168                 0.00000
1                845.022 56472.4044339508564  1561.267                 0.00000
1                795.048 56472.4044340768704  890.454                 0.00000
1                745.876 56472.4044341728848  2940.961                 0.00000
1                897.875 56472.4051322397642  3158.921                 0.00000
1                845.022 56472.4051342599898  2054.330                 0.00000
1                795.048 56472.4051343901289  1254.059                 0.00000
1                745.876 56472.4051344866795  2769.471                 0.00000
1                897.875 56472.4058344644581  2259.486                 0.00000
1                845.022 56472.4058345883545  1561.440                 0.00000
1                795.048 56472.4058346796522  876.338                 0.00000
1                745.876 56472.4058347945772  2439.374                 0.00000
1                897.875 56472.4064906117836  2302.407                 0.00000
1                845.022 56472.4064906720481  2313.616                 0.00000
1                795.048 56472.4064907926973  922.890                 0.00000
1                745.876 56472.4064909184673  1523.317                 0.00000
1                895.005 56494.4109839128292  5457.884                 0.00000
1                845.024 56494.4109817986308  8529.098                 0.00000
1                795.048 56494.4109835120481  5920.129                 0.00000
1                745.048 56494.4109821033599  7974.007                 0.00000
1                895.005 56494.4116827758203  5409.007                 0.00000
1                845.024 56494.4116822569556  3692.464                 0.00000
1                795.048 56494.4116824770812  5593.255                 0.00000
1                745.048 56494.4116825325927  2843.349                 0.00000
1                895.005 56494.4123822702455  6668.158                 0.00000
1                845.024 56494.4123825220251  5166.947                 0.00000
1                795.048 56494.4123842579765  3364.968                 0.00000
1                745.048 56494.4123840890836  7894.590                 0.00000
1                895.005 56494.4130237302974  5581.720                 0.00000
1                845.024 56494.4130238832339  2949.761                 0.00000
1                795.048 56494.4130238564029  5759.513                 0.00000
1                745.048 56494.4130208988602  4225.742                 0.00000
1                896.512 56520.2354801867334  471.552                 0.00000
1                844.981 56520.2354802672835  539.409                 0.00000
1                795.048 56520.2354803561768  2241.565                 0.00000
1                745.048 56520.2354804596005  1335.642                 0.00000
1                896.512 56520.2361805251108  521.291                 0.00000
1                844.981 56520.2361806085849  456.599                 0.00000
1                795.048 56520.2361807058260  2236.725                 0.00000
1                745.048 56520.2361808591110  1550.477                 0.00000
1                896.512 56520.2368734830785  569.168                 0.00000
1                844.981 56520.2368735568632  475.504                 0.00000
1                795.048 56520.2368736941104  1938.615                 0.00000
1                745.048 56520.2368737600600  1435.196                 0.00000
1                896.512 56520.2375222172915  553.109                 0.00000
1                844.981 56520.2375222941498  407.933                 0.00000
1                795.048 56520.2375223569401  2907.271                 0.00000
1                745.048 56520.2375224841190  1137.354                 0.00000
1                895.474 56537.2597732143314  3731.613                 0.00000
1                845.024 56537.2597732533210  2133.558                 0.00000
1                795.048 56537.2597734494374  3828.847                 0.00000
1                745.048 56537.2597735543568  4323.806                 0.00000
1                895.474 56537.2604808891159  3594.416                 0.00000
1                845.024 56537.2604810275510  4625.234                 0.00000
1                795.048 56537.2604810268611  3940.856                 0.00000
1                745.048 56537.2604813022011  2078.738                 0.00000
1                895.474 56537.2611792765386  3963.828                 0.00000
1                845.024 56537.2611813249622  2328.497                 0.00000
1                795.048 56537.2611795529363  6788.539                 0.00000
1                745.048 56537.2611816472173  2065.410                 0.00000
1                895.474 56537.2615829939541  2436.766                 0.00000
1                845.024 56537.2615795880732  4481.960                 0.00000
1                795.048 56537.2615796506922  5349.034                 0.00000
1                745.048 56537.2615816776689  2546.817                 0.00000
1                895.556 56538.2435329862088  7263.808                 0.00000
1                845.024 56538.2435361479149  3990.167                 0.00000
1                795.048 56538.2435311525833  3481.434                 0.00000
1                745.048 56538.2435333448245  3481.994                 0.00000
1                895.556 56538.2441972300990  6441.640                 0.00000
1                845.024 56538.2441966250863  6691.666                 0.00000
1                795.048 56538.2441966380681  3214.982                 0.00000
1                745.048 56538.2441972305122  3956.954                 0.00000
1                895.556 56538.2449863841971  14149.764                 0.00000
1                845.024 56538.2449829595988  4889.220                 0.00000
1                795.048 56538.2449851935143  3212.136                 0.00000
1                745.048 56538.2449857058024  2326.391                 0.00000
1                903.262 56539.2916706061156  4207.336                 0.00000
1                842.589 56539.2916670397119  2754.552                 0.00000
1                795.048 56539.2916671817048  2911.926                 0.00000
1                745.048 56539.2916673558822  2109.116                 0.00000
1                903.262 56539.2923695808940  2422.262                 0.00000
1                842.589 56539.2923675048895  2990.287                 0.00000
1                795.048 56539.2923676076672  3523.759                 0.00000
1                745.048 56539.2923677112249  2193.365                 0.00000
1                903.262 56539.2930113116082  4533.256                 0.00000
1                842.589 56539.2930088337746  4499.218                 0.00000
1                795.048 56539.2930089233568  5532.173                 0.00000
1                745.048 56539.2930104321194  6286.862                 0.00000
1                895.441 56543.2269795322335  3893.323                 0.00000
1                845.026 56543.2269796569666  4600.614                 0.00000
1                795.048 56543.2269798092246  2241.139                 0.00000
1                745.048 56543.2269771474184  4198.333                 0.00000
1                895.441 56543.2276798613554  4149.248                 0.00000
1                845.026 56543.2276799863547  3912.447                 0.00000
1                795.048 56543.2276801027209  3006.286                 0.00000
1                745.048 56543.2276802392041  3937.020                 0.00000
1                895.441 56543.2283802095456  4217.204                 0.00000
1                845.026 56543.2283804428137  6867.559                 0.00000
1                795.048 56543.2283805398701  2087.424                 0.00000
1                745.048 56543.2283805875875  3490.818                 0.00000
1                895.441 56543.2287784317350  3407.021                 0.00000
1                845.026 56543.2287774190906  3448.713                 0.00000
1                795.048 56543.2287769011143  5970.853                 0.00000
1                745.048 56543.2287792261835  3880.568                 0.00000
1                897.534 56546.2375497305771  5294.713                 0.00000
1                845.048 56546.2375465946694  5162.509                 0.00000
1                795.048 56546.2375448677942  3513.683                 0.00000
1                745.852 56546.2375467361362  2644.054                 0.00000
1                897.534 56546.2382469113457  4711.939                 0.00000
1                845.048 56546.2382435461572  3781.434                 0.00000
1                795.048 56546.2382505014423  6442.513                 0.00000
1                745.852 56546.2382472609008  2840.317                 0.00000
1                897.534 56546.2389498445545  3045.056                 0.00000
1                845.048 56546.2389474996506  4206.857                 0.00000
1                795.048 56546.2389475949666  3528.534                 0.00000
1                745.852 56546.2389475824824  2339.785                 0.00000
1                896.670 56551.1909865115967  4464.210                 0.00000
1                844.909 56551.1909888066256  3048.955                 0.00000
1                795.048 56551.1909889930607  2584.348                 0.00000
1                745.914 56551.1909890374917  2142.927                 0.00000
1                896.670 56551.1917509779262  3265.713                 0.00000
1                844.909 56551.1917482707023  6265.950                 0.00000
1                795.048 56551.1917483045769  3804.717                 0.00000
1                745.914 56551.1917484289847  2990.166                 0.00000
1                896.670 56551.1923895339137  4097.383                 0.00000
1                844.909 56551.1923895785623  2886.240                 0.00000
1                795.048 56551.1923896982727  4284.613                 0.00000
1                745.914 56551.1923898213908  2466.099                 0.00000
1                896.670 56551.1930335450842  4253.439                 0.00000
1                844.909 56551.1930274271265  5230.433                 0.00000
1                795.048 56551.1930311066874  2842.067                 0.00000
1                745.914 56551.1930312141084  3092.644                 0.00000
1                895.013 56555.2039914057620  3320.948                 0.00000
1                845.024 56555.2039910084070  6235.575                 0.00000
1                795.048 56555.2039910725747  2866.392                 0.00000
1                745.049 56555.2039912760893  1407.971                 0.00000
1                895.013 56555.2046901274455  3546.406                 0.00000
1                845.024 56555.2046914025308  4545.247                 0.00000
1                795.048 56555.2046914384153  3279.292                 0.00000
1                745.049 56555.2046916686290  1829.170                 0.00000
1                895.013 56555.2053934698626  4500.519                 0.00000
1                845.024 56555.2053937735731  4057.070                 0.00000
1                795.048 56555.2053929975692  10298.134                 0.00000
1                745.049 56555.2053920197194  1682.598                 0.00000
1                895.013 56555.2057975069090  4091.097                 0.00000
1                845.024 56555.2057974215078  5767.123                 0.00000
1                795.048 56555.2057944877886  6115.203                 0.00000
1                745.049 56555.2057974821764  2858.216                 0.00000
1                895.020 56586.1637598849336  5837.794                 0.00000
1                845.024 56586.1637634597836  3782.120                 0.00000
1                795.048 56586.1637634575838  2101.699                 0.00000
1                745.048 56586.1637597699521  2197.899                 0.00000
1                895.020 56586.1644659052257  3416.244                 0.00000
1                845.024 56586.1644604839636  3263.815                 0.00000
1                795.048 56586.1644639117316  2054.184                 0.00000
1                745.048 56586.1644664962029  3751.960                 0.00000
1                895.020 56586.1651594025180  2142.200                 0.00000
1                845.024 56586.1651594243144  1579.659                 0.00000
1                795.048 56586.1651555688208  2359.675                 0.00000
1                745.048 56586.1651594419249  1586.428                 0.00000
1                895.020 56586.1657996506751  2325.820                 0.00000
1                845.024 56586.1657996348591  2432.132                 0.00000
1                795.048 56586.1657975803165  2747.945                 0.00000
1                745.048 56586.1657988328000  3444.624                 0.00000
1                895.037 56608.0665433787648  2184.085                 0.00000
1                845.004 56608.0665434771961  1712.549                 0.00000
1                795.048 56608.0665434758106  2376.369                 0.00000
1                745.052 56608.0665435742015  3890.729                 0.00000
1                895.037 56608.0672437848382  2456.862                 0.00000
1                845.004 56608.0672438840831  1686.609                 0.00000
1                795.048 56608.0672439176322  3762.948                 0.00000
1                745.052 56608.0672458816840  2450.086                 0.00000
1                895.037 56608.0679441753486  2096.967                 0.00000
1                845.004 56608.0679442489442  1841.492                 0.00000
1                795.048 56608.0679460784461  2310.505                 0.00000
1                745.052 56608.0679462623771  4325.350                 0.00000
1                895.037 56608.0685856205882  2907.123                 0.00000
1                845.004 56608.0685856506257  3355.252                 0.00000
1                795.048 56608.0685856948380  3359.507                 0.00000
1                745.052 56608.0685849620557  1792.943                 0.00000
1                894.995 56637.9643296953806  3068.284                 0.00000
1                844.973 56637.9643297321310  2175.101                 0.00000
1                795.048 56637.9643299573950  3684.574                 0.00000
1                745.052 56637.9643299767282  2040.704                 0.00000
1                894.995 56637.9650300562137  4369.523                 0.00000
1                844.973 56637.9650301286665  2169.118                 0.00000
1                795.048 56637.9650278443350  5339.554                 0.00000
1                745.052 56637.9650303955895  2846.473                 0.00000
1                894.995 56637.9657304174649  2053.606                 0.00000
1                844.973 56637.9657304997533  3463.244                 0.00000
1                795.048 56637.9657296698008  3864.241                 0.00000
1                745.052 56637.9657307366304  2692.633                 0.00000
1                894.995 56637.9663718488733  2640.231                 0.00000
1                844.973 56637.9663720169215  3316.653                 0.00000
1                795.048 56637.9663720762502  2684.345                 0.00000
1                745.052 56637.9663722632604  2153.348                 0.00000
1                894.999 56670.8970078957743  6535.079                 0.00000
1                845.026 56670.8970111409898  3979.334                 0.00000
1                795.048 56670.8970079399258  2506.891                 0.00000
1                745.047 56670.8970113218585  2963.703                 0.00000
1                894.999 56670.8976155376299  2677.212                 0.00000
1                845.026 56670.8976156659013  3226.883                 0.00000
1                795.048 56670.8976158165993  5428.411                 0.00000
1                745.047 56670.8976157928572  12461.177                 0.00000
1                894.999 56670.8983454036277  3923.564                 0.00000
1                845.026 56670.8983454477529  2951.960                 0.00000
1                795.048 56670.8983488817628  2014.144                 0.00000
1                745.047 56670.8983488836357  1498.294                 0.00000
1                894.999 56670.8989868344033  2781.249                 0.00000
1                845.026 56670.8989869798494  2411.440                 0.00000
1                795.048 56670.8989890321229  3334.919                 0.00000
1                745.047 56670.8989871941540  3446.027                 0.00000
TIME -0.00002048
