SKIP
1                820.049 56549.1351736433062  4424.20
1                820.049 56549.1352340687917  5282.04
NOSKIP
1                820.049 56565.0828250286451  4482.73
1                820.049 56565.0833253823304  4481.46
1                820.049 56565.0838257486280  3765.47
1                820.049 56565.0843176374894  4010.11
1                820.049 56569.0814217776290  3941.33
1                820.049 56569.0819221903974  4879.30
1                820.049 56569.0824226429580  3738.33
1                820.049 56569.0829142625124  6514.56
1                820.049 56598.7714557430674  4999.12
1                820.049 56598.7719561795516  3424.22
1                820.049 56598.7724565394031  3769.04
1                820.049 56598.7729482596362  4172.83
1                820.049 56599.2225722148602  3618.11
1                820.049 56599.2230725837383  3735.04
1                820.049 56599.2235730371061  2245.46
1                820.049 56599.2240647614619  2729.90
1                820.049 56600.8577531603832  3497.86
1                820.049 56600.8582535655932  3307.82
1                820.049 56600.8587539222189  3890.78
1                820.049 56600.8592457299810  2693.05
1                820.049 56602.9545705340086  3841.29
1                820.049 56602.9550709701994  3957.26
1                820.049 56602.9555713160583  4029.53
1                820.049 56602.9560631191597  4405.84
1                820.049 56605.8834702864919  3575.77
1                820.049 56605.8839706627240  3633.60
1                820.049 56605.8844711266422  5061.10
1                820.049 56605.8849628653916  3735.94
1                820.049 56607.9026913664718  4114.33
1                820.049 56607.9031917571039  3330.22
1                820.049 56607.9036921206650  2582.96
1                820.049 56607.9041838648488  3046.26
1                820.049 56617.9590274378940  2853.33
1                820.049 56617.9595278725178  4006.78
1                820.049 56617.9600281924055  5975.83
1                820.049 56617.9605200106344  3755.32
1                820.049 56626.9324135830020  6962.01
1                820.049 56626.9329139913008  3060.34
1                820.049 56626.9334143860077  3068.10
1                820.049 56626.9339061178545  4785.52
END
1                820.049 56670.7499503468658  3326.35
1                820.049 56670.7504507859416  4081.57
1                820.049 56670.7509511618639  3522.25
1                820.049 56670.7514429723794  2937.93
1                820.049 56703.7350713606773  2102.26
1                820.049 56703.7355717001213  2440.48
1                820.049 56703.7360720689377  8087.87
1                820.049 56703.7365638365339  3190.12
1                820.049 56725.4708792035954  3674.43
1                820.049 56725.4713796087165  3615.02
1                820.049 56725.4718800082402  4463.10
1                820.049 56725.4723717163825  2756.96
1                820.049 56761.5451475431897  3866.55
1                820.049 56761.5456480346951  3815.03
1                820.049 56761.5461482597159  5651.57
1                820.049 56761.5466399568133  4508.05
1                820.049 56791.4241194405177  4102.34
1                820.049 56791.4246197117810  4165.41
1                820.049 56791.4251202047566  2924.33
1                820.049 56791.4256118518598  7807.78
