MODE 1
 GUPPI_J2210+57_5_57072    867.451  57072.5752028052808    0.00  690.22        1
 GUPPI_J2210+57_5_57072    769.530  57072.5751823949887    0.00  704.65        1
 GUPPI_J2210+57_5_57072    867.220  57072.5762009171466    0.00 1146.90        1
 GUPPI_J2210+57_5_57072    769.556  57072.5761804956014    0.00 1105.62        1
 GUPPI_J2210+57_57079_3    865.174  57079.4101092110814    0.00 1421.78        1
 GUPPI_J2210+57_57079_3    769.434  57079.4100887041283    0.00 1587.54        1
 GUPPI_J2210+57_57079_3    864.858  57079.4118202012123    0.00  801.42        1
 GUPPI_J2210+57_57079_3    769.425  57079.4117997170747    0.00  840.62        1
 GUPPI_J2210+57_57100_3    866.870  57100.3541073964678    0.00 1320.51        1
 GUPPI_J2210+57_57100_3    769.448  57100.3540869485722    0.00  895.59        1
 GUPPI_J2210+57_57100_3    866.790  57100.3555094768817    0.00  745.86        1
 GUPPI_J2210+57_57100_3    769.457  57100.3554890294547    0.00  583.28        1
 GUPPI_J2210+57_57100_3    866.298  57100.3773957704275    0.00 1084.75        1
 GUPPI_J2210+57_57100_3    769.446  57100.3773753096544    0.00  764.55        1
 GUPPI_J2210+57_57100_3    867.213  57100.3792018098636    0.00 1247.91        1
 GUPPI_J2210+57_57100_3    769.507  57100.3791813385407    0.00 1236.78        1
 GUPPI_J2210+57_57130_2    865.318  57130.3146714938544    0.00 1843.20        1
 GUPPI_J2210+57_57130_2    769.824  57130.3146509666858    0.00 1559.92        1
 GUPPI_J2210+57_57130_2    865.114  57130.3165963006656    0.00  886.25        1
 GUPPI_J2210+57_57130_2    769.871  57130.3165758030907    0.00  801.49        1
 GUPPI_J2210+57_57163_2    865.762  57163.2353395260864    0.00  846.03        1
 GUPPI_J2210+57_57163_2    769.568  57163.2353190494454    0.00  783.60        1
 GUPPI_J2210+57_57163_2    865.912  57163.2364326116127    0.00 1109.08        1
 GUPPI_J2210+57_57163_2    769.589  57163.2364121227920    0.00 1224.10        1
 GUPPI_J2210+57_57193_1    866.016  57193.2178845179278    0.00  540.17        1
 GUPPI_J2210+57_57193_1    771.410  57193.2178639739613    0.00  608.92        1
 GUPPI_J2210+57_57193_1    865.928  57193.2199993506921    0.00 1195.53        1
 GUPPI_J2210+57_57193_1    771.533  57193.2199787934603    0.00 1040.02        1
C GUPPI_J2210+57_57223_0    864.801  57223.0294653806418    0.00 2584.00        1
C GUPPI_J2210+57_57223_0    769.753  57223.0294448621719    0.00 2705.56        1
 GUPPI_J2210+57_57223_0    865.067  57223.0311762605316    0.00 1407.71        1
 GUPPI_J2210+57_57223_0    768.761  57223.0311558188699    0.00 1415.94        1
 GUPPI_J2210+57_57248_8    864.927  57248.9965602463788    0.00  768.44        1
 GUPPI_J2210+57_57248_8    769.897  57248.9965397368684    0.00  921.13        1
 GUPPI_J2210+57_57248_8    865.009  57248.9978196322665    0.00 1767.46        1
 GUPPI_J2210+57_57248_8    770.231  57248.9977990961211    0.00 2112.48        1
 GUPPI_J2210+57_57278_7    865.221  57278.8526072138387    0.00 1151.30        1
 GUPPI_J2210+57_57278_7    769.493  57278.8525867097025    0.00  983.34        1
C GUPPI_J2210+57_57278_7    865.201  57278.8537002726754    0.00 3813.39        1
 GUPPI_J2210+57_57278_7    769.261  57278.8536798145245    0.00 1581.13        1
 GUPPI_J2210+57_57289_1    864.855  57289.2200818467232    0.00 1013.99        1
 GUPPI_J2210+57_57289_1    772.353  57289.2200612392487    0.00  895.21        1
 GUPPI_J2210+57_57289_1    864.147  57289.2223393548441    0.00  868.90        1
C GUPPI_J2210+57_57289_1    772.574  57289.2223186809696    0.00  667.17        1
 GUPPI_J2210+57_57290_1    866.703  57290.2096499273357    0.00  661.12        1
 GUPPI_J2210+57_57290_1    769.648  57290.2096294623517    0.00  598.78        1
 GUPPI_J2210+57_57290_1    866.642  57290.2112658282029    0.00  702.58        1
 GUPPI_J2210+57_57290_1    769.630  57290.2112453601249    0.00  645.14        1
 GUPPI_J2210+57_57292_1    866.725  57292.2169004772148    0.00  786.94        1
 GUPPI_J2210+57_57292_1    769.669  57292.2168800059449    0.00  747.56        1
 GUPPI_J2210+57_57292_1    866.753  57292.2193243199146    0.00  858.79        1
 GUPPI_J2210+57_57292_1    769.675  57292.2193038675393    0.00  833.40        1
C GUPPI_J2210+57_57293_1    866.612  57293.2221071764824    0.00  889.76        1
 GUPPI_J2210+57_57293_1    769.864  57293.2220867250852    0.00  918.53        1
 GUPPI_J2210+57_57293_1    866.769  57293.2241508380577    0.00  757.42        1
 GUPPI_J2210+57_57293_1    769.920  57293.2241303694029    0.00  643.82        1
 GUPPI_J2210+57_57297_1    867.625  57297.2115037399767    0.00  656.08        1
 GUPPI_J2210+57_57297_1    769.619  57297.2114833269351    0.00  551.36        1
 GUPPI_J2210+57_57297_1    867.603  57297.2134761010564    0.00  727.31        1
 GUPPI_J2210+57_57297_1    769.577  57297.2134556738095    0.00  764.78        1
 GUPPI_J2210+57_57307_1    866.631  57307.1837584144611    0.00  784.59        1
 GUPPI_J2210+57_57307_1    771.898  57307.1837378672113    0.00  574.53        1
 GUPPI_J2210+57_57307_1    866.930  57307.1854456043386    0.00 1591.17        1
 GUPPI_J2210+57_57307_1    771.495  57307.1854250689372    0.00 1975.55        1
 GUPPI_J2210+57_57307_6    865.934  57307.7791289362298    0.00 1334.30        1
 GUPPI_J2210+57_57307_6    769.650  57307.7791084564652    0.00  991.67        1
 GUPPI_J2210+57_57307_6    866.705  57307.7813864176697    0.00 1018.51        1
 GUPPI_J2210+57_57307_6    769.640  57307.7813659669067    0.00  862.67        1
 GUPPI_J2210+57_57340_6    865.667  57340.6983678277853    0.00 1504.19        1
 GUPPI_J2210+57_57340_6    769.655  57340.6983473467723    0.00 1214.55        1
 GUPPI_J2210+57_57340_6    865.732  57340.7002214113733    0.00 1616.37        1
 GUPPI_J2210+57_57340_6    769.651  57340.7002009251698    0.00 1216.41        1
 GUPPI_J2210+57_57369_5    866.480  57369.6661803896752    0.00 1032.66        1
 GUPPI_J2210+57_57369_5    776.688  57369.6661596263610    0.00 1278.86        1
 GUPPI_J2210+57_57369_5    866.838  57369.6681765814115    0.00 1334.10        1
 GUPPI_J2210+57_57369_5    776.457  57369.6681558546474    0.00  920.49        1
 GUPPI_J2210+57_57399_5    866.807  57399.6465472221163    0.00 1555.83        1
C GUPPI_J2210+57_57399_5    767.439  57399.6465267880285    0.00 2425.04        1
 GUPPI_J2210+57_57399_5    866.772  57399.6479017941566    0.00 1024.39        1
 GUPPI_J2210+57_57399_5    767.639  57399.6478814368223    0.00 1133.70        1
