MODE 1
1                819.367 56329.8510859413310  4306.483                 0.00000
1                895.334 56329.8585552648192  1745.185                 0.00000
1                844.583 56329.8585566368099  3727.012                 0.00000
1                794.703 56329.8585583669651  1821.121                 0.00000
1                745.297 56329.8585603731727  1682.802                 0.00000
1                895.301 56329.8592563628212  2052.296                 0.00000
1                844.759 56329.8592577838418  2746.145                 0.00000
1                794.700 56329.8592595013660  2221.308                 0.00000
1                745.248 56329.8592615243318  2387.155                 0.00000
1                869.548 56329.8604183052362  2287.253                 0.00000
1                769.754 56329.8604216879206  1864.467                 0.00000
1                869.729 56329.8611194707615  3009.543                 0.00000
1                769.740 56329.8611228094924  2666.851                 0.00000
1                895.201 56332.7597586690108  2318.546                 0.00000
1                844.642 56332.7597601673562  3345.948                 0.00000
1                794.653 56332.7597618141333  2618.292                 0.00000
1                745.341 56332.7597638277519  1908.502                 0.00000
1                895.072 56332.7604816850537  2279.687                 0.00000
1                844.793 56332.7604831228512  2203.143                 0.00000
1                794.703 56332.7604848028547  1844.466                 0.00000
1                745.341 56332.7604868285686  1437.019                 0.00000
1                895.009 56332.7611828494366  1509.321                 0.00000
1                844.775 56332.7611842852656  1828.867                 0.00000
1                794.703 56332.7611859877145  2244.223                 0.00000
1                745.292 56332.7611879818324  1944.217                 0.00000
1                895.145 56348.8322067671230  3624.606                 0.00000
1                844.665 56348.8322082431914  1810.093                 0.00000
1                794.700 56348.8322098985144  2318.380                 0.00000
1                745.156 56348.8322119397007  1615.120                 0.00000
1                895.066 56348.8329079532324  1825.661                 0.00000
1                844.798 56348.8329093569106  1519.417                 0.00000
1                794.744 56348.8329110503542  1857.675                 0.00000
1                745.155 56348.8329130441359  1633.744                 0.00000
1                895.056 56348.8335871461119  2098.444                 0.00000
1                844.742 56348.8335885822269  2413.652                 0.00000
1                794.709 56348.8335902532976  2017.781                 0.00000
1                745.197 56348.8335923164129  2379.179                 0.00000
1                894.916 56365.7985918257923  1443.527                 0.00000
1                844.764 56365.7985932192681  1716.417                 0.00000
1                794.773 56365.7985949209052  1516.840                 0.00000
1                745.199 56365.7985969625462  1402.601                 0.00000
1                894.767 56365.7992929573654  1658.247                 0.00000
1                844.858 56365.7992943899483  1593.705                 0.00000
1                794.773 56365.7992960903946  2568.788                 0.00000
1                745.195 56365.7992981179380  2583.015                 0.00000
1                895.012 56365.7999721990814  2858.775                 0.00000
1                844.777 56365.7999735985252  1769.413                 0.00000
1                794.751 56365.7999752846468  1753.283                 0.00000
1                745.195 56365.7999772925262  1166.111                 0.00000
1                895.180 56389.6650956846546  1654.450                 0.00000
1                844.748 56389.6650971014823  1468.704                 0.00000
1                794.701 56389.6650988427144  3271.576                 0.00000
1                745.292 56389.6651008487511  2010.882                 0.00000
1                895.141 56389.6657967754266  2011.434                 0.00000
1                844.666 56389.6657982241882  1823.972                 0.00000
1                794.701 56389.6657999245244  1620.880                 0.00000
1                745.301 56389.6658019724618  2104.989                 0.00000
1                895.047 56389.6664760096934  1859.096                 0.00000
1                844.748 56389.6664774410929  1424.095                 0.00000
1                794.701 56389.6664791228323  1287.809                 0.00000
1                745.297 56389.6664811347908  1548.834                 0.00000
1                819.414 56406.6381470592873  866.701                 0.00000
1                819.459 56406.6388262307807  1622.952                 0.00000
1                819.309 56406.6395273602400  1050.872                 0.00000
1                895.963 56426.5940399224360  2033.897                 0.00000
1                844.763 56426.5940413663056  2417.394                 0.00000
1                794.810 56426.5940430309471  2786.125                 0.00000
1                746.007 56426.5940450167758  2285.990                 0.00000
1                895.874 56426.5947410412219  1755.376                 0.00000
1                845.849 56426.5947424144856  2417.233                 0.00000
1                794.850 56426.5947441726081  1635.732                 0.00000
1                745.996 56426.5947461568659  2218.962                 0.00000
1                895.933 56426.5954201908730  2488.578                 0.00000
1                844.817 56426.5954216111288  1798.688                 0.00000
1                794.845 56426.5954233208371  1695.762                 0.00000
1                745.899 56426.5954253650597  2952.038                 0.00000
1                818.192 56451.5093031858827  1158.595                 0.00000
1                818.225 56451.5100042246242  1734.508                 0.00000
1                818.043 56451.5107272138766  1408.186                 0.00000
1                895.120 56472.4343398996043  3198.113                 0.00000
1                844.811 56472.4343413087393  1730.693                 0.00000
1                794.769 56472.4343429775184  2385.567                 0.00000
1                745.195 56472.4343450275294  1642.432                 0.00000
1                895.259 56472.4350409096566  2017.054                 0.00000
1                844.773 56472.4350423321353  1760.143                 0.00000
1                794.769 56472.4350440244920  1474.446                 0.00000
1                745.146 56472.4350460637176  2914.521                 0.00000
1                895.183 56472.4357419661748  2645.344                 0.00000
1                844.677 56472.4357434621827  1798.853                 0.00000
1                794.769 56472.4357451228137  1543.820                 0.00000
1                745.195 56472.4357471618592  2190.092                 0.00000
1                895.384 56494.4407185433820  2728.215                 0.00000
1                844.776 56494.4407200003946  1644.165                 0.00000
1                794.809 56494.4407217203612  2239.951                 0.00000
1                745.209 56494.4407237280634  1516.119                 0.00000
1                895.776 56494.4414196274174  2332.549                 0.00000
1                844.855 56494.4414210592772  2602.771                 0.00000
1                794.809 56494.4414227734431  2095.247                 0.00000
1                745.209 56494.4414247912338  1843.767                 0.00000
1                895.440 56494.4420987386610  3369.172                 0.00000
1                844.962 56494.4421002242053  1728.002                 0.00000
1                794.809 56494.4421019548951  2447.065                 0.00000
1                745.207 56494.4421039226083  1737.327                 0.00000
1                895.288 56520.2634993048142  3085.698                 0.00000
1                844.927 56520.2635007930506  2550.921                 0.00000
1                794.712 56520.2635024331034  1457.842                 0.00000
1                745.262 56520.2635044424369  1921.731                 0.00000
1                895.171 56520.2642004230630  1925.050                 0.00000
1                844.852 56520.2642018244490  4212.895                 0.00000
1                794.712 56520.2642034960418  1402.151                 0.00000
1                745.219 56520.2642055386919  2447.772                 0.00000
1                895.170 56520.2649014438493  1882.710                 0.00000
1                844.899 56520.2649028862010  2011.143                 0.00000
1                794.712 56520.2649045649117  3240.214                 0.00000
1                745.282 56520.2649066026154  2128.776                 0.00000
1                895.096 56537.2885278555759  1545.919                 0.00000
1                844.768 56537.2885293353915  1556.325                 0.00000
1                794.755 56537.2885309770194  1531.592                 0.00000
1                745.229 56537.2885330394232  2173.282                 0.00000
1                895.053 56537.2892070573303  1946.118                 0.00000
1                844.732 56537.2892085102387  2077.033                 0.00000
1                794.755 56537.2892101886127  1736.287                 0.00000
1                745.195 56537.2892122161622  1764.719                 0.00000
1                895.102 56537.2899081010478  1473.235                 0.00000
1                844.716 56537.2899095816654  1968.271                 0.00000
1                794.755 56537.2899112303168  2004.810                 0.00000
1                745.195 56537.2899132486451  2241.866                 0.00000
1                869.811 56538.2712920964921  1132.417                 0.00000
1                769.684 56538.2712954735230  1480.625                 0.00000
1                870.340 56538.2719931487462  1883.714                 0.00000
1                769.189 56538.2719965996014  1588.166                 0.00000
1                870.514 56538.2726942909831  2386.414                 0.00000
1                769.176 56538.2726976866037  1177.750                 0.00000
1                870.367 56539.2594457280650  4114.773                 0.00000
1                769.741 56539.2594491412535  2492.744                 0.00000
1                870.387 56539.2601467979189  1599.141                 0.00000
1                769.747 56539.2601502038177  1665.385                 0.00000
1                870.296 56539.2608479097806  1765.566                 0.00000
1                769.721 56539.2608512895011  1300.193                 0.00000
1                895.099 56543.2545021493161  2519.140                 0.00000
1                844.822 56543.2545035731755  3264.175                 0.00000
1                794.656 56543.2545052766188  2004.645                 0.00000
1                745.292 56543.2545072328386  1632.110                 0.00000
1                895.147 56543.2552032510345  1832.290                 0.00000
1                844.700 56543.2552046651745  1704.973                 0.00000
1                794.656 56543.2552063668171  2489.740                 0.00000
1                745.292 56543.2552083237471  2016.136                 0.00000
1                895.127 56543.2559042857677  1571.395                 0.00000
1                844.705 56543.2559057126484  1604.823                 0.00000
1                794.707 56543.2559074002258  2253.146                 0.00000
1                745.195 56543.2559094520600  1248.742                 0.00000
1                869.742 56543.2876290288125  1500.853                 0.00000
1                769.679 56543.2876324477409  1159.713                 0.00000
1                869.756 56543.2883301515711  1632.403                 0.00000
1                769.728 56543.2883335173075  1672.151                 0.00000
1                895.468 56546.2696478641907  2543.093                 0.00000
1                844.722 56546.2696493416058  2209.155                 0.00000
1                794.753 56546.2696510755398  3001.904                 0.00000
1                745.467 56546.2696529971732  2266.923                 0.00000
1                895.494 56546.2703489383106  2056.519                 0.00000
1                844.700 56546.2703504444567  2050.781                 0.00000
1                794.753 56546.2703521416061  1986.207                 0.00000
1                745.592 56546.2703540978061  2442.603                 0.00000
1                895.556 56546.2710062578744  1915.745                 0.00000
1                844.732 56546.2710076897620  2855.924                 0.00000
1                794.753 56546.2710093721086  1902.979                 0.00000
1                745.509 56546.2710114111897  1772.643                 0.00000
1                895.317 56551.2206093135968  1780.961                 0.00000
1                844.542 56551.2206107650492  1327.128                 0.00000
1                794.806 56551.2206124398320  2176.503                 0.00000
1                745.195 56551.2206144519105  2948.969                 0.00000
1                895.506 56551.2213104629606  3241.672                 0.00000
1                844.517 56551.2213118920381  1654.994                 0.00000
1                794.778 56551.2213135751905  1926.716                 0.00000
1                745.195 56551.2213155882585  2140.726                 0.00000
1                895.307 56551.2220115368419  2164.408                 0.00000
1                844.518 56551.2220129625144  2645.266                 0.00000
1                794.778 56551.2220145694020  2855.209                 0.00000
1                745.146 56551.2220166614237  2755.232                 0.00000
1                869.769 56555.2360049136567  1571.979                 0.00000
1                769.632 56555.2360082946232  1940.021                 0.00000
1                869.819 56555.2367059872026  1868.972                 0.00000
1                769.680 56555.2367093929633  1744.507                 0.00000
1                869.874 56555.2374070722947  2022.071                 0.00000
1                769.632 56555.2374104537787  3800.128                 0.00000
1                819.599 56586.1932157715091  1945.879                 0.00000
1                819.552 56586.1938949921030  1277.264                 0.00000
1                819.392 56586.1945960537663  1520.454                 0.00000
1                819.068 56608.0996356733247  1970.306                 0.00000
1                819.061 56608.1003367719838  1187.410                 0.00000
1                819.094 56608.1010379190076  1057.315                 0.00000
1                895.022 56637.9976521733452  2995.590                 0.00000
1                844.920 56637.9976535662014  1883.470                 0.00000
1                794.707 56637.9976552173474  1739.370                 0.00000
1                745.199 56637.9976574084671  3833.585                 0.00000
1                895.084 56637.9983533455559  2486.828                 0.00000
1                844.891 56637.9983547253044  1520.011                 0.00000
1                794.657 56637.9983564343683  1408.448                 0.00000
1                745.199 56637.9983584325480  2307.650                 0.00000
1                895.116 56637.9990544367221  2663.293                 0.00000
1                844.844 56637.9990558375917  2846.544                 0.00000
1                794.707 56637.9990575111504  1989.958                 0.00000
1                745.195 56637.9990595601278  2614.021                 0.00000
1                869.346 56670.9301909192496  1715.688                 0.00000
1                769.692 56670.9301943523806  1604.679                 0.00000
1                869.366 56670.9308920606703  1336.665                 0.00000
1                769.658 56670.9308954656901  1398.855                 0.00000
1                869.607 56670.9315932123264  3137.448                 0.00000
1                769.707 56670.9315966171043  1527.342                 0.00000
