 guppi_56351_J2243+69_002 915.3610  56351.3079353139066    0.00 1104.02        1
 guppi_56351_J2243+69_002 915.3610  56351.3080541218827    0.00 1616.11        1
 guppi_56351_J2243+69_002 915.3610  56351.3081630418464    0.00 1437.07        1
C guppi_56351_J2243+69_002 915.3610  56351.3082886944910    0.00 4279.39        1
 guppi_56351_J2243+69_002 915.3610  56351.3084105277746    0.00 1602.52        1
 guppi_56351_J2243+69_002 915.3610  56351.3085293477186    0.00 1356.53        1
C guppi_56351_J2243+69_002 915.3610  56351.3086330453418    0.00 3624.30        1
 guppi_56351_J2243+69_002 915.3610  56351.3087471715566    0.00 1154.18        1
 guppi_56351_J2243+69_002 915.3610  56351.3088660083677    0.00 1755.97        1
 guppi_56351_J2243+69_002 915.3610  56351.3089848221929    0.00 1644.48        1
 guppi_56351_J2243+69_002 915.3610  56351.3090937203220    0.00 1777.98        1
 guppi_56351_J2243+69_002 915.3610  56351.3092224224468    0.00 1152.27        1
 guppi_56351_J2243+69_002 915.3610  56351.3093412194459    0.00 1330.06        1
 guppi_56351_J2243+69_002 915.3610  56351.3094501375040    0.00 1635.72        1
 guppi_56351_J2243+69_002 915.3610  56351.3095590486871    0.00  997.63        1
C guppi_56351_J2243+69_002 915.3610  56351.3096864510977    0.00 4464.30        1
 guppi_56351_J2243+69_002 915.3610  56351.3097966580215    0.00 1863.28        1
 guppi_56351_J2243+69_002 915.3610  56351.3099154694927    0.00 1443.18        1
 guppi_56351_J2243+69_002 915.3610  56351.3100342961059    0.00 1581.74        1
 guppi_56351_J2243+69_002 915.3610  56351.3101432203365    0.00 1313.61        1
 guppi_56351_J2243+69_002 915.3610  56351.3102619997396    0.00 1268.59        1
C guppi_56351_J2243+69_002 915.3610  56351.3103850373985    0.00 1785.47        1
 guppi_56351_J2243+69_002 915.3610  56351.3104996400285    0.00 1256.40        1
 guppi_56365_J2243+69_002 915.3610  56365.2003083743113    0.00 1305.67        1
C  guppi_56365_J2243+69_002 915.3610  56365.2004338207666    0.00 4003.10        1
 guppi_56365_J2243+69_002 915.3610  56365.2005360617366    0.00 1461.95        1
 guppi_56365_J2243+69_002 915.3610  56365.2006549298135    0.00 1377.40        1
C  guppi_56365_J2243+69_002 915.3610  56365.2007716696990    0.00 3048.51        1
C  guppi_56365_J2243+69_002 915.3610  56365.2008973292736    0.00 3173.81        1
 guppi_56365_J2243+69_002 915.3610  56365.2010014376997    0.00 1814.29        1
C  guppi_56365_J2243+69_002 915.3610  56365.2011186162107    0.00 4711.19        1
 guppi_56365_J2243+69_002 915.3610  56365.2012390375243    0.00 1703.74        1
C  guppi_56365_J2243+69_002 915.3610  56365.2014647426395    0.00 2758.97        1
 guppi_56365_J2243+69_002 915.3610  56365.2015855730474    0.00 1804.45        1
C  guppi_56365_J2243+69_002 915.3610  56365.2017113021568    0.00 3172.70        1
 guppi_56365_J2243+69_002 915.3610  56365.2018232028106    0.00 1447.47        1
 guppi_56365_J2243+69_002 915.3610  56365.2019420064978    0.00 1913.11        1
 guppi_56365_J2243+69_002 915.3610  56365.2020509015577    0.00 1402.66        1
 guppi_56365_J2243+69_002 915.3610  56365.2021697077284    0.00 1469.58        1
C  guppi_56365_J2243+69_002 915.3610  56365.2022896399180    0.00 2625.45        1
 guppi_56365_J2243+69_002 915.3610  56365.2024073254411    0.00 1389.45        1
 guppi_56365_J2243+69_002 915.3610  56365.2025162503709    0.00 1176.04        1
 guppi_56365_J2243+69_002 915.3610  56365.2026350677167    0.00 2100.03        1
 guppi_56365_J2243+69_002 915.3610  56365.2027538831349    0.00 1406.89        1
 guppi_56365_J2243+69_002 915.3610  56365.2028726866320    0.00 1664.77        1
 guppi_56414_J2243+69_001 818.3020  56414.0451883447471    0.00 1128.02        1
 guppi_56414_J2243+69_001 818.3020  56414.0453071185054    0.00 1058.34        1
 guppi_56414_J2243+69_001 818.3020  56414.0454259401519    0.00 1185.02        1
 guppi_56414_J2243+69_001 818.3020  56414.0455447532242    0.00  824.79        1
 guppi_56414_J2243+69_001 818.3020  56414.0456536526488    0.00  935.90        1
 guppi_56414_J2243+69_001 818.3020  56414.0457724374331    0.00 1686.74        1
 guppi_56414_J2243+69_001 818.3020  56414.0458912401381    0.00 2204.15        1
C guppi_56414_J2243+69_001 818.3020  56414.0460084339780    0.00 2126.71        1
 guppi_56414_J2243+69_001 818.3020  56414.0461288568069    0.00 1299.66        1
 guppi_56414_J2243+69_001 818.3020  56414.0462377701969    0.00 1293.73        1
 guppi_56414_J2243+69_001 818.3020  56414.0463565879776    0.00 1033.81        1
 guppi_56414_J2243+69_001 818.3020  56414.0464753834811    0.00 1245.52        1
C guppi_56414_J2243+69_001 818.3020  56414.0466013596076    0.00 3160.91        1
 guppi_56414_J2243+69_001 818.3020  56414.0467030916120    0.00 1214.92        1
 guppi_56414_J2243+69_001 818.3020  56414.0468219146721    0.00 1262.95        1
 guppi_56414_J2243+69_001 818.3020  56414.0469407060518    0.00 1118.40        1
 guppi_56414_J2243+69_001 818.3020  56414.0470595087596    0.00 1314.46        1
C guppi_56414_J2243+69_001 818.3020  56414.0472871433292    0.00 1706.73        1
 guppi_56414_J2243+69_001 818.3020  56414.0474060027689    0.00 1105.33        1
 guppi_56414_J2243+69_001 818.3020  56414.0475248421379    0.00 1306.88        1
 guppi_56414_J2243+69_001 818.3020  56414.0476337376469    0.00 1527.20        1
C guppi_56414_J2243+69_001 818.3020  56414.0477586658381    0.00 4869.08        1
 guppi_56415_J2243+69_001 816.9220  56415.0265518804436    0.00  774.67        1
 guppi_56415_J2243+69_001 816.9220  56415.0266706789739    0.00 1394.52        1
 guppi_56415_J2243+69_001 816.9220  56415.0267894632579    0.00 1881.43        1
C guppi_56415_J2243+69_001 816.9220  56415.0269125002797    0.00 4175.46        1
 guppi_56415_J2243+69_001 816.9220  56415.0270270980161    0.00 1129.81        1
 guppi_56415_J2243+69_001 816.9220  56415.0271359739422    0.00 2016.42        1
C guppi_56415_J2243+69_001 816.9220  56415.0272528113439    0.00 3974.11        1
C guppi_56415_J2243+69_001 816.9220  56415.0273765458495    0.00 2342.23        1
 guppi_56415_J2243+69_001 816.9220  56415.0274924229198    0.00 1296.54        1
 guppi_56415_J2243+69_001 816.9220  56415.0276013159096    0.00 1125.09        1
C guppi_56415_J2243+69_001 816.9220  56415.0277176234335    0.00 5983.47        1
 guppi_56415_J2243+69_001 816.9220  56415.0278389050670    0.00 1409.52        1
 guppi_56415_J2243+69_001 816.9220  56415.0279577297951    0.00 1183.56        1
 guppi_56415_J2243+69_001 816.9220  56415.0280765182475    0.00 1523.39        1
C guppi_56415_J2243+69_001 816.9220  56415.0281895102958    0.00 2769.55        1
C guppi_56415_J2243+69_001 816.9220  56415.0283063285013    0.00 4649.26        1
 guppi_56415_J2243+69_001 816.9220  56415.0284230667401    0.00 1500.34        1
 guppi_56415_J2243+69_001 816.9220  56415.0285418541535    0.00 1194.59        1
 guppi_56415_J2243+69_001 816.9220  56415.0286507550958    0.00 1422.70        1
 guppi_56415_J2243+69_001 816.9220  56415.0287695513287    0.00 1512.34        1
 guppi_56416_J2243+69_000 820.4460  56416.0117263241888    0.00 1761.10        1
 guppi_56416_J2243+69_000 820.4460  56416.0118352499381    0.00 1401.51        1
C guppi_56416_J2243+69_000 820.4460  56416.0119489011512    0.00 4671.87        1
 guppi_56416_J2243+69_000 820.4460  56416.0120728575053    0.00 1595.37        1
 guppi_56416_J2243+69_000 820.4460  56416.0121916907880    0.00 1769.10        1
 guppi_56416_J2243+69_000 820.4460  56416.0123104629131    0.00 1288.31        1
 guppi_56416_J2243+69_000 820.4460  56416.0124193915378    0.00 1352.19        1
 guppi_56416_J2243+69_000 820.4460  56416.0125381823280    0.00 1241.35        1
 guppi_56416_J2243+69_000 820.4460  56416.0126569982350    0.00 1025.52        1
C guppi_56416_J2243+69_000 820.4460  56416.0127684357190    0.00 2889.80        1
 guppi_56416_J2243+69_000 820.4460  56416.0128846967099    0.00 1483.43        1
 guppi_56416_J2243+69_000 820.4460  56416.0130034961777    0.00 1151.68        1
 guppi_56416_J2243+69_000 820.4460  56416.0131222873155    0.00 1342.26        1
 guppi_56416_J2243+69_000 820.4460  56416.0132411273303    0.00  914.76        1
 guppi_56416_J2243+69_000 820.4460  56416.0133500258496    0.00 1510.63        1
 guppi_56416_J2243+69_000 820.4460  56416.0134688296843    0.00 1303.56        1
 guppi_56416_J2243+69_000 820.4460  56416.0135876104259    0.00 1295.17        1
 guppi_56416_J2243+69B_00 819.1310  56416.0671688770122    0.00 1054.69        1
 guppi_56416_J2243+69B_00 819.1310  56416.0672877240454    0.00 1142.67        1
C guppi_56416_J2243+69B_00 819.1310  56416.0674010884802    0.00 3000.45        1
 guppi_56416_J2243+69B_00 819.1310  56416.0675252965335    0.00 1115.57        1
C guppi_56416_J2243+69B_00 819.1310  56416.0676412556742    0.00 1996.68        1
C guppi_56416_J2243+69B_00 819.1310  56416.0677603362752    0.00 5597.31        1
C guppi_56416_J2243+69B_00 819.1310  56416.0678801700195    0.00 3649.71        1
 guppi_56416_J2243+69B_00 819.1310  56416.0679807428621    0.00 1062.80        1
 guppi_56416_J2243+69B_00 819.1310  56416.0680995205668    0.00 1262.93        1
C guppi_56416_J2243+69B_00 819.1310  56416.0682230622888    0.00 2978.53        1
C guppi_56416_J2243+69B_00 819.1310  56416.0683393288906    0.00 3903.15        1
C guppi_56416_J2243+69B_00 819.1310  56416.0684504429421    0.00 3875.80        1
C guppi_56416_J2243+69B_00 819.1310  56416.0685662803603    0.00 3917.19        1
 guppi_56416_J2243+69B_00 819.1310  56416.0686836729248    0.00 1648.55        1
 guppi_56416_J2243+69B_00 819.1310  56416.0688024549668    0.00 1344.70        1
 guppi_56416_J2243+69B_00 819.1310  56416.0689113640077    0.00 1083.34        1
C guppi_56416_J2243+69B_00 819.1310  56416.0690377054085    0.00 3388.49        1
C guppi_56418_J2243+69_000 816.0780  56418.0168680309634    0.00 3357.04        1
 guppi_56418_J2243+69_000 816.0780  56418.0169823258183    0.00 1428.56        1
 guppi_56418_J2243+69_000 816.0780  56418.0171011334962    0.00 1037.18        1
 guppi_56418_J2243+69_000 816.0780  56418.0172199345630    0.00 1447.47        1
 guppi_56418_J2243+69_000 816.0780  56418.0173387191644    0.00 1345.83        1
 guppi_56418_J2243+69_000 816.0780  56418.0174476196075    0.00 1045.27        1
 guppi_56418_J2243+69_000 816.0780  56418.0175664625770    0.00 1630.66        1
 guppi_56418_J2243+69_000 816.0780  56418.0176852523403    0.00 1695.40        1
 guppi_56418_J2243+69_000 816.0780  56418.0180318028690    0.00 1463.16        1
 guppi_56418_J2243+69_000 816.0780  56418.0181505785741    0.00 1450.61        1
C guppi_56418_J2243+69_000 816.0780  56418.0182752717474    0.00 3044.65        1
 guppi_56418_J2243+69_000 816.0780  56418.0183782577945    0.00 2483.16        1
 guppi_56418_J2243+69_000 816.0780  56418.0184971029219    0.00 1067.25        1
 guppi_56418_J2243+69_000 816.0780  56418.0186159104335    0.00 1055.81        1
 guppi_56418_J2243+69_000 816.0780  56418.0187346605933    0.00 1375.76        1
 guppi_56418_J2243+69_000 816.0780  56418.0188534977026    0.00 2008.66        1
 guppi_56418_J2243+69_000 816.0780  56418.0189623749293    0.00 1471.55        1
 guppi_56418_J2243+69_000 816.0780  56418.0190812095772    0.00 1595.64        1
 guppi_56418_J2243+69_000 816.0780  56418.0192000115285    0.00 1164.49        1
 guppi_56418_J2243+69_000 816.0780  56418.0193188198120    0.00 1455.76        1
C guppi_56418_J2243+69_000 816.0780  56418.0194256739218    0.00 3268.56        1
C guppi_56423_J2243+69_002 820.0480  56423.0704082968941    0.00 2172.54        1
 guppi_56423_J2243+69_002 820.0480  56423.0705231107705    0.00 1441.95        1
C guppi_56423_J2243+69_002 820.0480  56423.0706287906425    0.00 2811.42        1
 guppi_56423_J2243+69_002 820.0480  56423.0707508512039    0.00 1166.36        1
 guppi_56423_J2243+69_002 820.0480  56423.0708696313273    0.00 1389.30        1
 guppi_56423_J2243+69_002 820.0480  56423.0709884481471    0.00 1035.76        1
 guppi_56423_J2243+69_002 820.0480  56423.0710973421982    0.00 1113.44        1
C guppi_56423_J2243+69_002 820.0480  56423.0712132453895    0.00 2466.31        1
C guppi_56423_J2243+69_002 820.0480  56423.0713367019506    0.00 3678.68        1
 guppi_56423_J2243+69_002 820.0480  56423.0716814629018    0.00 1360.51        1
C guppi_56423_J2243+69_002 820.0480  56423.0717957200922    0.00 3383.04        1
C guppi_56423_J2243+69_002 820.0480  56423.0719220987439    0.00 2947.42        1
 guppi_56423_J2243+69_002 820.0480  56423.0720379238788    0.00 1465.36        1
C guppi_56423_J2243+69_002 820.0480  56423.0721432785320    0.00 2487.21        1
 guppi_56423_J2243+69_002 820.0480  56423.0722655906125    0.00 1116.26        1
 guppi_56423_J2243+69_002 820.0480  56423.0723843997351    0.00 1319.09        1
 guppi_56423_J2243+69_002 820.0480  56423.0725031897921    0.00 1381.22        1
 guppi_56423_J2243+69_002 820.0480  56423.0726121248181    0.00 1031.41        1
 guppi_56426_J2243+69_002 915.3610  56426.9858489798025    0.00 2206.28        1
C guppi_56426_J2243+69_002 915.3610  56426.9859756181895    0.00 3636.53        1
 guppi_56426_J2243+69_002 915.3610  56426.9860865779554    0.00 2088.92        1
 guppi_56426_J2243+69_002 915.3610  56426.9861955319866    0.00 1442.90        1
C guppi_56426_J2243+69_002 915.3610  56426.9863181621222    0.00 4792.20        1
C guppi_56426_J2243+69_002 915.3610  56426.9864355991092    0.00 2521.80        1
C guppi_56426_J2243+69_002 915.3610  56426.9865605865419    0.00 4014.30        1
C guppi_56426_J2243+69_002 915.3610  56426.9866684466078    0.00 3956.42        1
C guppi_56426_J2243+69_002 915.3610  56426.9867845409504    0.00 2571.96        1
 guppi_56426_J2243+69_002 915.3610  56426.9869083505579    0.00 1782.34        1
C guppi_56426_J2243+69_002 915.3610  56426.9870236695171    0.00 4998.96        1
C guppi_56426_J2243+69_002 915.3610  56426.9871284760095    0.00 5095.34        1
 guppi_56426_J2243+69_002 915.3610  56426.9876013508994    0.00 1431.73        1
 guppi_56426_J2243+69_002 915.3610  56426.9877102464565    0.00 1965.86        1
C guppi_56426_J2243+69_002 915.3610  56426.9878358455973    0.00 3545.98        1
 guppi_56426_J2243+69_002 915.3610  56426.9879577528976    0.00 1259.03        1
 guppi_56426_J2243+69_002 915.3610  56426.9880666828406    0.00 1437.00        1
C guppi_56426_J2243+69_002 915.3610  56426.9881797316330    0.00 2658.67        1
 guppi_56426_J2243+69_002 915.3610  56426.9883042941099    0.00 1135.57        1
 guppi_56426_J2243+69_002 915.3610  56426.9884230794346    0.00 1150.56        1
C guppi_56431_J2243+69_000 814.6740  56431.9762172791049    0.00 3165.54        1
C guppi_56431_J2243+69_000 814.6740  56431.9764575741887    0.00 2787.97        1
 guppi_56431_J2243+69_000 814.6740  56431.9765717101988    0.00 1689.91        1
C guppi_56431_J2243+69_000 814.6740  56431.9766846976048    0.00 2297.29        1
C guppi_56431_J2243+69_000 814.6740  56431.9768060134362    0.00 3537.15        1
 guppi_56431_J2243+69_000 814.6740  56431.9769182589419    0.00 1221.90        1
 guppi_56431_J2243+69_000 814.6740  56431.9770370346767    0.00 1043.82        1
C guppi_56431_J2243+69_000 814.6740  56431.9771636742464    0.00 3666.69        1
 guppi_56431_J2243+69_000 814.6740  56431.9772647611262    0.00 1836.05        1
 guppi_56431_J2243+69_000 814.6740  56431.9773835752300    0.00 1433.93        1
 guppi_56431_J2243+69_000 814.6740  56431.9775023660630    0.00 1597.43        1
 guppi_56431_J2243+69_000 814.6740  56431.9776211855203    0.00 1515.70        1
C guppi_56431_J2243+69_000 814.6740  56431.9777319137785    0.00 3144.30        1
 guppi_56431_J2243+69_000 814.6740  56431.9778488930921    0.00 1072.04        1
C guppi_56431_J2243+69_000 814.6740  56431.9779729042923    0.00 3191.34        1
 guppi_56431_J2243+69_000 814.6740  56431.9780864555383    0.00 2044.71        1
C guppi_56431_J2243+69_000 814.6740  56431.9782026845281    0.00 4012.39        1
C guppi_56431_J2243+69_000 814.6740  56431.9783207648754    0.00 3371.31        1
 guppi_56431_J2243+69_000 814.6740  56431.9786705985766    0.00 1737.92        1
 guppi_56431_J2243+69_000 814.6740  56431.9787795167793    0.00 1504.66        1
C guppi_56449_J2243+69_000 915.3610  56449.9253465918921    0.00 2692.29        1
C guppi_56449_J2243+69_000 915.3610  56449.9254744771697    0.00 1649.01        1
C guppi_56449_J2243+69_000 915.3610  56449.9255893588500    0.00 4347.12        1
C guppi_56449_J2243+69_000 915.3610  56449.9261759561004    0.00 2609.69        1
 guppi_56449_J2243+69_000 915.3610  56449.9266427367968    0.00 2633.46        1
C guppi_56449_J2243+69_000 915.3610  56449.9267548997292    0.00 3286.41        1
 guppi_56449_J2243+69_000 915.3610  56449.9268704276872    0.00 2269.76        1
C guppi_56449_J2243+69_000 915.3610  56449.9269852596599    0.00 3739.27        1
C guppi_56449_J2243+69_000 915.3610  56449.9271122170814    0.00 3217.24        1
 guppi_56449_J2243+69_000 915.3610  56449.9272367514032    0.00 1600.62        1
 guppi_56449_J2243+69_000 915.3610  56449.9273555608166    0.00 2552.05        1
 guppi_56449_J2243+69_000 915.3610  56449.9274644464876    0.00 1231.38        1
C guppi_56449_J2243+69_000 915.3610  56449.9275748857297    0.00 4235.72        1
 guppi_56449_J2243+69_000 915.3610  56449.9277020426804    0.00 1228.23        1
C guppi_56449_J2243+69_000 915.3610  56449.9278196977103    0.00 3298.93        1
 guppi_56449_J2243+69_000 915.3610  56449.9279297635464    0.00 1779.06        1
 guppi_56470_J2243+69_000 817.9280  56470.9188802958908    0.00 2377.31        1
 guppi_56470_J2243+69_000 817.9280  56470.9189990946427    0.00 1607.44        1
C guppi_56470_J2243+69_000 817.9280  56470.9193417780786    0.00 3179.26        1
 guppi_56470_J2243+69_000 817.9280  56470.9194643852633    0.00 2489.63        1
C guppi_56470_J2243+69_000 817.9280  56470.9195784059209    0.00 2715.33        1
 guppi_56470_J2243+69_000 817.9280  56470.9196921493914    0.00 2019.44        1
 guppi_56470_J2243+69_000 817.9280  56470.9198108928895    0.00 1213.38        1
 guppi_56470_J2243+69_000 817.9280  56470.9199297499256    0.00 1985.90        1
 guppi_56470_J2243+69_000 817.9280  56470.9200485238826    0.00 1617.38        1
 guppi_56470_J2243+69_000 817.9280  56470.9201574469469    0.00 1731.07        1
 guppi_56470_J2243+69_000 817.9280  56470.9202762029658    0.00 2170.32        1
 guppi_56470_J2243+69_000 817.9280  56470.9203950540233    0.00 1275.63        1
 guppi_56470_J2243+69_000 817.9280  56470.9205138237911    0.00 1704.40        1
 guppi_56470_J2243+69_000 817.9280  56470.9206227200393    0.00 1970.12        1
 guppi_56470_J2243+69_000 817.9280  56470.9207415166485    0.00 1519.74        1
C guppi_56470_J2243+69_000 817.9280  56470.9208529303321    0.00 4780.81        1
C guppi_56470_J2243+69_000 817.9280  56470.9209743205613    0.00 3131.29        1
 guppi_56470_J2243+69_000 817.9280  56470.9210979291954    0.00 1460.60        1
C guppi_56470_J2243+69_000 817.9280  56470.9211990608888    0.00 2641.90        1
C guppi_56470_J2243+69_000 817.9280  56470.9213177011566    0.00 2840.42        1
 guppi_56494_J2243+69_000 818.2960  56494.9084180166559    0.00 1324.19        1
 guppi_56494_J2243+69_000 818.2960  56494.9085368142047    0.00 1642.17        1
 guppi_56494_J2243+69_000 818.2960  56494.9086556281471    0.00 1298.45        1
C guppi_56494_J2243+69_000 818.2960  56494.9087718748654    0.00 2980.10        1
 guppi_56494_J2243+69_000 818.2960  56494.9088931875186    0.00 1411.03        1
 guppi_56494_J2243+69_000 818.2960  56494.9090020974698    0.00 1991.66        1
 guppi_56494_J2243+69_000 818.2960  56494.9091209114755    0.00 1599.51        1
 guppi_56494_J2243+69_000 818.2960  56494.9092397059733    0.00 1156.69        1
C guppi_56494_J2243+69_000 818.2960  56494.9093547644409    0.00 4536.19        1
 guppi_56494_J2243+69_000 818.2960  56494.9094674182108    0.00 1505.17        1
 guppi_56494_J2243+69_000 818.2960  56494.9095862163648    0.00  902.82        1
C guppi_56494_J2243+69_000 818.2960  56494.9096982880757    0.00 4297.68        1
 guppi_56494_J2243+69_000 818.2960  56494.9098237885212    0.00 2084.85        1
 guppi_56494_J2243+69_000 818.2960  56494.9099425961097    0.00 3086.77        1
C guppi_56494_J2243+69_000 818.2960  56494.9100493462724    0.00 4176.39        1
 guppi_56494_J2243+69_000 818.2960  56494.9101703309288    0.00 1513.77        1
C guppi_56494_J2243+69_000 818.2960  56494.9102872563475    0.00 5931.00        1
 guppi_56494_J2243+69_000 818.2960  56494.9104078875501    0.00 1799.56        1
 guppi_56494_J2243+69_000 818.2960  56494.9105168115617    0.00  991.72        1
 guppi_56494_J2243+69_000 818.2960  56494.9106356435212    0.00 1656.09        1
 guppi_56494_J2243+69_000 818.2960  56494.9107544017460    0.00 1432.42        1
 guppi_56494_J2243+69_000 818.2960  56494.9108732200257    0.00 1302.59        1
 guppi_56494_J2243+69_000 818.2960  56494.9109820709536    0.00 3751.52        1
1                813.717 56520.7348172978459  1124.276                 0.00000
C 1                813.717 56520.7349231564513  3669.609                 0.00000
C 1                813.717 56520.7350431018778  1749.510                 0.00000
1                813.717 56520.7351638210649  1467.558                 0.00000
1                813.717 56520.7352826184303  1361.221                 0.00000
1                813.717 56520.7355103252678  1313.929                 0.00000
C 1                813.717 56520.7356317087643  2641.601                 0.00000
1                813.717 56520.7357479205185  1334.773                 0.00000
1                813.717 56520.7358667314674  1258.018                 0.00000
C 1                813.717 56520.7359788286436  4427.733                 0.00000
C 1                813.717 56520.7360974572347  4029.373                 0.00000
C 1                813.717 56520.7362108118797  3641.062                 0.00000
1                813.717 56520.7363320346628  1426.601                 0.00000
C 1                813.717 56520.7364389032722  2896.930                 0.00000
C 1                813.717 56520.7365623863585  2961.191                 0.00000
1                813.717 56520.7366785226513  1446.284                 0.00000
1                813.717 56520.7367973419996  2498.634                 0.00000
1                813.717 56520.7369062647353  2024.450                 0.00000
1                813.717 56520.7370250018622  3375.975                 0.00000
1                813.717 56520.7371438282293  2017.058                 0.00000
1                813.717 56520.7372626667430  2160.847                 0.00000
1                813.717 56520.7373814271150  1400.995                 0.00000
1                816.790 56585.5058585428396  1415.902                 0.00000
1                816.790 56585.5059773140663  1815.163                 0.00000
C 1                816.790 56585.5060850013437  3136.399                 0.00000
C 1                816.790 56585.5062059680407  2625.064                 0.00000
C 1                816.790 56585.5063193807863  2462.407                 0.00000
1                816.790 56585.5064426155483  1305.646                 0.00000
C 1                816.790 56585.5065538880447  3435.572                 0.00000
C 1                816.790 56585.5067827028862  4083.465                 0.00000
1                816.790 56585.5069079393692  1518.499                 0.00000
1                816.790 56585.5070168628397  1775.738                 0.00000
1                816.790 56585.5071356619482  1338.027                 0.00000
C 1                816.790 56585.5072483380058  6428.393                 0.00000
1                816.790 56585.5073732691732  1179.314                 0.00000
1                816.790 56585.5074920833859  1196.275                 0.00000
C 1                816.790 56585.5077158989581  3830.241                 0.00000
C 1                816.790 56585.5078341385961  3995.677                 0.00000
C 1                816.790 56585.5079565182412  3652.039                 0.00000
1                816.790 56585.5080662798733  1318.279                 0.00000
1                816.790 56585.5081850983154  1745.286                 0.00000
1                816.790 56585.5083039133080  1221.854                 0.00000
C 1                815.750 56611.5302012012986  2902.413                 0.00000
1                815.750 56611.5303177980058  1376.664                 0.00000
C 1                815.750 56611.5304222417784  4077.148                 0.00000
C 1                815.750 56611.5305423498982  4199.331                 0.00000
1                815.750 56611.5306643466147  2300.393                 0.00000
C 1                815.750 56611.5308902270284  2802.956                 0.00000
1                815.750 56611.5310108839771  2127.998                 0.00000
C 1                815.750 56611.5311266842054  3220.527                 0.00000
1                815.750 56611.5312484591634  1580.427                 0.00000
1                815.750 56611.5316048790660  1838.682                 0.00000
C 1                815.750 56611.5317195588256  2643.485                 0.00000
C 1                815.750 56611.5318359978051  3277.647                 0.00000
C 1                815.750 56611.5319462003895  2983.721                 0.00000
1                815.750 56611.5320702095251  2095.536                 0.00000
C 1                815.750 56611.5321888238734  4862.305                 0.00000
1                815.750 56611.5323078220070  1189.811                 0.00000
1                815.750 56611.5324167204208  1144.524                 0.00000
C 1                815.750 56611.5325377470862  3778.520                 0.00000
1                815.750 56611.5326543338100  1604.863                 0.00000
1                815.750 56611.5327731463352  1753.028                 0.00000
1                820.778 56637.3711674849284  1712.912                 0.00000
1                820.778 56637.3712862939059  1746.487                 0.00000
1                820.778 56637.3714051143156  2334.117                 0.00000
C 1                820.778 56637.3715097872075  4261.164                 0.00000
1                820.778 56637.3716327952920  1600.937                 0.00000
C 1                820.778 56637.3717464229033  4865.317                 0.00000
C 1                820.778 56637.3718632641147  4274.766                 0.00000
1                820.778 56637.3719793516391  1670.299                 0.00000
1                820.778 56637.3720981494086  1508.437                 0.00000
1                820.778 56637.3722169322780  1884.075                 0.00000
C 1                820.778 56637.3723347148166  3813.368                 0.00000
1                820.778 56637.3724545619594  1583.429                 0.00000
1                820.778 56637.3725634934022  2356.073                 0.00000
1                820.778 56637.3726823007566  1508.277                 0.00000
C 1                820.778 56637.3727929432471  2530.950                 0.00000
1                820.778 56637.3729199030371  2730.657                 0.00000
1                820.778 56637.3730287990999  1577.779                 0.00000
1                820.778 56637.3731476439649  1148.023                 0.00000
1                820.778 56637.3732664672081  1174.662                 0.00000
1                820.778 56637.3733852427515  1208.897                 0.00000
1                820.778 56637.3734941370921  1615.110                 0.00000
1                820.778 56637.3736129843215  1317.820                 0.00000
1                820.778 56669.3473362950257  1168.848                 0.00000
1                820.778 56669.3474550987652  1012.537                 0.00000
1                820.778 56669.3475739136045  2185.945                 0.00000
C 1                820.778 56669.3476874415483  2135.332                 0.00000
1                820.778 56669.3478016244379  1456.299                 0.00000
C 1                820.778 56669.3479144532830  4163.218                 0.00000
1                820.778 56669.3480392455031  1799.394                 0.00000
1                820.778 56669.3481580546759  1320.127                 0.00000
1                820.778 56669.3482669718750  1442.866                 0.00000
1                820.778 56669.3483857508442  1489.905                 0.00000
C 1                820.778 56669.3485024254906  1792.846                 0.00000
C 1                820.778 56669.3486156060660  3759.315                 0.00000
1                820.778 56669.3487322703735  1593.182                 0.00000
1                820.778 56669.3488510891393  2135.375                 0.00000
1                820.778 56669.3489699544753  1539.749                 0.00000
C 1                820.778 56669.3490845422581  2470.486                 0.00000
1                820.778 56669.3491976371988  1872.226                 0.00000
C 1                820.778 56669.3493118591710  2495.226                 0.00000
C 1                820.778 56669.3494254586289  5079.803                 0.00000
1                820.778 56669.3495540437498  1580.103                 0.00000
1                820.778 56669.3496728749516  1418.072                 0.00000
1                820.778 56669.3497817868335  2403.736                 0.00000
1                820.778 56669.3499005265714  2454.494                 0.00000
JUMP
t                119.442 56437.3434035934689  1808.021                 0.00000
t                139.913 56437.3434012084985  3423.669                 0.00000
t                158.687 56437.3434038022866  2531.005                 0.00000
C t                178.031 56437.3434073494765  4605.903                 0.00000
t                119.596 56464.9475600284506  2038.680                 0.00000
t                139.232 56464.9475598458157  2030.767                 0.00000
t                158.729 56464.9475607482058  1889.651                 0.00000
t                178.811 56464.9475630307011  3891.960                 0.00000
JUMP
