MODE 1
TIME +0.00002048
1                894.982 57078.8320633663727  1153.144                 0.00000
1                845.047 57078.8320640645215  992.219                 0.00000
1                795.047 57078.8320649239669  870.826                 0.00000
1                745.047 57078.8320659655355  897.453                 0.00000
1                894.982 57078.8354623950798  871.124                 0.00000
1                845.046 57078.8354630932630  657.064                 0.00000
1                795.046 57078.8354639709603  774.303                 0.00000
1                745.046 57078.8354650000454  812.742                 0.00000
1                811.808 57101.8360868681929  727.628                 0.00000
1                811.808 57101.8395983892532  988.944                 0.00000
C 1                811.808 57101.8411961738368  6048.939                 0.00000
1                895.438 57131.7393601193656  956.998                 0.00000
1                845.047 57131.7393608180450  771.956                 0.00000
1                790.880 57131.7393617456124  986.601                 0.00000
1                745.047 57131.7393627150767  781.081                 0.00000
1                895.438 57131.7426014515239  1569.980                 0.00000
1                845.047 57131.7426021946708  1098.764                 0.00000
1                790.880 57131.7426031149442  1938.074                 0.00000
1                745.047 57131.7426040588084  1257.117                 0.00000
1                895.438 57131.7443796687969  1835.339                 0.00000
C 1                845.047 57131.7443804416319  1864.792                 0.00000
C 1                790.880 57131.7443812376590  1944.278                 0.00000
C 1                745.047 57131.7443821838638  1767.367                 0.00000
1                894.998 57161.4610752883647  1398.319                 0.00000
1                845.047 57161.4610760031545  1007.888                 0.00000
1                795.047 57161.4610768640466  1128.539                 0.00000
1                745.047 57161.4610778523733  1180.479                 0.00000
1                894.998 57161.4643840994212  1274.304                 0.00000
1                845.047 57161.4643847794201  1141.589                 0.00000
1                795.047 57161.4643856106597  1439.812                 0.00000
1                745.047 57161.4643866818210  1260.476                 0.00000
1                894.998 57161.4660722277293  1361.408                 0.00000
1                845.047 57161.4660729605044  1231.788                 0.00000
1                795.047 57161.4660738245061  1576.811                 0.00000
C 1                745.047 57161.4660670943034  4323.695                 0.00000
1                904.373 57192.3923935431655  2080.870                 0.00000
1                846.386 57192.3923943869543  1732.830                 0.00000
1                795.047 57192.3923952327090  1690.199                 0.00000
1                746.386 57192.3923961955802  1764.423                 0.00000
1                904.373 57192.3957023201767  1461.903                 0.00000
1                846.386 57192.3957030817504  1702.818                 0.00000
1                795.047 57192.3957039999524  1402.696                 0.00000
1                746.386 57192.3957050053487  2548.729                 0.00000
1                816.920 57249.3637562369655  771.204                 0.00000
1                822.884 57278.1596437394893  1155.376                 0.00000
1                822.884 57278.1628399167084  561.392                 0.00000
C 1                822.884 57278.1647905633259  5068.662                 0.00000
1                819.873 57289.2256213917326  357.242                 0.00000
1                819.873 57289.2288626377205  395.423                 0.00000
1                819.873 57289.2305732847724  1841.525                 0.00000
1                820.702 57289.2686351495189  378.023                 0.00000
1                820.702 57289.2706833874233  2103.385                 0.00000
1                894.998 57290.2147119691290  1143.907                 0.00000
1                845.046 57290.2147126679208  874.525                 0.00000
1                790.671 57290.2147136317927  1216.657                 0.00000
1                745.046 57290.2147145653371  1533.379                 0.00000
1                894.998 57290.2181557642430  711.394                 0.00000
1                845.047 57290.2181564860072  731.034                 0.00000
1                790.672 57290.2181574375283  1054.907                 0.00000
1                745.047 57290.2181583660814  963.287                 0.00000
1                894.998 57290.2198889088284  1548.768                 0.00000
C 1                845.047 57290.2198875600961  6208.264                 0.00000
1                790.672 57290.2198905244377  2105.073                 0.00000
1                745.047 57290.2198914921588  1731.213                 0.00000
1                820.828 57292.2224521314298  330.531                 0.00000
1                820.828 57292.2257834026761  393.943                 0.00000
C 1                820.828 57292.2275385088271  3335.021                 0.00000
1                894.998 57293.2273907287613  927.223                 0.00000
1                845.046 57293.2273914629474  1069.337                 0.00000
1                790.880 57293.2273924019636  1213.779                 0.00000
1                745.046 57293.2273933098813  1340.584                 0.00000
1                894.998 57293.2306770189208  643.513                 0.00000
1                845.047 57293.2306777238185  520.841                 0.00000
1                790.880 57293.2306786424926  879.076                 0.00000
1                745.047 57293.2306796150081  869.700                 0.00000
1                894.998 57293.2325227082748  2825.124                 0.00000
C 1                845.047 57293.2325232722449  2674.541                 0.00000
C 1                790.880 57293.2325221728648  4526.440                 0.00000
C 1                745.047 57293.2325231514626  2453.394                 0.00000
1                820.828 57297.2168159724822  460.151                 0.00000
1                820.828 57297.2201697317663  383.047                 0.00000
C 1                820.828 57297.2218421611970  6450.431                 0.00000
1                817.562 57307.1887386181070  1277.824                 0.00000
1                817.562 57307.1919573711229  1419.885                 0.00000
C 1                817.562 57307.1937680539814  3330.296                 0.00000
1                814.082 57308.0379509493564  986.108                 0.00000
1                814.082 57308.0413047388515  1233.481                 0.00000
1                819.746 57339.1218205983808  705.129                 0.00000
1                895.012 57367.0537224687848  596.784                 0.00000
1                845.047 57367.0537231756561  679.468                 0.00000
1                794.958 57367.0537240391954  683.959                 0.00000
1                745.047 57367.0537025462479  804.778                 0.00000
1                819.573 57397.0745589551949  424.458                 0.00000
TIME -0.00002048
