MODE 1
EMAX 2100.0
C 1                895.340 56331.3189071212857  3209.210                 0.00000
1                844.664 56331.3189078273886  2066.017                 0.00000
1                794.769 56331.3189084304606  2773.808                 0.00000
1                745.199 56331.3189091292835  2049.489                 0.00000
1                895.026 56332.7568389186042  980.513                 0.00000
1                844.597 56332.7568394665466  1346.785                 0.00000
1                794.751 56332.7568400787601  1043.039                 0.00000
1                745.341 56332.7568408146018  909.838                 0.00000
1                895.061 56332.7575355917879  2287.186                 0.00000
1                844.705 56332.7575361578039  1678.813                 0.00000
1                794.751 56332.7575367696910  1791.612                 0.00000
1                745.292 56332.7575375042390  1101.729                 0.00000
1                894.939 56332.7582228825884  1203.057                 0.00000
1                844.684 56332.7582233900748  1301.760                 0.00000
1                794.751 56332.7582240254590  1532.848                 0.00000
1                745.341 56332.7582247800204  1117.272                 0.00000
1                895.033 56348.8266516865105  973.646                 0.00000
1                844.776 56348.8266522338762  735.945                 0.00000
1                794.698 56348.8266528586025  714.428                 0.00000
1                745.199 56348.8266536081410  1024.840                 0.00000
1                895.020 56348.8273483753763  1224.072                 0.00000
1                844.700 56348.8273489017070  1796.697                 0.00000
1                794.646 56348.8273495379022  1208.274                 0.00000
1                745.197 56348.8273502546181  1296.645                 0.00000
1                894.948 56348.8280356658910  1123.526                 0.00000
1                844.628 56348.8280361680812  1014.952                 0.00000
1                794.676 56348.8280367776199  953.503                 0.00000
1                745.199 56348.8280375336254  1059.730                 0.00000
1                894.821 56365.7929370039518  1412.943                 0.00000
1                844.724 56365.7929375627705  975.226                 0.00000
1                794.751 56365.7929381850803  863.836                 0.00000
1                745.195 56365.7929389175804  897.692                 0.00000
1                894.946 56365.7936336758642  1342.219                 0.00000
1                844.720 56365.7936342067907  961.731                 0.00000
1                794.751 56365.7936348355508  1143.486                 0.00000
1                745.195 56365.7936355854185  916.213                 0.00000
1                894.838 56365.7943303382829  1065.675                 0.00000
1                844.728 56365.7943308614285  676.557                 0.00000
1                794.751 56365.7943315016922  968.791                 0.00000
1                745.195 56365.7943322582600  763.020                 0.00000
1                819.453 56389.6595092818609  1246.165                 0.00000
1                819.466 56389.6602059810289  1615.099                 0.00000
1                819.261 56389.6609026082322  2340.216                 0.00000
1                895.026 56406.6339378373480  2494.692                 0.00000
1                844.604 56406.6339383873295  1351.944                 0.00000
1                794.751 56406.6339390488557  2828.894                 0.00000
1                745.248 56406.6339397587188  1580.265                 0.00000
1                869.273 56426.5884559650380  1405.500                 0.00000
1                770.857 56426.5884572188084  1404.592                 0.00000
1                869.493 56426.5891526247028  2145.794                 0.00000
1                770.881 56426.5891538027503  1428.799                 0.00000
1                868.988 56426.5898492786537  1659.956                 0.00000
1                770.795 56426.5898504684312  1653.468                 0.00000
1                895.587 56451.5037269001648  3154.278                 0.00000
1                844.497 56451.5037274083631  1874.299                 0.00000
1                794.834 56451.5037280639907  1647.855                 0.00000
1                744.870 56451.5037287409730  1665.136                 0.00000
1                895.760 56451.5044234812927  1697.830                 0.00000
1                844.599 56451.5044239899779  1291.509                 0.00000
1                794.758 56451.5044245992087  1751.441                 0.00000
1                744.870 56451.5044253427518  1815.979                 0.00000
1                895.613 56451.5051107055878  1557.316                 0.00000
1                844.570 56451.5051112497042  1634.216                 0.00000
1                794.849 56451.5051118481291  1673.744                 0.00000
1                744.870 56451.5051126098095  1479.101                 0.00000
1                869.867 56472.4287816964670  1780.984                 0.00000
1                769.693 56472.4287829801005  1122.617                 0.00000
1                869.686 56472.4294783510414  2583.339                 0.00000
1                769.637 56472.4294796105699  1066.777                 0.00000
1                869.748 56472.4301655242586  1459.184                 0.00000
1                769.684 56472.4301668072410  1097.207                 0.00000
1                869.778 56494.4347707971137  3165.209                 0.00000
1                769.736 56494.4347719985723  1992.562                 0.00000
1                869.843 56494.4354674125089  1335.301                 0.00000
1                770.058 56494.4354686649418  769.556                 0.00000
1                869.765 56494.4361640507296  2248.551                 0.00000
1                769.755 56494.4361653038128  1347.975                 0.00000
1                819.644 56520.2579469416146  537.814                 0.00000
1                819.574 56520.2586436050617  1137.814                 0.00000
1                819.716 56520.2593401957900  1389.787                 0.00000
1                895.429 56537.2826585965461  2219.602                 0.00000
1                844.762 56537.2826591639077  2104.108                 0.00000
1                794.802 56537.2826597508159  1679.933                 0.00000
1                745.195 56537.2826605063198  1166.370                 0.00000
1                895.163 56537.2833552388845  1403.101                 0.00000
1                844.845 56537.2833557496085  1462.898                 0.00000
1                794.802 56537.2833563464994  1461.260                 0.00000
1                745.195 56537.2833571259313  1523.825                 0.00000
1                895.127 56537.2840424362687  1460.828                 0.00000
1                844.881 56537.2840429547917  1315.219                 0.00000
1                794.802 56537.2840435630532  1854.181                 0.00000
1                745.195 56537.2840443396333  1148.568                 0.00000
1                819.604 56538.2658438131512  626.250                 0.00000
1                819.656 56538.2665310165667  962.204                 0.00000
1                819.714 56538.2672276711177  1175.377                 0.00000
1                818.001 56539.2539801612307  952.998                 0.00000
1                818.686 56539.2546767525236  547.397                 0.00000
1                818.563 56539.2553733827982  931.655                 0.00000
1                869.807 56543.2490787536344  1428.791                 0.00000
1                769.630 56543.2490800250615  1122.241                 0.00000
1                869.855 56543.2497565715468  1793.454                 0.00000
1                769.678 56543.2497578444762  1787.430                 0.00000
1                869.754 56543.2504343184244  988.726                 0.00000
1                769.678 56543.2504355620417  1193.420                 0.00000
1                819.690 56543.2826297583615  1237.403                 0.00000
1                819.683 56543.2833263801849  817.570                 0.00000
1                869.912 56546.2640656183075  793.673                 0.00000
1                770.014 56546.2640668696577  787.411                 0.00000
1                869.791 56546.2647622588696  1214.540                 0.00000
1                770.049 56546.2647635048864  982.030                 0.00000
1                869.851 56546.2654588327151  1726.919                 0.00000
1                769.955 56546.2654601292769  1885.932                 0.00000
1                869.891 56551.2150205691015  889.963                 0.00000
1                769.986 56551.2150218039537  1131.869                 0.00000
1                869.889 56551.2157171501341  2622.037                 0.00000
1                769.674 56551.2157184159172  4502.079                 0.00000
1                870.379 56551.2164137755440  1873.517                 0.00000
1                769.247 56551.2164150272673  1825.566                 0.00000
1                819.677 56555.2303919460305  657.715                 0.00000
1                819.751 56555.2310885899893  970.106                 0.00000
1                819.626 56555.2317852028186  1384.948                 0.00000
1                869.648 56586.1875323003008  1240.672                 0.00000
1                769.680 56586.1875335593236  696.913                 0.00000
1                869.651 56586.1882289015877  1261.231                 0.00000
1                769.680 56586.1882301818932  811.354                 0.00000
1                869.655 56586.1889255227303  1877.566                 0.00000
1                769.584 56586.1889268427177  1583.581                 0.00000
1                894.875 56608.0940561579202  1126.104                 0.00000
1                844.698 56608.0940566767896  1223.488                 0.00000
1                794.607 56608.0940572687759  1038.556                 0.00000
1                745.195 56608.0940580568069  1534.466                 0.00000
1                894.917 56608.0947527775372  755.314                 0.00000
1                844.757 56608.0947532978206  673.389                 0.00000
1                794.607 56608.0947539273749  756.173                 0.00000
1                745.195 56608.0947546854020  651.513                 0.00000
1                894.919 56608.0954493818960  723.533                 0.00000
1                844.723 56608.0954499211317  564.032                 0.00000
1                794.654 56608.0954505578145  549.416                 0.00000
1                745.195 56608.0954513008200  576.797                 0.00000
1                869.222 56637.9921028805257  1505.271                 0.00000
1                769.708 56637.9921040993721  1652.220                 0.00000
1                869.290 56637.9927994855830  850.895                 0.00000
1                769.620 56637.9928007430901  827.284                 0.00000
1                869.464 56637.9934961622649  1385.548                 0.00000
1                769.657 56637.9934974149073  1025.925                 0.00000
1                818.347 56670.9246040962442  1153.578                 0.00000
C 1                818.613 56670.9253001787181  3170.414                 0.00000
1                818.472 56670.9259974304298  1224.248                 0.00000
JUMP
t                128.797 56358.4816035621967  2298.247                 0.00000
t                168.205 56358.4816027672541  1723.007                 0.00000
t                128.833 56358.4823001509052  2989.658                 0.00000
t                168.200 56358.4823008637148  3737.278                 0.00000
t                129.119 56358.4829958857794  2067.862                 0.00000
t                168.166 56358.4829961529032  6410.217                 0.00000
t                128.881 56358.4836804973024  3237.133                 0.00000
t                168.188 56358.4836839013888  3515.371                 0.00000
t                129.147 56358.4843796939334  1641.504                 0.00000
t                168.053 56358.4843802324304  3917.165                 0.00000
t                129.300 56359.5684021842983  290.078                 0.00000
t                167.893 56359.5684034410846  359.645                 0.00000
t                129.296 56359.5690988671270  920.726                 0.00000
t                167.904 56359.5691001116533  1429.591                 0.00000
t                129.011 56359.5704930964478  281.193                 0.00000
t                167.924 56359.5704933899959  402.424                 0.00000
t                129.217 56359.5711797030941  348.636                 0.00000
t                167.931 56359.5711806285631  348.782                 0.00000
t                129.497 56453.7871512139205  699.842                 0.00000
t                166.825 56453.7871452068048  1079.296                 0.00000
t                129.594 56453.7878475512658  756.539                 0.00000
t                166.829 56453.7878418418510  1031.966                 0.00000
t                129.769 56453.7885435838137  696.069                 0.00000
t                166.818 56453.7885384637651  1871.690                 0.00000
t                128.623 56454.8079863336491  2503.249                 0.00000
t                165.455 56454.8079795948416  3087.549                 0.00000
t                128.425 56454.8086741257952  908.151                 0.00000
t                165.729 56454.8086757295624  1521.342                 0.00000
t                128.411 56454.8093707980105  1859.620                 0.00000
t                165.650 56454.8093725382863  1799.750                 0.00000
t                128.347 56454.8100676486585  1209.924                 0.00000
t                165.425 56454.8100694481306  2148.291                 0.00000
t                127.394 56456.8329811937365  543.839                 0.00000
t                167.220 56456.8329866497301  758.773                 0.00000
t                127.267 56456.8336782318826  1608.944                 0.00000
t                167.166 56456.8336739467629  2404.250                 0.00000
t                127.683 56456.8350701126525  1217.288                 0.00000
t                167.188 56456.8350671429278  1423.260                 0.00000
JUMP
