MODE 1
C GUPPI_J2327+62_0_57072    892.885  57072.5969115602649    0.00  726.55        1
C GUPPI_J2327+62_0_57072    844.600  57072.5969098561919    0.00  624.67        1
C GUPPI_J2327+62_0_57072    794.474  57072.5969115504967    0.00  564.23        1
C GUPPI_J2327+62_0_57072    745.661  57072.5969104663309    0.00  601.21        1
C GUPPI_J2327+62_0_57072    893.068  57072.5979035091845    0.00 1070.00        1
C GUPPI_J2327+62_0_57072    844.419  57072.5979018106596    0.00  780.44        1
C GUPPI_J2327+62_0_57072    794.435  57072.5979034879228    0.00  802.19        1
C GUPPI_J2327+62_0_57072    745.631  57072.5979024046487    0.00  859.42        1
C GUPPI_J2327+62_5_57072    794.429  57072.6079954596357    0.00 1649.33        1
C GUPPI_J2327+62_5_57072    893.249  57072.6089873973234    0.00 2681.76        1
C GUPPI_J2327+62_5_57072    794.375  57072.6089873931109    0.00 1378.16        1
 GUPPI_J2327+62_57078_7    892.476  57078.8383432751484    0.00  376.76        1
 GUPPI_J2327+62_57078_7    844.551  57078.8383415592572    0.00  349.93        1
 GUPPI_J2327+62_57078_7    794.486  57078.8383432530121    0.00  366.42        1
 GUPPI_J2327+62_57078_7    745.506  57078.8383421703080    0.00  472.30        1
 GUPPI_J2327+62_57078_7    892.309  57078.8395046590588    0.00  421.08        1
 GUPPI_J2327+62_57078_7    844.484  57078.8395029297866    0.00  365.49        1
 GUPPI_J2327+62_57078_7    794.496  57078.8395046220488    0.00  401.73        1
C GUPPI_J2327+62_57078_7    745.522  57078.8395035377262    0.00  503.88        1
 GUPPI_J2327+62_57078_7    892.326  57078.8406167376164    0.00  468.91        1
 GUPPI_J2327+62_57078_7    844.681  57078.8406150173790    0.00  391.16        1
 GUPPI_J2327+62_57078_7    794.482  57078.8406167091538    0.00  467.18        1
 GUPPI_J2327+62_57078_7    745.516  57078.8406156272920    0.00  461.03        1
 GUPPI_J2327+62_57101_7    892.987  57101.8423512567349    0.00  326.03        1
 GUPPI_J2327+62_57101_7    844.600  57101.8423495475648    0.00  287.93        1
 GUPPI_J2327+62_57101_7    794.466  57101.8423512468197    0.00  317.06        1
 GUPPI_J2327+62_57101_7    745.502  57101.8423501666444    0.00  400.89        1
 GUPPI_J2327+62_57101_7    892.881  57101.8435156892839    0.00  475.13        1
 GUPPI_J2327+62_57101_7    844.523  57101.8435139840481    0.00  444.72        1
 GUPPI_J2327+62_57101_7    794.477  57101.8435156756456    0.00  425.35        1
 GUPPI_J2327+62_57101_7    745.500  57101.8435146063965    0.00  451.08        1
 GUPPI_J2327+62_57101_7    892.722  57101.8446216118117    0.00  375.76        1
 GUPPI_J2327+62_57101_7    844.646  57101.8446198951421    0.00  294.57        1
 GUPPI_J2327+62_57101_7    794.488  57101.8446215921792    0.00  352.00        1
 GUPPI_J2327+62_57101_7    745.532  57101.8446205085459    0.00  428.12        1
 GUPPI_J2327+62_57131_6    891.970  57131.7454988809592    0.00  347.20        1
 GUPPI_J2327+62_57131_6    844.465  57131.7454971531711    0.00  340.60        1
 GUPPI_J2327+62_57131_6    794.416  57131.7454988396063    0.00  369.91        1
 GUPPI_J2327+62_57131_6    745.570  57131.7454977568407    0.00  364.90        1
 GUPPI_J2327+62_57131_6    891.966  57131.7466632872886    0.00  404.31        1
 GUPPI_J2327+62_57131_6    844.369  57131.7466615725930    0.00  368.88        1
 GUPPI_J2327+62_57131_6    794.410  57131.7466632608376    0.00  348.99        1
 GUPPI_J2327+62_57131_6    745.584  57131.7466621717290    0.00  347.74        1
 GUPPI_J2327+62_57131_6    892.023  57131.7477722545224    0.00  446.40        1
 GUPPI_J2327+62_57131_6    844.281  57131.7477705256449    0.00  322.94        1
 GUPPI_J2327+62_57131_6    794.437  57131.7477722233931    0.00  395.90        1
 GUPPI_J2327+62_57131_6    745.599  57131.7477711323184    0.00  344.88        1
 GUPPI_J2327+62_57161_4    892.665  57161.4674198143002    0.00  359.96        1
 GUPPI_J2327+62_57161_4    844.627  57161.4674180996836    0.00  351.42        1
 GUPPI_J2327+62_57161_4    794.405  57161.4674197988705    0.00  355.15        1
 GUPPI_J2327+62_57161_4    745.497  57161.4674187211894    0.00  388.44        1
 GUPPI_J2327+62_57161_4    892.812  57161.4685872688520    0.00  463.74        1
 GUPPI_J2327+62_57161_4    844.517  57161.4685855582181    0.00  383.52        1
 GUPPI_J2327+62_57161_4    794.436  57161.4685872547891    0.00  419.11        1
C GUPPI_J2327+62_57161_4    745.480  57161.4685861740535    0.00  489.65        1
 GUPPI_J2327+62_57161_4    892.553  57161.4696931198310    0.00  455.98        1
 GUPPI_J2327+62_57161_4    844.668  57161.4696913994514    0.00  369.23        1
 GUPPI_J2327+62_57161_4    794.437  57161.4696931044489    0.00  425.22        1
 GUPPI_J2327+62_57161_4    745.492  57161.4696920246096    0.00  441.10        1
 GUPPI_J2327+62_57192_3    896.355  57192.3992063355807    0.00  469.14        1
 GUPPI_J2327+62_57192_3    843.235  57192.3992047697659    0.00  342.11        1
 GUPPI_J2327+62_57192_3    794.260  57192.3992064238060    0.00  401.96        1
C GUPPI_J2327+62_57192_3    746.120  57192.3992053015740    0.00  625.63        1
C GUPPI_J2327+62_57192_3    896.591  57192.4003768503776    0.00  552.18        1
 GUPPI_J2327+62_57192_3    843.334  57192.4003752711947    0.00  361.03        1
 GUPPI_J2327+62_57192_3    794.279  57192.4003769377218    0.00  424.76        1
C GUPPI_J2327+62_57192_3    746.195  57192.4003758253604    0.00  529.48        1
 GUPPI_J2327+62_57192_3    895.400  57192.4014826965927    0.00  450.46        1
 GUPPI_J2327+62_57192_3    843.554  57192.4014810842084    0.00  469.80        1
 GUPPI_J2327+62_57192_3    794.167  57192.4014827633205    0.00  445.37        1
 GUPPI_J2327+62_57192_3    746.009  57192.4014816501388    0.00  424.19        1
 GUPPI_J2327+62_57220_2    892.566  57220.2880559420414    0.00  361.33        1
 GUPPI_J2327+62_57220_2    844.336  57220.2880542470257    0.00  335.96        1
 GUPPI_J2327+62_57220_2    793.403  57220.2880559656697    0.00  370.16        1
 GUPPI_J2327+62_57220_2    745.617  57220.2880548436726    0.00  410.75        1
 GUPPI_J2327+62_57220_2    892.548  57220.2892233780364    0.00  377.65        1
 GUPPI_J2327+62_57220_2    844.414  57220.2892216626734    0.00  377.04        1
 GUPPI_J2327+62_57220_2    793.370  57220.2892233883043    0.00  385.64        1
 GUPPI_J2327+62_57220_2    745.595  57220.2892222638134    0.00  379.40        1
 GUPPI_J2327+62_57220_2    892.495  57220.2903261101896    0.00  431.13        1
 GUPPI_J2327+62_57220_2    844.458  57220.2903243934704    0.00  449.42        1
 GUPPI_J2327+62_57220_2    793.403  57220.2903261231537    0.00  441.36        1
 GUPPI_J2327+62_57220_2    745.626  57220.2903250016943    0.00  472.37        1
 GUPPI_J2327+62_57249_3    892.860  57249.3682620339680    0.00  427.62        1
 GUPPI_J2327+62_57249_3    844.348  57249.3682603298413    0.00  282.35        1
 GUPPI_J2327+62_57249_3    794.452  57249.3682620240499    0.00  332.80        1
 GUPPI_J2327+62_57249_3    745.511  57249.3682609388586    0.00  402.43        1
 GUPPI_J2327+62_57249_3    893.145  57249.3694232882037    0.00  351.65        1
 GUPPI_J2327+62_57249_3    844.417  57249.3694215934334    0.00  323.64        1
 GUPPI_J2327+62_57249_3    794.444  57249.3694232856535    0.00  305.14        1
 GUPPI_J2327+62_57249_3    745.547  57249.3694221972451    0.00  314.87        1
 GUPPI_J2327+62_57249_3    893.649  57249.3705290951702    0.00  389.77        1
 GUPPI_J2327+62_57249_3    844.251  57249.3705274235985    0.00  417.89        1
 GUPPI_J2327+62_57249_3    794.504  57249.3705291094220    0.00  371.14        1
 GUPPI_J2327+62_57249_3    745.520  57249.3705280323638    0.00  429.20        1
 GUPPI_J2327+62_57278_1    892.139  57278.1660956313949    0.00  406.64        1
 GUPPI_J2327+62_57278_1    844.541  57278.1660939070627    0.00  346.59        1
 GUPPI_J2327+62_57278_1    794.448  57278.1660955997115    0.00  380.78        1
C GUPPI_J2327+62_57278_1    745.576  57278.1660945215873    0.00  504.26        1
 GUPPI_J2327+62_57278_1    892.094  57278.1672538337022    0.00  337.32        1
 GUPPI_J2327+62_57278_1    844.568  57278.1672521115911    0.00  308.41        1
 GUPPI_J2327+62_57278_1    794.408  57278.1672538045336    0.00  367.32        1
 GUPPI_J2327+62_57278_1    745.598  57278.1672527210553    0.00  411.69        1
 GUPPI_J2327+62_57278_1    892.086  57278.1683596606990    0.00  357.88        1
 GUPPI_J2327+62_57278_1    844.438  57278.1683579371547    0.00  382.39        1
C GUPPI_J2327+62_57278_1    794.449  57278.1683596313870    0.00  507.27        1
 GUPPI_J2327+62_57278_1    745.559  57278.1683585531980    0.00  372.41        1
 GUPPI_J2327+62_57289_2    896.208  57289.2321049713674    0.00  340.61        1
 GUPPI_J2327+62_57289_2    842.093  57289.2321034239229    0.00  300.11        1
 GUPPI_J2327+62_57289_2    794.436  57289.2321050430311    0.00  287.61        1
 GUPPI_J2327+62_57289_2    745.814  57289.2321039503018    0.00  310.82        1
 GUPPI_J2327+62_57289_2    896.222  57289.2332755101697    0.00  378.34        1
 GUPPI_J2327+62_57289_2    841.907  57289.2332739683014    0.00  362.02        1
 GUPPI_J2327+62_57289_2    794.452  57289.2332755758145    0.00  328.53        1
 GUPPI_J2327+62_57289_2    745.859  57289.2332744905285    0.00  383.90        1
 GUPPI_J2327+62_57289_2    895.765  57289.2343751880536    0.00  366.91        1
 GUPPI_J2327+62_57289_2    841.833  57289.2343736419072    0.00  379.24        1
 GUPPI_J2327+62_57289_2    794.478  57289.2343752533806    0.00  363.88        1
 GUPPI_J2327+62_57289_2    745.767  57289.2343741603526    0.00  381.52        1
 GUPPI_J2327+62_57290_1    892.551  57290.2214743509686    0.00  334.81        1
 GUPPI_J2327+62_57290_1    843.889  57290.2214726633170    0.00  308.14        1
 GUPPI_J2327+62_57290_1    794.682  57290.2214743277309    0.00  354.23        1
 GUPPI_J2327+62_57290_1    745.473  57290.2214732600309    0.00  403.98        1
 GUPPI_J2327+62_57290_1    892.222  57290.2226387394961    0.00  278.87        1
 GUPPI_J2327+62_57290_1    844.296  57290.2226370243766    0.00  279.43        1
 GUPPI_J2327+62_57290_1    794.586  57290.2226387102417    0.00  275.70        1
 GUPPI_J2327+62_57290_1    745.551  57290.2226376264009    0.00  296.58        1
 GUPPI_J2327+62_57290_1    892.385  57290.2237445774740    0.00  368.58        1
 GUPPI_J2327+62_57290_1    844.257  57290.2237428719499    0.00  330.40        1
 GUPPI_J2327+62_57290_1    794.514  57290.2237445527124    0.00  317.60        1
 GUPPI_J2327+62_57290_1    745.584  57290.2237434675593    0.00  352.17        1
 GUPPI_J2327+62_57292_1    892.023  57292.2290658249112    0.00  294.33        1
 GUPPI_J2327+62_57292_1    844.807  57292.2290640826946    0.00  282.43        1
 GUPPI_J2327+62_57292_1    794.355  57292.2290657878918    0.00  327.99        1
 GUPPI_J2327+62_57292_1    745.615  57292.2290647015357    0.00  329.43        1
 GUPPI_J2327+62_57292_1    892.109  57292.2302271046323    0.00  311.25        1
 GUPPI_J2327+62_57292_1    844.680  57292.2302253763520    0.00  287.29        1
 GUPPI_J2327+62_57292_1    794.352  57292.2302270785961    0.00  298.67        1
 GUPPI_J2327+62_57292_1    745.628  57292.2302259871441    0.00  316.80        1
 GUPPI_J2327+62_57292_1    892.008  57292.2313391236868    0.00  304.37        1
 GUPPI_J2327+62_57292_1    844.678  57292.2313373845281    0.00  286.39        1
 GUPPI_J2327+62_57292_1    794.352  57292.2313390839061    0.00  322.07        1
 GUPPI_J2327+62_57292_1    745.636  57292.2313379997405    0.00  297.81        1
 GUPPI_J2327+62_57293_2    892.255  57293.2340640664732    0.00  379.11        1
 GUPPI_J2327+62_57293_2    844.584  57293.2340623483719    0.00  292.21        1
 GUPPI_J2327+62_57293_2    794.446  57293.2340640522626    0.00  431.53        1
 GUPPI_J2327+62_57293_2    745.913  57293.2340629458069    0.00  406.28        1
 GUPPI_J2327+62_57293_2    892.189  57293.2352315325688    0.00  276.08        1
 GUPPI_J2327+62_57293_2    844.688  57293.2352298027645    0.00  267.53        1
 GUPPI_J2327+62_57293_2    794.464  57293.2352315027507    0.00  284.71        1
 GUPPI_J2327+62_57293_2    745.889  57293.2352304007950    0.00  287.30        1
 GUPPI_J2327+62_57293_2    892.200  57293.2363373759588    0.00  341.79        1
 GUPPI_J2327+62_57293_2    844.632  57293.2363356475327    0.00  311.12        1
 GUPPI_J2327+62_57293_2    794.434  57293.2363373474888    0.00  353.56        1
 GUPPI_J2327+62_57293_2    745.892  57293.2363362415135    0.00  370.99        1
 GUPPI_J2327+62_57297_1    892.864  57297.2233356097896    0.00  359.51        1
 GUPPI_J2327+62_57297_1    844.380  57297.2233339097602    0.00  293.24        1
 GUPPI_J2327+62_57297_1    794.414  57297.2233355960150    0.00  297.50        1
 GUPPI_J2327+62_57297_1    745.949  57297.2233344977305    0.00  318.22        1
 GUPPI_J2327+62_57297_1    892.664  57297.2245030767340    0.00  315.06        1
 GUPPI_J2327+62_57297_1    844.507  57297.2245013612138    0.00  309.32        1
 GUPPI_J2327+62_57297_1    794.455  57297.2245030554361    0.00  354.10        1
 GUPPI_J2327+62_57297_1    745.946  57297.2245019534839    0.00  344.63        1
 GUPPI_J2327+62_57297_1    893.186  57297.2256119996026    0.00  291.13        1
 GUPPI_J2327+62_57297_1    844.562  57297.2256102941506    0.00  268.40        1
 GUPPI_J2327+62_57297_1    794.446  57297.2256119938901    0.00  315.91        1
 GUPPI_J2327+62_57297_1    745.955  57297.2256108869619    0.00  330.71        1
 GUPPI_J2327+62_57307_1    897.268  57307.1950272153600    0.00  383.87        1
 GUPPI_J2327+62_57307_1    841.877  57307.1950256996340    0.00  370.84        1
 GUPPI_J2327+62_57307_1    794.850  57307.1950272949023    0.00  353.60        1
 GUPPI_J2327+62_57307_1    745.217  57307.1950262370091    0.00  377.21        1
 GUPPI_J2327+62_57307_1    898.574  57307.1961915691584    0.00  360.06        1
 GUPPI_J2327+62_57307_1    841.688  57307.1961900943061    0.00  335.05        1
 GUPPI_J2327+62_57307_1    794.959  57307.1961916874073    0.00  351.12        1
 GUPPI_J2327+62_57307_1    745.231  57307.1961906282766    0.00  337.80        1
 GUPPI_J2327+62_57307_1    898.765  57307.1973035843600    0.00  347.66        1
 GUPPI_J2327+62_57307_1    841.530  57307.1973021220133    0.00  310.52        1
 GUPPI_J2327+62_57307_1    795.016  57307.1973037032266    0.00  295.68        1
 GUPPI_J2327+62_57307_1    745.141  57307.1973026668161    0.00  391.43        1
 GUPPI_J2327+62_57308_0    893.003  57308.0446789436485    0.00  292.52        1
 GUPPI_J2327+62_57308_0    844.581  57308.0446772353208    0.00  255.88        1
 GUPPI_J2327+62_57308_0    794.482  57308.0446789294476    0.00  293.79        1
 GUPPI_J2327+62_57308_0    745.583  57308.0446778508061    0.00  308.67        1
 GUPPI_J2327+62_57308_0    893.039  57308.0458433325977    0.00  284.07        1
 GUPPI_J2327+62_57308_0    844.554  57308.0458416261619    0.00  245.48        1
 GUPPI_J2327+62_57308_0    794.498  57308.0458433231041    0.00  278.80        1
 GUPPI_J2327+62_57308_0    745.564  57308.0458422402155    0.00  277.01        1
 GUPPI_J2327+62_57308_0    893.199  57308.0469522712335    0.00  356.15        1
 GUPPI_J2327+62_57308_0    844.569  57308.0469505639086    0.00  312.47        1
 GUPPI_J2327+62_57308_0    794.468  57308.0469522586496    0.00  371.41        1
 GUPPI_J2327+62_57308_0    745.581  57308.0469511759154    0.00  385.16        1
 GUPPI_J2327+62_57339_1    892.411  57339.1267077613190    0.00  322.25        1
 GUPPI_J2327+62_57339_1    844.416  57339.1267060419110    0.00  289.78        1
 GUPPI_J2327+62_57339_1    794.402  57339.1267077337142    0.00  332.22        1
 GUPPI_J2327+62_57339_1    745.543  57339.1267066462550    0.00  332.82        1
 GUPPI_J2327+62_57339_1    892.513  57339.1278690936417    0.00  341.75        1
 GUPPI_J2327+62_57339_1    844.448  57339.1278673781629    0.00  279.13        1
 GUPPI_J2327+62_57339_1    794.383  57339.1278690745132    0.00  249.61        1
 GUPPI_J2327+62_57339_1    745.524  57339.1278679892195    0.00  316.18        1
 GUPPI_J2327+62_57339_1    892.219  57339.1289780837052    0.00  334.91        1
 GUPPI_J2327+62_57339_1    844.484  57339.1289763524776    0.00  289.79        1
 GUPPI_J2327+62_57339_1    794.367  57339.1289780465403    0.00  337.56        1
 GUPPI_J2327+62_57339_1    745.590  57339.1289769573881    0.00  327.32        1
 GUPPI_J2327+62_57367_0    892.291  57367.0584442703497    0.00  289.02        1
 GUPPI_J2327+62_57367_0    844.612  57367.0584425470269    0.00  240.79        1
 GUPPI_J2327+62_57367_0    794.382  57367.0584442456653    0.00  253.73        1
 GUPPI_J2327+62_57367_0    745.499  57367.0584431625038    0.00  248.90        1
 GUPPI_J2327+62_57367_0    892.143  57367.0596087231498    0.00  283.42        1
 GUPPI_J2327+62_57367_0    844.584  57367.0596069953893    0.00  233.55        1
 GUPPI_J2327+62_57367_0    794.328  57367.0596086971463    0.00  222.50        1
 GUPPI_J2327+62_57367_0    745.574  57367.0596076083929    0.00  258.86        1
 GUPPI_J2327+62_57367_0    892.193  57367.0607177175688    0.00  297.36        1
 GUPPI_J2327+62_57367_0    844.625  57367.0607159879309    0.00  305.99        1
 GUPPI_J2327+62_57367_0    794.227  57367.0607177007612    0.00  296.82        1
 GUPPI_J2327+62_57367_0    745.597  57367.0607166031732    0.00  309.54        1
 GUPPI_J2327+62_57397_0    892.721  57397.0790212796194    0.00  267.74        1
 GUPPI_J2327+62_57397_0    844.511  57397.0790195665450    0.00  249.39        1
 GUPPI_J2327+62_57397_0    794.100  57397.0790212771590    0.00  263.82        1
 GUPPI_J2327+62_57397_0    745.540  57397.0790201789732    0.00  275.87        1
 GUPPI_J2327+62_57397_0    892.714  57397.0801857467490    0.00  294.45        1
 GUPPI_J2327+62_57397_0    844.580  57397.0801840306622    0.00  290.64        1
 GUPPI_J2327+62_57397_0    794.096  57397.0801857426255    0.00  267.72        1
 GUPPI_J2327+62_57397_0    745.550  57397.0801846466788    0.00  311.20        1
 GUPPI_J2327+62_57397_0    892.691  57397.0812916736739    0.00  374.61        1
 GUPPI_J2327+62_57397_0    844.511  57397.0812899613646    0.00  336.04        1
 GUPPI_J2327+62_57397_0    794.066  57397.0812916729751    0.00  317.90        1
 GUPPI_J2327+62_57397_0    745.507  57397.0812905701909    0.00  365.63        1
 GUPPI_J2327+62_6_57072    893.150  57072.6102319664376    0.00  424.94        1
 GUPPI_J2327+62_6_57072    844.480  57072.6102302625249    0.00  451.67        1
 GUPPI_J2327+62_6_57072    794.428  57072.6102319621142    0.00  382.40        1
 GUPPI_J2327+62_6_57072    745.706  57072.6102308706542    0.00  437.38        1
 GUPPI_J2327+62_6_57072    893.170  57072.6112208376246    0.00  447.85        1
 GUPPI_J2327+62_6_57072    844.493  57072.6112191172745    0.00  397.22        1
 GUPPI_J2327+62_6_57072    794.408  57072.6112208222476    0.00  428.70        1
C GUPPI_J2327+62_6_57072    745.671  57072.6112197307044    0.00  518.03        1
