MODE 1
EMAX 4000.0
1                819.491 56332.7797612879287  1060.709                 0.00000
1                869.565 56348.8519454998050  1001.516                 0.00000
1                769.728 56348.8519461632809  1050.972                 0.00000
1                869.415 56348.8533390209909  844.385                 0.00000
1                769.728 56348.8533396988620  779.233                 0.00000
1                818.312 56365.8182813037330  2217.591                 0.00000
1                819.312 56365.8193352221648  1482.513                 0.00000
1                869.507 56389.6849679514594  1596.700                 0.00000
1                769.651 56389.6849686259567  1498.714                 0.00000
1                869.617 56389.6863614344720  1617.251                 0.00000
1                769.675 56389.6863621383893  1043.931                 0.00000
C 1                819.260 56406.6585586748674  4447.909                 0.00000
1                818.884 56426.6136574110779  1294.381                 0.00000
1                815.122 56451.5298011954109  999.269                 0.00000
1                870.018 56472.4544456815210  1436.370                 0.00000
1                769.684 56472.4544463567101  1127.686                 0.00000
1                870.025 56472.4558391733794  1306.940                 0.00000
1                769.660 56472.4558398466021  1206.768                 0.00000
1                818.769 56494.4613512332347  2026.281                 0.00000
1                869.501 56520.7390362760055  1199.668                 0.00000
1                769.657 56520.7390369503127  2127.980                 0.00000
1                870.151 56520.7404531183917  1127.946                 0.00000
1                769.632 56520.7404537783871  1850.166                 0.00000
1                819.133 56537.3066153286231  1104.917                 0.00000
1                819.468 56538.2892051770735  1423.237                 0.00000
C 1                870.628 56539.2771637572012  2995.705                 0.00000
C 1                771.394 56539.2771752301593  4508.771                 0.00000
1                870.390 56539.2782113161885  2783.024                 0.00000
C 1                771.153 56539.2782157401829  3190.297                 0.00000
1                869.724 56543.2719639321743  1996.636                 0.00000
1                769.698 56543.2719646549420  2811.512                 0.00000
C 1                869.684 56543.2729946670457  3336.865                 0.00000
1                769.690 56543.2729950412845  4201.667                 0.00000
C 1                819.028 56546.2615719880543  3637.398                 0.00000
C 1                819.643 56546.2884360767147  2073.345                 0.00000
1                869.285 56547.6902851220661  1967.552                 0.00000
1                769.606 56547.6902858183730  2426.897                 0.00000
1                869.354 56547.6916785005925  2503.679                 0.00000
1                769.606 56547.6916791798133  3789.442                 0.00000
1                818.948 56551.2406750624278  1351.483                 0.00000
1                819.444 56555.2278475380917  1536.379                 0.00000
1                819.360 56555.2549312316474  1726.048                 0.00000
C 1                819.061 56585.5099379751806  2401.661                 0.00000
1                819.284 56585.5113600947274  1876.046                 0.00000
1                819.294 56586.2128728873343  2260.311                 0.00000
C 1                819.114 56586.2142606437484  2477.667                 0.00000
C 1                818.640 56608.1198247535104  2976.690                 0.00000
1                818.885 56608.1212124982008  2046.779                 0.00000
1                818.907 56611.5344302602228  1051.923                 0.00000
1                818.926 56611.5358236657338  939.953                 0.00000
C 1                818.777 56637.3752513038736  3284.041                 0.00000
1                818.613 56637.3766411317291  2011.256                 0.00000
C 1                818.500 56638.0178503244249  5825.438                 0.00000
C 1                818.433 56638.0192422298498  4238.016                 0.00000
1                819.498 56669.3517123676563  1868.974                 0.00000
C 1                819.600 56669.3531077656158  6018.882                 0.00000
C 1                818.718 56670.9503499272001  3596.419                 0.00000
C 1                818.793 56670.9517454762189  2726.856                 0.00000
JUMP
t                129.813 56358.4947930736383  1833.160                 0.00000
t                167.698 56358.4947846275137  5040.558                 0.00000
t                129.798 56358.4954840524740  2255.458                 0.00000
C t                167.686 56358.4954755715062  3674.599                 0.00000
t                129.519 56358.4961754081423  2186.556                 0.00000
t                168.028 56358.4961777859362  2187.284                 0.00000
t                129.726 56358.4968776941594  2460.919                 0.00000
t                168.049 56358.4968695361015  11667.535                 0.00000
t                130.009 56358.4975681108933  2363.591                 0.00000
t                167.889 56358.4975714585127  2196.772                 0.00000
t                128.936 56359.6197890655094  1029.374                 0.00000
t                167.895 56359.6197905590579  2002.356                 0.00000
t                128.948 56359.6204916498522  1249.736                 0.00000
t                167.966 56359.6204930919783  1731.992                 0.00000
t                128.899 56359.6211826619187  1601.966                 0.00000
t                167.909 56359.6211840850762  3170.397                 0.00000
t                128.777 56359.6218737510663  1487.642                 0.00000
t                167.964 56359.6218749063758  1450.952                 0.00000
t                128.774 56359.6225763654053  1605.504                 0.00000
t                167.900 56359.6225775687322  1412.516                 0.00000
t                129.068 56452.8989613915883  1301.755                 0.00000
t                168.675 56452.8989624691247  2747.045                 0.00000
t                129.101 56452.8996522191910  2038.633                 0.00000
t                168.679 56452.8996533283567  4792.040                 0.00000
t                129.093 56452.9003431253495  2087.168                 0.00000
t                168.694 56452.9003441400906  3194.706                 0.00000
t                129.029 56452.9010457866691  1783.279                 0.00000
t                168.696 56452.9010467686462  4449.178                 0.00000
t                129.091 56452.9017365703291  2925.267                 0.00000
t                168.698 56452.9017377221738  3540.966                 0.00000
t                128.952 56454.8121555542865  2299.202                 0.00000
t                167.831 56454.8121505558410  4399.079                 0.00000
t                128.866 56454.8128466102141  2214.699                 0.00000
t                167.858 56454.8128479807575  2056.355                 0.00000
t                128.869 56454.8135374267813  2288.250                 0.00000
t                167.924 56454.8135329568281  5120.174                 0.00000
t                128.879 56454.8142399983610  2183.734                 0.00000
t                167.928 56454.8142413306031  5470.133                 0.00000
t                128.855 56454.8149309452721  2210.558                 0.00000
t                167.892 56454.8149324598024  6053.474                 0.00000
t                129.005 56456.8371636345967  2643.673                 0.00000
t                166.804 56456.8371543314530  6594.480                 0.00000
t                129.014 56456.8378544546807  1722.892                 0.00000
t                166.840 56456.8378452296943  2288.590                 0.00000
t                128.908 56456.8385455604387  2808.727                 0.00000
t                166.850 56456.8385360252683  3811.038                 0.00000
t                129.029 56456.8392362210881  3034.977                 0.00000
t                166.817 56456.8392271679460  6367.859                 0.00000
t                129.072 56456.8399386861372  2063.446                 0.00000
t                166.860 56456.8399303566311  5528.186                 0.00000
JUMP
