MODE 1
 GUPPI_GBNCC105506_5666    373.023  56666.0471892377206    0.00  252.83        1
 GUPPI_GBNCC105506_5666    324.974  56666.0471903293486    0.00  198.59        1
 GUPPI_GBNCC105506_5666    373.012  56666.0478351545414    0.00  499.24        1
 GUPPI_GBNCC105506_5666    324.970  56666.0478362365789    0.00  273.55        1
 VEGAS_2353-22_59630_55    378.421  59630.6410187668068    0.00  656.16        1
 VEGAS_2353-22_59630_55    324.631  59630.6410199751039    0.00  269.33        1
 VEGAS_2353-22_59630_55    378.441  59630.6441577247582    0.00  462.90        1
 VEGAS_2353-22_59630_55    324.626  59630.6441589306167    0.00  348.12        1
 VEGAS_2353-22_59721_43    379.003  59721.5030157053805    0.00  464.13        1
 VEGAS_2353-22_59721_43    324.477  59721.5030169268747    0.00  196.80        1
 VEGAS_2353-22_59721_43    379.283  59721.5044106340563    0.00  460.75        1
 VEGAS_2353-22_59721_43    324.449  59721.5044118589192    0.00  190.89        1
 VEGAS_2353-22_59721_43    379.180  59721.5058120288939    0.00  459.69        1
 VEGAS_2353-22_59721_43    324.456  59721.5058132480155    0.00  183.00        1
 VEGAS_2353-22_59721_43    379.379  59721.5072069507555    0.00  536.23        1
 VEGAS_2353-22_59721_43    324.483  59721.5072081761680    0.00  181.54        1
 VEGAS_2353-22_59721_43    379.336  59721.5085437614198    0.00  562.96        1
 VEGAS_2353-22_59721_43    324.459  59721.5085449879060    0.00  220.36        1
 VEGAS_2353-22_59748_34    378.550  59748.3986665543409    0.00  217.85        1
 VEGAS_2353-22_59748_34    324.561  59748.3986677641664    0.00   77.60        1
 VEGAS_2353-22_59748_34    378.692  59748.4009849719719    0.00  221.96        1
 VEGAS_2353-22_59748_34    324.586  59748.4009861821765    0.00   87.12        1
 VEGAS_2353-22_59748_34    378.603  59748.4032646468867    0.00  243.63        1
 VEGAS_2353-22_59748_34    324.582  59748.4032658513314    0.00   87.88        1
 GUPPI_J2353-22_0_57131    863.631  57131.6943700887126    0.00  868.25        1
 GUPPI_J2353-22_0_57131    769.681  57131.6943702358991    0.00 1099.66        1
 GUPPI_J2353-22_0_57131    863.362  57131.6960621305272    0.00  683.76        1
 GUPPI_J2353-22_0_57131    769.698  57131.6960622985895    0.00 1196.72        1
C GUPPI_J2353-22_1_57131    863.711  57131.6979806939454    0.00 2846.97        1
C GUPPI_J2353-22_1_57131    769.803  57131.6979803335533    0.00 2571.37        1
C GUPPI_J2353-22_1_57131    863.444  57131.6996745124727    0.00 1429.83        1
C GUPPI_J2353-22_1_57131    769.715  57131.6996745135808    0.00  761.89        1
C GUPPI_J2353-22_2_57131    863.361  57131.7015889041303    0.00 1796.95        1
C GUPPI_J2353-22_2_57131    769.735  57131.7015930780592    0.00 4739.12        1
C GUPPI_J2353-22_2_57131    863.963  57131.7032824586368    0.00 1747.34        1
C GUPPI_J2353-22_2_57131    769.734  57131.7032842815129    0.00 3864.58        1
 GUPPI_J2353-22_3_57131    863.649  57131.7060013055050    0.00  745.76        1
 GUPPI_J2353-22_3_57131    769.707  57131.7060014603921    0.00 1116.75        1
 GUPPI_J2353-22_57161_3    811.978  57161.4323633946502    0.00  822.90        1
 GUPPI_J2353-22_57192_3    897.258  57192.3690982021388    0.00  587.48        1
 GUPPI_J2353-22_57192_3    843.126  57192.3690982802510    0.00  948.94        1
 GUPPI_J2353-22_57192_3    794.240  57192.3690983693842    0.00  588.55        1
 GUPPI_J2353-22_57192_3    746.129  57192.3690984630519    0.00  436.10        1
 GUPPI_J2353-22_57192_3    896.835  57192.3700346179053    0.00  568.78        1
 GUPPI_J2353-22_57192_3    843.237  57192.3700346977328    0.00  954.35        1
 GUPPI_J2353-22_57192_3    794.250  57192.3700347730338    0.00  505.68        1
 GUPPI_J2353-22_57192_3    746.192  57192.3700348785520    0.00  434.29        1
 GUPPI_J2353-22_57192_3    898.220  57192.3709774669886    0.00  691.28        1
 GUPPI_J2353-22_57192_3    842.702  57192.3709775555186    0.00  965.46        1
 GUPPI_J2353-22_57192_3    794.279  57192.3709776534876    0.00  458.58        1
 GUPPI_J2353-22_57192_3    746.086  57192.3709777553270    0.00  459.64        1
 GUPPI_J2353-22_57192_3    897.171  57192.3717266056056    0.00  869.73        1
C GUPPI_J2353-22_57192_3    842.478  57192.3717266610458    0.00 1541.74        1
 GUPPI_J2353-22_57192_3    794.410  57192.3717267622818    0.00  747.27        1
 GUPPI_J2353-22_57192_3    746.094  57192.3717268747139    0.00  496.89        1
C GUPPI_J2353-22_57220_2    895.727  57220.2589835019936    0.00 6455.63        1
 GUPPI_J2353-22_57220_2    843.542  57220.2589820424917    0.00  836.52        1
 GUPPI_J2353-22_57220_2    794.266  57220.2589821232737    0.00  565.03        1
 GUPPI_J2353-22_57220_2    745.316  57220.2589822264064    0.00  267.00        1
C GUPPI_J2353-22_57220_2    895.327  57220.2599186352760    0.00 3389.31        1
 GUPPI_J2353-22_57220_2    843.634  57220.2599184504766    0.00  744.79        1
 GUPPI_J2353-22_57220_2    794.317  57220.2599185555014    0.00  610.00        1
 GUPPI_J2353-22_57220_2    745.377  57220.2599186601456    0.00  259.67        1
C GUPPI_J2353-22_57220_2    895.398  57220.2608483768124    0.00 2197.59        1
 GUPPI_J2353-22_57220_2    843.332  57220.2608484278597    0.00  736.11        1
 GUPPI_J2353-22_57220_2    794.238  57220.2608485141133    0.00  607.46        1
 GUPPI_J2353-22_57220_2    745.381  57220.2608486199519    0.00  262.84        1
C GUPPI_J2353-22_57220_2    895.261  57220.2616034336297    0.00 1251.50        1
 GUPPI_J2353-22_57220_2    843.322  57220.2616040166250    0.00 1027.45        1
 GUPPI_J2353-22_57220_2    794.347  57220.2616041212761    0.00 1181.24        1
 GUPPI_J2353-22_57220_2    745.354  57220.2616042214243    0.00  351.54        1
C GUPPI_J2353-22_57249_2    865.693  57249.3430524431923    0.00  505.44        1
 GUPPI_J2353-22_57249_2    769.505  57249.3430525725689    0.00  536.15        1
 GUPPI_J2353-22_57278_1    813.138  57278.1376331665302    0.00  572.38        1
 GUPPI_J2353-22_57290_1    812.728  57290.1829771016245    0.00  304.29        1
 GUPPI_J2353-22_57292_1    813.829  57292.1832129376265    0.00  416.58        1
 GUPPI_J2353-22_57293_1    814.367  57293.1862621747040    0.00  731.93        1
 GUPPI_J2353-22_57297_1    866.774  57297.1744930275201    0.00  289.80        1
 GUPPI_J2353-22_57297_1    769.743  57297.1744932006681    0.00  188.10        1
 GUPPI_J2353-22_57297_1    866.785  57297.1789754277029    0.00  243.67        1
 GUPPI_J2353-22_57297_1    769.828  57297.1789755995145    0.00  192.10        1
 GUPPI_J2353-22_57307_1    821.264  57307.1500151492212    0.00  815.10        1
 GUPPI_J2353-22_57308_0    812.641  57308.0170172955862    0.00  616.97        1
 GUPPI_J2353-22_57339_0    814.684  57339.1013834528038    0.00  507.28        1
 GUPPI_J2353-22_57367_0    865.299  57367.0333189282628    0.00  252.26        1
 GUPPI_J2353-22_57367_0    778.104  57367.0333190818249    0.00  623.81        1
 GUPPI_J2353-22_57397_0    896.526  57397.0538461453052    0.00  333.00        1
 GUPPI_J2353-22_57397_0    842.849  57397.0538462198754    0.00  286.37        1
 GUPPI_J2353-22_57397_0    794.093  57397.0538462960009    0.00 1148.83        1
C GUPPI_J2353-22_57397_0    763.114  57397.0538473873627    0.00 2303.32        1
 GUPPI_J2353-22_57397_0    896.706  57397.0555578008220    0.00  414.91        1
 GUPPI_J2353-22_57397_0    843.059  57397.0555578961095    0.00  293.97        1
 GUPPI_J2353-22_57397_0    794.113  57397.0555579962040    0.00  890.69        1
C GUPPI_J2353-22_57397_0    763.133  57397.0555580644971    0.00 2643.44        1
