EFAC 1.5033
 EMAX 3500.0 
 GUPPI_2356+22_57475_4181 345.0859  57475.4843366113534    0.00 6945.77        1
 GUPPI_2356+22_57475_4181 345.0859  57475.4851463757561    0.00 2818.21        1
 GUPPI_2356+22_57475_4181 345.0859  57475.4859560319999    0.00 4677.28        1
 GUPPI_2356+22_57505_3246 345.0859  57505.3760842907123    0.00 1706.28        1
 GUPPI_2356+22_57505_3246 345.0859  57505.3768939541790    0.00 3703.89        1
 GUPPI_2356+22_57505_3246 345.0859  57505.3777248847494    0.00 1782.96        1
 GUPPI_2356+22_57537_2896 345.0859  57537.3356989495258    0.00 1860.56        1
 GUPPI_2356+22_57537_2896 345.0859  57537.3365085922036    0.00 2140.67        1
 GUPPI_2356+22_57537_2896 345.0859  57537.3373182716117    0.00 2651.46        1
 GUPPI_2356+22_57539_2735 345.0859  57539.3169674098685    0.00 2015.47        1
 GUPPI_2356+22_57539_2735 345.0859  57539.3186079589242    0.00 1668.06        1
 GUPPI_2356+22_57541_2742 345.0859  57541.3186440015386    0.00 1867.74        1
 GUPPI_2356+22_57541_2742 345.0859  57541.3194749091728    0.00 2402.21        1
 GUPPI_2356+22_57543_2659 345.0859  57543.3082372149865    0.00 1511.10        1
 GUPPI_2356+22_57543_2659 345.0859  57543.3090469031880    0.00 1456.13        1
 GUPPI_2356+22_57543_2659 345.0859  57543.3098778154136    0.00 1373.92        1
 GUPPI_2356+22_57544_2519 345.0859  57544.2920603633003    0.00 1668.56        1
 GUPPI_2356+22_57544_2519 345.0859  57544.2928699503206    0.00 1425.43        1
 GUPPI_2356+22_57544_2519 345.0859  57544.2936795743873    0.00 2598.55        1
 GUPPI_2356+22_57571_1538 345.0859  57571.1784707398193    0.00 4077.38        1
 GUPPI_2356+22_57571_1538 345.0859  57571.1801111983511    0.00 2466.33        1
 GUPPI_2356+22_57608_1227 345.0859  57608.1425222215295    0.00 3632.96        1
 GUPPI_2356+22_57608_1227 345.0859  57608.1433532951042    0.00 3629.50        1
 GUPPI_2356+22_57608_1227 345.0859  57608.1441627866836    0.00 2247.85        1
 GUPPI_2356+22_57637_8519 345.0859  57637.9864067592218    0.00 2605.05        1
 GUPPI_2356+22_57637_8519 345.0859  57637.9872377488443    0.00 1993.08        1
 GUPPI_2356+22_57637_8519 345.0859  57637.9880473698610    0.00 2242.03        1
 GUPPI_2356+22_57665_8041 345.0859  57665.9320295172269    0.00 3891.44        1
 GUPPI_2356+22_57665_8041 345.0859  57665.9328392188728    0.00 2775.92        1
 GUPPI_GBNCC46218_56477_4 349.9989  56477.4773028944566    0.00 2823.63        1
 GUPPI_GBNCC46218_56477_4 349.9989  56477.4777717334220    0.00 3462.41        1
 GUPPI_GBNCC46828_56480_4 349.9989  56480.5121397110930    0.00 2987.67        1
 GUPPI_GBNCC46828_56480_4 349.9989  56480.5126084406005    0.00 2785.14        1
 GUPPI_GBNCC46828_56480_4 349.9989  56480.5129920015717    0.00 3193.58        1
