1                820.049 56566.3120210934466  8186.25
1                820.049 56566.3133962228981  8534.34
1                820.049 56569.3163734047486 11017.37
1                820.049 56569.3173711406361  7145.09
1                820.049 56597.4766109618862  7828.32
1                820.049 56597.4776086643759 11370.14
1                820.049 56598.5484220992376  9345.51
1                820.049 56603.2440217972726  6715.13
1                820.049 56603.2450194557648  6403.37
1                820.049 56604.1601700248270  9306.88
1                820.049 56604.1611677400482  8111.81
1                820.049 56606.4377695715501 12386.19
1                820.049 56606.4387675726500  8091.09
1                820.049 56616.2174270504521  7782.87
1                820.049 56616.2180474683709  9645.07
1                820.049 56626.4594948940458  7649.48
1                820.049 56626.4604928282379  8767.48
1                820.049 56636.2380831448626  6580.47
1                820.049 56636.2390808691703  6022.09
1                820.049 56669.0625263128042  7835.56
1                820.049 56669.0635240681158  8984.42
1                820.049 56700.9485728567086  8918.37
1                820.049 56700.9495705314353  8640.91
1                820.049 56731.9210786347957  9631.03
1                820.049 56731.9220763464957  8114.14
1                820.049 56760.8379650103768  7783.76
1                820.049 56760.8389627449729 10875.23
1                820.049 56793.5566016602942 36152.92
1                820.049 56793.5575950167404 10909.11
1                820.049 56823.6411271821733  7063.16
1                820.049 56823.6421249125823  7727.26
1                820.049 56856.6349824179229  7863.86
1                820.049 56856.6359801265032  7853.81
